# Internal run number: twoLoop 1924
# All dimensionful quantities in GeV
# Rescaling factor from internal to physical units: 0.822751
# Quantity: ghost dressing function G
# Syntax: p^2 [GeV^2], G
# Cutoff in GeV^2, renormalization constant Zt3: 822751., 0.792527
# Renormalization point: 0.000000822751
# Renormalization value: 3.79048
# Lowest/highest points (extrapolated beyond that): 0.000000822751/8227.51
# alpha(mu)=0.05
#
8.227511974117013e-15	4.999999999999999
8.474337333340522e-15	4.999999999999999
8.638887572822863e-15	4.999999999999999
8.885712932046374e-15	4.999999999999999
9.132538291269883e-15	4.999999999999999
9.379363650493394e-15	4.999999999999999
9.543913889975735e-15	4.999999999999999
9.790739249199244e-15	4.999999999999999
1.0037564608422755e-14	4.999999999999999
1.0366665087387435e-14	4.999999999999999
1.0613490446610946e-14	4.999999999999999
1.0860315805834457e-14	4.999999999999999
1.1189416284799136e-14	4.999999999999999
1.1436241644022646e-14	4.999999999999999
1.1765342122987327e-14	4.999999999999999
1.2012167482210836e-14	4.999999999999999
1.2341267961175518e-14	4.999999999999999
1.2670368440140199e-14	4.999999999999999
1.2999468919104879e-14	4.999999999999999
1.332856939806956e-14	4.999999999999999
1.365766987703424e-14	4.999999999999999
1.3986770355998921e-14	4.999999999999999
1.439814595470477e-14	4.999999999999999
1.4727246433669452e-14	4.999999999999999
1.51386220323753e-14	4.999999999999999
1.5467722511339982e-14	4.999999999999999
1.5879098110045834e-14	4.999999999999999
1.6290473708751685e-14	4.999999999999999
1.6701849307457534e-14	4.999999999999999
1.7195500025904555e-14	4.999999999999999
1.7606875624610404e-14	4.999999999999999
1.8018251223316256e-14	4.999999999999999
1.8511901941763277e-14	4.999999999999999
1.90055526602103e-14	4.999999999999999
1.9499203378657318e-14	4.999999999999999
1.999285409710434e-14	4.999999999999999
2.048650481555136e-14	4.999999999999999
2.098015553399838e-14	4.999999999999999
2.1556081372186573e-14	4.999999999999999
2.2132007210374762e-14	4.999999999999999
2.2707933048562954e-14	4.999999999999999
2.3283858886751143e-14	4.999999999999999
2.385978472493934e-14	4.999999999999999
2.4435710563127528e-14	4.999999999999999
2.509391152105689e-14	4.999999999999999
2.575211247898625e-14	4.999999999999999
2.6410313436915606e-14	4.999999999999999
2.706851439484497e-14	4.999999999999999
2.7726715352774328e-14	4.999999999999999
2.846719143044486e-14	4.999999999999999
2.9207667508115394e-14	4.999999999999999
2.9948143585785926e-14	4.999999999999999
3.068861966345646e-14	4.999999999999999
3.1511370860868156e-14	4.999999999999999
3.233412205827986e-14	4.999999999999999
3.315687325569156e-14	4.999999999999999
3.397962445310326e-14	4.999999999999999
3.488465077025613e-14	4.999999999999999
3.5789677087409e-14	4.999999999999999
3.6694703404561874e-14	4.999999999999999
3.759972972171474e-14	4.999999999999999
3.858703115860879e-14	4.999999999999999
3.957433259550283e-14	4.999999999999999
4.064390915213804e-14	4.999999999999999
4.163121058903208e-14	4.999999999999999
4.2700787145667294e-14	4.999999999999999
4.385263882204367e-14	4.999999999999999
4.4922215378678886e-14	4.999999999999999
4.607406705505527e-14	4.999999999999999
4.730819385117281e-14	4.999999999999999
4.84600455275492e-14	4.999999999999999
4.969417232366675e-14	4.999999999999999
5.101057423952548e-14	4.999999999999999
5.2326976155384196e-14	4.999999999999999
5.364337807124292e-14	4.999999999999999
5.504205510684281e-14	4.999999999999999
5.6440732142442706e-14	4.999999999999999
5.792168429778377e-14	4.999999999999999
5.940263645312483e-14	4.999999999999999
6.088358860846588e-14	4.999999999999999
6.244681588354812e-14	4.999999999999999
6.409231827837153e-14	4.999999999999999
6.573782067319493e-14	4.999999999999999
6.738332306801833e-14	4.999999999999999
6.91111005825829e-14	4.999999999999999
7.092115321688865e-14	4.999999999999999
7.273120585119438e-14	4.999999999999999
7.46235336052413e-14	4.999999999999999
7.651586135928821e-14	4.999999999999999
7.84904642330763e-14	4.999999999999999
8.046506710686438e-14	4.999999999999999
8.252194510039363e-14	4.999999999999999
8.466109821366406e-14	4.999999999999999
8.688252644667565e-14	4.999999999999999
8.910395467968724e-14	4.999999999999999
9.140765803244001e-14	4.999999999999999
9.371136138519277e-14	4.999999999999999
9.609733985768669e-14	4.999999999999999
9.856559344992181e-14	4.999999999999999
1.011161221618981e-13	4.999999999999999
1.0374892599361552e-13	4.999999999999999
1.0638172982533296e-13	4.999999999999999
1.0909680877679159e-13	4.999999999999999
1.1189416284799137e-13	4.999999999999999
1.1477379203893234e-13	4.999999999999999
1.1773569634961445e-13	4.999999999999999
1.2077987578003772e-13	4.999999999999999
1.2382405521046103e-13	4.999999999999999
1.2703278488036667e-13	4.999999999999999
1.3024151455027229e-13	4.999999999999999
1.3361479445966027e-13	4.999999999999999
1.3707034948878942e-13	4.999999999999999
1.4060817963765975e-13	4.999999999999999
1.4414600978653004e-13	4.999999999999999
1.478483901748827e-13	4.999999999999999
1.5163304568297654e-13	4.999999999999999
1.555822514305527e-13	4.999999999999999
1.5953145717812887e-13	4.999999999999999
1.6364521316518736e-13	4.999999999999999
1.6784124427198705e-13	4.999999999999999
1.721195504985279e-13	4.999999999999999
1.7656240696455107e-13	4.999999999999999
1.8108753855031544e-13	4.999999999999999
1.8577722037556215e-13	4.999999999999999
1.9054917732055e-13	4.999999999999999
1.9540340938527903e-13	4.999999999999999
2.0042219168949042e-13	4.999999999999999
2.0560552423318412e-13	4.999999999999999
2.10871131896619e-13	4.999999999999999
2.1630128979953626e-13	4.999999999999999
2.2181372282219462e-13	4.999999999999999
2.2749070608433535e-13	4.999999999999999
2.3333223958595847e-13	4.999999999999999
2.393383233270639e-13	4.999999999999999
2.4550895730765167e-13	4.999999999999999
2.5176186640798057e-13	4.999999999999999
2.58261600867533e-13	4.999999999999999
2.648436104468266e-13	4.999999999999999
2.7167244538534373e-13	4.999999999999999
2.786658305633432e-13	4.999999999999999
2.8582376598082503e-13	4.999999999999999
2.9314625163778916e-13	4.999999999999999
3.0063328753423564e-13	4.999999999999999
3.083671487899056e-13	4.999999999999999
3.1626556028505795e-13	4.999999999999999
3.244107971394338e-13	4.999999999999999
3.32720584233292e-13	4.999999999999999
3.4127719668637367e-13	4.999999999999999
3.499983593789377e-13	4.999999999999999
3.5896634743072527e-13	4.999999999999999
3.681811608417363e-13	4.999999999999999
3.7764279961197085e-13	4.999999999999999
3.873512637414289e-13	4.999999999999999
3.9730655323011053e-13	4.999999999999999
4.0750866807801565e-13	4.999999999999999
4.179576082851442e-13	4.999999999999999
4.2865337385149635e-13	4.999999999999999
4.3967823989681317e-13	4.999999999999999
4.509499313013534e-13	4.999999999999999
4.625507231848584e-13	4.999999999999999
4.743983404275869e-13	4.999999999999999
4.865750581492801e-13	4.999999999999999
4.990808763499379e-13	4.999999999999999
5.119157950295606e-13	4.999999999999999
5.249975390684065e-13	4.999999999999999
5.384906587059584e-13	4.999999999999999
5.523128788224751e-13	4.999999999999999
5.664641994179564e-13	4.999999999999999
5.810268956121433e-13	4.999999999999999
5.959186922852952e-13	4.999999999999999
6.112218645571528e-13	4.999999999999999
6.269364124277163e-13	4.999999999999999
6.429800607772445e-13	4.999999999999999
6.595173598452198e-13	4.999999999999999
6.764660345119007e-13	4.999999999999999
6.938260847772876e-13	4.999999999999999
7.115975106413804e-13	4.999999999999999
7.298625872239202e-13	4.999999999999999
7.486213145249069e-13	4.999999999999999
7.677914174245995e-13	4.999999999999999
7.875374461624804e-13	4.999999999999999
8.07694850499067e-13	4.999999999999999
8.28428180673842e-13	4.999999999999999
8.49737436686805e-13	4.999999999999999
8.715403434182151e-13	4.999999999999999
8.939191759878134e-13	4.999999999999999
9.168739343955998e-13	4.999999999999999
9.404046186415745e-13	4.999999999999999
9.645112287257374e-13	4.999999999999999
9.892760397678295e-13	4.999999999999999
1.01461677664811e-12	4.999999999999999
1.0406979896060609e-12	4.999999999999999
1.0673551284022e-12	4.999999999999999
1.0947527432760097e-12	4.999999999999999
1.1228908342274899e-12	4.999999999999999
1.1516871261368992e-12	4.999999999999999
1.1812238941239795e-12	4.999999999999999
1.2115834133084712e-12	4.999999999999999
1.2426834085706335e-12	4.999999999999999
1.2746061550302074e-12	4.999999999999999
1.307269377567452e-12	4.999999999999999
1.3408376264218496e-12	4.999999999999999
1.3752286264736586e-12	4.999999999999999
1.4105246528426207e-12	4.999999999999999
1.4467257055287354e-12	4.999999999999999
1.483831784532003e-12	4.999999999999999
1.521925164972165e-12	4.999999999999999
1.5610058468492206e-12	4.999999999999999
1.6010738301631707e-12	4.999999999999999
1.6422113900337555e-12	4.999999999999999
1.6843362513412347e-12	4.999999999999999
1.7275306892053492e-12	4.999999999999999
1.7718769787458397e-12	4.999999999999999
1.8173751199627068e-12	4.999999999999999
1.8640251128559503e-12	4.999999999999999
1.91182695742557e-12	4.999999999999999
1.960945203911049e-12	4.999999999999999
2.0112153020729034e-12	4.999999999999999
2.0628840772703585e-12	4.999999999999999
2.1157869792639308e-12	4.999999999999999
2.1700885582931033e-12	4.999999999999999
2.2257888143578756e-12	4.999999999999999
2.2828877474582473e-12	4.999999999999999
2.3414676327139604e-12	4.999999999999999
2.401610745244756e-12	4.999999999999999
2.4632348099308923e-12	4.999999999999999
2.5264221018921107e-12	4.999999999999999
2.591337171367894e-12	4.999999999999999
2.6578154681187595e-12	4.999999999999999
2.7260215423841895e-12	4.999999999999999
2.7959553941641845e-12	4.999999999999999
2.8676992985784845e-12	4.999999999999999
2.941335530746832e-12	4.999999999999999
3.016864090669226e-12	4.999999999999999
3.0942849783456674e-12	4.999999999999999
3.1736804688958963e-12	4.999999999999999
3.255132837439655e-12	4.999999999999999
3.3386420839769424e-12	4.999999999999999
3.4243727587472414e-12	4.999999999999999
3.5122425866308116e-12	4.999999999999999
3.602416117867134e-12	4.999999999999999
3.694811077336468e-12	4.999999999999999
3.7896742903980366e-12	4.999999999999999
3.8869234819321e-12	4.999999999999999
3.986640927058398e-12	4.999999999999999
4.088991176016413e-12	4.999999999999999
4.193974228806147e-12	4.999999999999999
4.301590085427598e-12	4.999999999999999
4.412003296120248e-12	4.999999999999999
4.5252138608840975e-12	4.999999999999999
4.6413863299586305e-12	4.999999999999999
4.760438428224103e-12	4.999999999999999
4.88261698103974e-12	4.999999999999999
5.007921988405543e-12	4.999999999999999
5.1365180005609925e-12	4.999999999999999
5.268322742386346e-12	4.999999999999999
5.403500764121089e-12	4.999999999999999
5.542216616004702e-12	4.999999999999999
5.684470298037185e-12	4.999999999999999
5.830344085338279e-12	4.999999999999999
5.980002528147467e-12	4.999999999999999
6.13344562646475e-12	4.999999999999999
6.2908379305296086e-12	4.999999999999999
6.4523439905815255e-12	4.999999999999999
6.61788153150076e-12	4.999999999999999
6.787779653766276e-12	4.999999999999999
6.961956082258333e-12	4.999999999999999
7.140657642336155e-12	4.999999999999999
7.32388433399974e-12	4.999999999999999
7.511882982608314e-12	4.999999999999999
7.704653588161877e-12	4.999999999999999
7.90244297601965e-12	4.999999999999999
8.105251146181634e-12	4.999999999999999
8.313242648887312e-12	4.999999999999999
8.526582034376166e-12	4.999999999999999
8.745433852887679e-12	4.999999999999999
8.96988037954159e-12	4.999999999999999
9.200086164577384e-12	4.999999999999999
9.436215758234543e-12	4.999999999999999
9.678433710752546e-12	4.999999999999999
9.92682229725114e-12	4.999999999999999
1.0181546067969802e-11	4.999999999999999
1.044285184826776e-11	4.999999999999999
1.071090418838449e-11	4.999999999999999
1.098578536343974e-11	4.999999999999999
1.126774219879273e-11	4.999999999999999
1.1556939244682943e-11	4.999999999999999
1.1853541051349862e-11	4.999999999999999
1.2157712169032968e-11	4.999999999999999
1.2469781698211225e-11	4.999999999999999
1.2789831914004376e-11	4.999999999999999
1.3118027366651906e-11	4.999999999999999
1.3454779431752514e-11	4.999999999999999
1.3800088109306206e-11	4.999999999999999
1.4154200224672202e-11	4.999999999999999
1.451752715344921e-11	4.999999999999999
1.4890068895637227e-11	4.999999999999999
1.5272236826834965e-11	4.999999999999999
1.5664195497281897e-11	4.999999999999999
1.6066191732337254e-11	4.999999999999999
1.647855463248e-11	4.999999999999999
1.6901448747949612e-11	4.999999999999999
1.73352854543448e-11	4.999999999999999
1.778014702678531e-11	4.999999999999999
1.823652711598958e-11	4.999999999999999
1.8704507997077356e-11	4.999999999999999
1.9184583320767085e-11	4.999999999999999
1.9676917637298247e-11	4.999999999999999
2.0181922322269547e-11	4.999999999999999
2.0699926476159957e-11	4.999999999999999
2.1231176924328692e-11	4.999999999999999
2.177608504237446e-11	4.999999999999999
2.2334979930776228e-11	4.999999999999999
2.290819069001296e-11	4.999999999999999
2.3496128695683362e-11	4.999999999999999
2.40991230482664e-11	4.999999999999999
2.4717667398480518e-11	4.999999999999999
2.5352008571684937e-11	4.999999999999999
2.6002722493717853e-11	4.999999999999999
2.6670055989938485e-11	4.999999999999999
2.7354502711065275e-11	4.999999999999999
2.8056556307816683e-11	4.999999999999999
2.8776628155791405e-11	4.999999999999999
2.9515211905707886e-11	4.999999999999999
3.027271893316484e-11	4.999999999999999
3.104964288888071e-11	4.999999999999999
3.184655969869368e-11	4.999999999999999
3.2663880738202465e-11	4.999999999999999
3.3502181933245245e-11	4.999999999999999
3.4362039209660215e-11	4.999999999999999
3.524394621816582e-11	4.999999999999999
3.6148478884600246e-11	4.999999999999999
3.7076213134801683e-11	4.999999999999999
3.8027807169728057e-11	4.999999999999999
3.9003754640097816e-11	4.999999999999999
4.000479602198863e-11	4.999999999999999
4.103150724123869e-11	4.999999999999999
4.208454649880593e-11	4.999999999999999
4.316465427076801e-11	4.999999999999999
4.427248875808286e-11	4.999999999999999
4.5408708161708425e-11	4.999999999999999
4.6574135232842104e-11	4.999999999999999
4.776951044756156e-11	4.999999999999999
4.899549200682474e-11	4.999999999999999
5.025290266182903e-11	4.999999999999999
5.154264743889163e-11	4.999999999999999
5.28655490892099e-11	4.999999999999999
5.422226581374179e-11	4.999999999999999
5.561394946416369e-11	4.999999999999999
5.70412582414335e-11	4.999999999999999
5.850517944698815e-11	4.999999999999999
6.00067003822645e-11	4.999999999999999
6.154680834869946e-11	4.999999999999999
6.312640837261019e-11	4.999999999999999
6.474657003055332e-11	4.999999999999999
6.640828062396573e-11	4.999999999999999
6.811260972940406e-11	4.999999999999999
6.98607091985447e-11	4.999999999999999
7.165364860794428e-11	4.999999999999999
7.349266208439893e-11	4.999999999999999
7.537881920446524e-11	4.999999999999999
7.731343637005912e-11	4.999999999999999
7.929766543285691e-11	4.999999999999999
8.13328227947745e-11	4.999999999999999
8.342022485772773e-11	4.999999999999999
8.55612702987522e-11	4.999999999999999
8.775719324464403e-11	4.999999999999999
9.000947464755856e-11	4.999999999999999
9.231951318453139e-11	4.999999999999999
9.468887208283761e-11	4.999999999999999
9.711911456975229e-11	4.999999999999999
9.961163932231104e-11	4.999999999999999
1.0216817411802842e-10	4.999999999999999
1.0479028218417951e-10	4.999999999999999
1.0747969129827888e-10	4.999999999999999
1.1023821151296085e-10	4.999999999999999
1.1306740605550045e-10	4.999999999999999
1.1596933180389126e-10	4.999999999999999
1.189456342605281e-10	4.999999999999999
1.2199837030340447e-10	4.999999999999999
1.2512943226027444e-10	4.999999999999999
1.2834087700913153e-10	4.999999999999999
1.3163476142796928e-10	4.999999999999999
1.350131423947812e-10	4.999999999999999
1.3847824133780033e-10	4.999999999999999
1.4203227968525966e-10	4.999999999999999
1.4567756114051192e-10	4.999999999999999
1.494163071317902e-10	4.999999999999999
1.5325106818780638e-10	4.999999999999999
1.5718431256215275e-10	4.999999999999999
1.6121842623330182e-10	4.999999999999999
1.6535604200508526e-10	4.999999999999999
1.6959987495645455e-10	4.999999999999999
1.7395264016636117e-10	4.999999999999999
1.7841713498887628e-10	4.999999999999999
1.8299623905319086e-10	4.999999999999999
1.8769283198849579e-10	4.999999999999999
1.9250995797422157e-10	4.999999999999999
1.9745066118979857e-10	4.999999999999999
2.0251823264001645e-10	4.999999999999999
2.0771588105454517e-10	4.999999999999999
2.1304681516305452e-10	4.999999999999999
2.1851465507081323e-10	4.999999999999999
2.2412285633285034e-10	4.999999999999999
2.2987495677931474e-10	4.999999999999999
2.357746587905948e-10	4.999999999999999
2.418258292973184e-10	4.999999999999999
2.4803225295499357e-10	4.999999999999999
2.543979612444877e-10	4.999999999999999
2.6092706792178773e-10	4.999999999999999
2.6762376901800054e-10	4.999999999999999
2.7449226056423286e-10	4.999999999999999
2.815371499671903e-10	4.999999999999999
2.8876271553309934e-10	4.999999999999999
2.9617381149402476e-10	4.999999999999999
3.0377512753179167e-10	4.999999999999999
3.115714356033452e-10	4.999999999999999
3.19567919041229e-10	4.999999999999999
3.277695966277473e-10	4.999999999999999
3.361818162456833e-10	4.999999999999999
3.4480984350270027e-10	4.999999999999999
3.5365935538206053e-10	4.999999999999999
3.6273602886702615e-10	4.999999999999999
3.7204562321597907e-10	4.999999999999999
3.8159414451266027e-10	4.999999999999999
3.9138768111593074e-10	4.999999999999999
4.0143265048513015e-10	4.999999999999999
4.1173538780447877e-10	4.999999999999999
4.223025573586754e-10	4.999999999999999
4.33140905707539e-10	4.999999999999999
4.4425742623624746e-10	4.999999999999999
4.556592768802182e-10	4.999999999999999
4.673536978499887e-10	4.999999999999999
4.793483407316947e-10	4.999999999999999
4.916507748363523e-10	4.999999999999999
5.042689808505767e-10	4.999999999999999
5.172109394609825e-10	4.999999999999999
5.304851250049031e-10	4.999999999999999
5.441000118196719e-10	4.999999999999999
5.580643210679815e-10	4.999999999999999
5.723869384627639e-10	4.999999999999999
5.870772433676695e-10	4.999999999999999
6.021445328712293e-10	4.999999999999999
6.175985154375725e-10	4.999999999999999
6.334491463561879e-10	4.999999999999999
6.497065454668036e-10	4.999999999999999
6.663812439847465e-10	4.999999999999999
6.834838554004634e-10	4.999999999999999
7.010254045799993e-10	4.999999999999999
7.190171632147589e-10	4.999999999999999
7.374706498215059e-10	4.999999999999999
7.563977942926029e-10	4.999999999999999
7.758106910706517e-10	4.999999999999999
7.95721845973853e-10	4.999999999999999
8.16143929370647e-10	4.999999999999999
8.370902698304317e-10	4.999999999999999
8.585741136474857e-10	4.999999999999999
8.806093653170448e-10	4.999999999999999
9.032100938845849e-10	4.999999999999999
9.263909443214201e-10	4.999999999999999
9.501666438739841e-10	4.999999999999999
9.745525779896682e-10	4.999999999999999
9.99564461216343e-10	4.999999999999999
1.025218172652119e-9	4.999999999999999
1.0515303318711835e-9	4.999999999999999
1.0785177229979636e-9	4.999999999999999
1.1061978706329644e-9	4.999999999999999
1.1345882993766909e-9	4.999999999999999
1.1637074388559646e-9	4.999999999999999
1.1935738832478475e-9	4.999999999999999
1.224206884930359e-9	4.999999999999999
1.2556260253819973e-9	4.999999999999999
1.2878516265573385e-9	4.999999999999999
1.3209041749611981e-9	4.999999999999999
1.354805144399829e-9	4.999999999999999
1.3895760909546029e-9	4.999999999999999
1.4252394757332091e-9	4.999999999999999
1.461818088943816e-9	4.999999999999999
1.4993355435457896e-9	4.999999999999999
1.5378158638740943e-9	4.999999999999999
1.5772838147397718e-9	4.999999999999999
1.6177646546045828e-9	4.999999999999999
1.6592844646814854e-9	4.999999999999999
1.7018699021092754e-9	4.999999999999999
1.7455481999525875e-9	4.999999999999999
1.790347578577493e-9	4.999999999999999
1.8362967520007811e-9	4.999999999999999
1.8834251747153197e-9	4.999999999999999
1.9317631239651728e-9	4.999999999999999
1.9813416174704832e-9	4.999999999999999
2.0321926602528307e-9	4.999999999999999
2.084348668709393e-9	4.999999999999999
2.1378433756392638e-9	4.999999999999999
2.1927109252171356e-9	4.999999999999999
2.248986695744497e-9	4.999999999999999
2.306706723723795e-9	4.999999999999999
2.3659081975091528e-9	4.999999999999999
2.4266290459307706e-9	4.999999999999999
2.488908267395406e-9	4.999999999999999
2.5527859298863728e-9	4.999999999999999
2.618303006413302e-9	4.999999999999999
2.685501539562382e-9	4.999999999999999
2.754424723771476e-9	4.999999999999999
2.8251168230550052e-9	4.999999999999999
2.897623171003947e-9	4.999999999999999
2.971990499886314e-9	4.999999999999999
3.048266364721317e-9	4.999999999999999
3.1264998837554424e-9	4.999999999999999
3.20674124481173e-9	4.999999999999999
3.2890420343902596e-9	4.999999999999999
3.373455073117904e-9	4.999999999999999
3.460034498023453e-9	4.999999999999999
3.5488360093629714e-9	4.999999999999999
3.6399166237944406e-9	4.999999999999999
3.733334756652876e-9	4.999999999999999
3.829150551050808e-9	4.999999999999999
3.927425384227565e-9	4.999999999999999
4.028222443475106e-9	4.999999999999999
4.13160647931267e-9	4.999999999999999
4.237643805486767e-9	4.999999999999999
4.346402628071662e-9	4.999999999999999
4.457952716368895e-9	4.999999999999999
4.572365732007762e-9	4.999999999999999
4.689715146670192e-9	4.999999999999999
4.8100763243658665e-9	4.999999999999999
4.933526521432224e-9	4.999999999999999
5.060145133359814e-9	4.999999999999999
5.190013365691821e-9	4.999999999999999
5.323214645399661e-9	4.999999999999999
5.4598345386078676e-9	4.999999999999999
5.599960750594084e-9	4.999999999999999
5.743683290339306e-9	4.999999999999999
5.891094470527884e-9	4.999999999999999
6.042288907547521e-9	4.999999999999999
6.197363850589749e-9	4.999999999999999
6.356418687999218e-9	4.999999999999999
6.519555687749763e-9	4.999999999999999
6.686879586068819e-9	4.999999999999999
6.858497834262763e-9	4.999999999999999
7.034520598716932e-9	4.999999999999999
7.215061007720968e-9	4.999999999999999
7.400234986918588e-9	4.999999999999999
7.590161423857817e-9	4.999999999999999
7.784962332541232e-9	4.999999999999999
7.98476277115084e-9	4.999999999999999
8.189691088873433e-9	4.999999999999999
8.399878925900602e-9	4.999999999999999
8.615461131153602e-9	4.999999999999999
8.836576255934073e-9	4.999999999999999
9.063366307098693e-9	4.999999999999999
9.2959769116094e-9	4.999999999999999
9.534557398808528e-9	4.999999999999999
9.779261129519274e-9	4.999999999999999
1.0030245084670101e-8	4.999999999999999
1.0287670523495705e-8	4.999999999999999
1.0551702818986765e-8	4.999999999999999
1.0822511457889944e-8	4.999999999999999
1.1100270369808381e-8	4.999999999999999
1.138515792720167e-8	4.999999999999999
1.1677357109936119e-8	4.999999999999999
1.1977055587559857e-8	4.999999999999999
1.2284445719302836e-8	4.999999999999999
1.2599725047727557e-8	4.999999999999999
1.2923096051903701e-8	4.999999999999999
1.3254766311958377e-8	4.999999999999999
1.3594948838176594e-8	4.999999999999999
1.3943862153276385e-8	4.999999999999999
1.4301730292408806e-8	4.999999999999999
1.4668783049983294e-8	4.999999999999999
1.5045256226493022e-8	4.999999999999999
1.5431391546239798e-8	4.999999999999999
1.5827436986434516e-8	4.999999999999999
1.6233646941747415e-8	4.999999999999999
1.665028222430808e-8	4.999999999999999
1.7077610392805905e-8	4.999999999999999
1.7515905999315468e-8	4.999999999999999
1.7965450342471164e-8	4.999999999999999
1.8426532207943283e-8	4.999999999999999
1.8899447703887773e-8	4.999999999999999
1.9384500590046725e-8	4.999999999999999
1.988200227774835e-8	4.999999999999999
2.0392272323557727e-8	4.999999999999999
2.0915638347001665e-8	4.999999999999999
2.145243660649455e-8	4.999999999999999
2.200301167023785e-8	4.999999999999999
2.256771732124646e-8	4.999999999999999
2.3146915981422835e-8	4.999999999999999
2.3740979781133563e-8	4.999999999999999
2.435029014783377e-8	4.999999999999999
2.497523846426806e-8	4.999999999999999
2.5616225986195413e-8	4.999999999999999
2.6273664418315013e-8	4.999999999999999
2.6947975996541372e-8	4.999999999999999
2.763959373482969e-8	4.999999999999999
2.8348961672001204e-8	4.999999999999999
2.907653561221928e-8	4.999999999999999
2.98227826313387e-8	4.999999999999999
3.058818198193195e-8	4.999999999999999
3.137322534011459e-8	4.999999999999999
3.217841664099505e-8	4.999999999999999
3.3004273230526263e-8	4.999999999999999
3.3851325289579836e-8	4.999999999999999
3.472011698579774e-8	4.999999999999999
3.5611206062216694e-8	4.999999999999999
3.6525164824569624e-8	4.999999999999999
3.746258038811101e-8	4.999999999999999
3.842405459534174e-8	4.999999999999999
3.9410204921035475e-8	4.999999999999999
4.0421664719064e-8	4.999999999999999
4.145908363377278e-8	4.999999999999999
4.252312776453124e-8	4.999999999999999
4.361448048848394e-8	4.999999999999999
4.473384278965109e-8	4.999999999999999
4.588193334120362e-8	4.999999999999999
4.705948957503978e-8	4.999999999999999
4.8267267681785105e-8	4.999999999999999
4.950604335126852e-8	4.999999999999999
5.077661210162278e-8	4.999999999999999
5.207978985521038e-8	4.999999999999999
5.341641359682445e-8	4.999999999999999
5.478734170278924e-8	4.999999999999999
5.619345451688597e-8	4.999999999999999
5.763565517310407e-8	4.999999999999999
5.9114869760191316e-8	4.999999999999999
6.063204830895537e-8	4.999999999999999
6.218816503908909e-8	4.999999999999999
6.37842194287471e-8	4.999999999999999
6.542123646137111e-8	4.999999999999999
6.710026736616608e-8	4.999999999999999
6.882239052312644e-8	4.999999999999999
7.058871179213663e-8	4.999999999999999
7.240036558254766e-8	4.999999999999999
7.425851534682777e-8	4.999999999999999
7.616435432103858e-8	4.999999999999999
7.811910651213646e-8	4.999999999999999
8.012402727389846e-8	4.999999999999999
8.218040421194848e-8	4.999999999999999
8.428955784195842e-8	4.999999999999999
8.645284274149963e-8	4.999999999999999
8.867164820824412e-8	4.999999999999999
9.094739916499065e-8	4.999999999999999
9.328155706469121e-8	4.999999999999999
9.567562096002747e-8	4.999999999999999
9.813112824388692e-8	4.999999999999999
1.0064965596576474e-7	4.999999999999999
1.0323282157223994e-7	4.999999999999999
1.0588228389427674e-7	4.999999999999999
1.0859974438135139e-7	4.999999999999999
1.1138694841785405e-7	4.999999999999999
1.1424568573446449e-7	4.999999999999999
1.1717779230047973e-7	4.999999999999999
1.2018515122884036e-7	4.999999999999999
1.23269693681157e-7	4.999999999999999
1.2643340076003787e-7	4.999999999999999
1.2967830416728988e-7	4.999999999999999
1.3300648768487067e-7	4.999999999999999
1.3642008882039117e-7	4.999999999999999
1.399212997121417e-7	4.999999999999999
1.4351236893914487e-7	4.999999999999999
1.4719560267300696e-7	4.999999999999999
1.5097336632342054e-7	4.999999999999999
1.5484808601911656e-7	4.999999999999999
1.5882225008881646e-7	4.999999999999999
1.6289841070673458e-7	4.999999999999999
1.670791857026309e-7	4.999999999999999
1.713672599604879e-7	4.999999999999999
1.7576538731083845e-7	4.999999999999999
1.8027639225854321e-7	4.999999999999999
1.849031717928435e-7	4.999999999999999
1.8964869719741357e-7	4.999999999999999
1.9451601618951398e-7	4.999999999999999
1.9950825456549398e-7	4.999999999999999
2.0462861833994451e-7	4.999999999999999
2.0988039588485138e-7	4.999999999999999
2.1526695982192305e-7	4.999999999999999
2.207917695731192e-7	4.999999999999999
2.2645837308842852e-7	4.999999999999999
2.3227040956094739e-7	4.999999999999999
2.382316114837579e-7	4.999999999999999
2.443458072004568e-7	4.999999999999999
2.506169232088586e-7	4.999999999999999
2.5704898704062494e-7	4.999999999999999
2.6364612915359206e-7	4.999999999999999
2.7041258646960127e-7	4.999999999999999
2.77352704431377e-7	4.999999999999999
2.8447093988215546e-7	4.999999999999999
2.917718643566899e-7	4.999999999999999
2.9926016646722926e-7	4.999999999999999
3.069406552767973e-7	4.999999999999999
3.1481826326109776e-7	4.999999999999999
3.2289804935269317e-7	4.999999999999999
3.3118520264338564e-7	4.999999999999999
3.396850450170206e-7	4.999999999999999
3.484030350986923e-7	4.999999999999999
3.573447717925742e-7	4.999999999999999
3.665159974906488e-7	4.999999999999999
3.759226019396378e-7	4.999999999999999
3.855706261902082e-7	4.999999999999999
3.954662661348023e-7	4.999999999999999
4.056158770327694e-7	4.999999999999999
4.160259768013707e-7	4.999999999999999
4.2670325103456087e-7	4.999999999999999
4.376545566230946e-7	4.999999999999999
4.488869266910326e-7	4.999999999999999
4.6040757462722315e-7	4.999999999999999
4.7222389902180875e-7	4.999999999999999
4.843434885204589e-7	4.999999999999999
4.967741263495012e-7	4.999999999999999
5.095237954992537e-7	4.999999999999999
5.22600683907358e-7	4.999999999999999
5.360131896421113e-7	4.999999999999999
5.49769926332625e-7	4.999999999999999
5.638797285167065e-7	4.999999999999999
5.783516577292185e-7	4.999999999999999
5.931950078499624e-7	4.999999999999999
6.084193114388615e-7	4.999999999999999
6.240343455774951e-7	4.999999999999999
6.400501382865579e-7	4.999999999999999
6.564769751078691e-7	4.999999999999999
6.733254054395571e-7	4.999999999999999
6.90606249364894e-7	4.999999999999999
7.083306048102316e-7	4.999999999999999
7.265098545383861e-7	4.999999999999999
7.451556732242985e-7	4.999999999999999
7.642800353534461e-7	4.999999999999999
7.838952227911538e-7	4.999999999999999
8.040138324341797e-7	4.999999999999999
8.246487846850528e-7	4.9999999224761424
8.458133313504843e-7	4.999999027015386
8.675210644448061e-7	4.999998053226086
8.897859248288571e-7	4.999997001037652
9.126222110956972e-7	4.999995870377677
9.360445888676951e-7	4.9999946611718995
9.600681001758932e-7	4.9999933733441475
9.847081730039194e-7	4.999992006816298
1.009980631325554e-6	4.999990561508223
1.0359017053891179e-6	4.999989037337738
1.0624880417550377e-6	4.999987434220546
1.089756714402988e-6	4.999985752070192
1.11772523534538e-6	4.999983990797999
1.1464115662281553e-6	4.999982150313015
1.1758341296024747e-6	4.999980230521955
1.2060118206900634e-6	4.9999782313291385
1.236964019889027e-6	4.99997615263643
1.2687106048682951e-6	4.999973994343177
1.3012719634848141e-6	4.999971756346141
1.3346690067830183e-6	4.999969438539438
1.368923182652497e-6	4.999967040814465
1.4040564892388405e-6	4.999964563059832
1.4400914893417866e-6	4.9999620051612865
1.4770513249779153e-6	4.999959367001654
1.5149597319433463e-6	4.999956648460743
1.5538410551169105e-6	4.999953849415282
1.5937202645037982e-6	4.999950969738837
1.634622970621008e-6	4.999948009301726
1.6765754415282946e-6	4.999944967970943
1.7196046192831931e-6	4.999941845610066
1.7637381375478972e-6	4.999938642079174
1.809004339113855e-6	4.999935357234752
1.8554322942491252e-6	4.999931990929608
1.9030518191280014e-6	4.999928543012766
1.9518934954947665e-6	4.999925013329381
2.001988689669246e-6	4.999921401720633
2.0533695730333097e-6	4.999917708023624
2.1060691427642072e-6	4.999913932071276
2.1601212428969944e-6	4.999910073692228
2.2155605858806153e-6	4.999906132710717
2.272422775285836e-6	4.999902108946471
2.3307443283486293e-6	4.999898002214593
2.390562699583129e-6	4.99989381232544
2.451916304559145e-6	4.9998895390845
2.5148445450783465e-6	4.999885182292275
2.5793878339390746e-6	4.999880741744144
2.6455876212643793e-6	4.999876217230236
2.7134864209946096e-6	4.999871608535293
2.783127838038202e-6	4.9998669154259305
2.854556596738872e-6	4.999862136377533
2.9278185688491554e-6	4.999857267482446
3.002960803807652e-6	4.999852304569904
3.080031558358068e-6	4.999847243463027
3.1590803277314873e-6	4.9998420799786665
3.2401578776513945e-6	4.999836809927247
3.3233162765855172e-6	4.999831429112598
3.4086089293140798e-6	4.999825933331786
3.4960906113208017e-6	4.999820318374934
3.5858175038420974e-6	4.999814580025064
3.67784723006813e-6	4.999808714057886
3.772238892002065e-6	4.999802716241637
3.869053108635727e-6	4.999796582336871
3.968352054536627e-6	4.999790308096269
4.070199500080499e-6	4.999783889264441
4.174660852424313e-6	4.999777321577709
4.281803197219751e-6	4.999770600763906
4.39169534188993e-6	4.999763722542146
4.504407859975685e-6	4.999756682622612
4.6200131358932375e-6	4.9997494767063175
4.73858541224239e-6	4.999742100484878
4.860200836867891e-6	4.999734549640268
4.98493751181313e-6	4.999726819844569
5.112875543754797e-6	4.999718906759725
5.244097095342541e-6	4.999710806037274
5.378686437772783e-6	4.999702513318086
5.51673000517257e-6	4.999694024232086
5.658316449970722e-6	4.999685334397977
5.803536699832225e-6	4.9996764394229505
5.952484016073557e-6	4.999667334902389
6.105254053476708e-6	4.999658016419568
6.261944921995515e-6	4.999648479545337
6.422657249449303e-6	4.999638719837817
6.587494246191133e-6	4.999628732842055
6.756561771668369e-6	4.999618514089698
6.929968401888281e-6	4.99960805909865
7.107825499763268e-6	4.999597363372722
7.290247286196565e-6	4.99958642240126
7.4773509134716465e-6	4.999575231658784
7.66925654078079e-6	4.999563786604609
7.866087411070035e-6	4.999552082682443
8.06796993018785e-6	4.9995401153199985
8.275033748419776e-6	4.9995278799285785
8.48741184342174e-6	4.999515371902656
8.705240605621648e-6	4.999502586619439
8.92865992592464e-6	4.999489519438434
9.157813285722085e-6	4.999476165700988
9.392847848546061e-6	4.99946252063735
9.63391455509712e-6	4.999448576661013
9.881168219917553e-6	4.999434322935353
0.000010134767630615173	4.999419748424061
0.000010394875650460415	4.999404842070224
0.000010661659322299785	4.9993895927958
0.000010935289976254007	4.999373989501069
0.000011215943339555305	4.999358021064093
0.000011503799649511144	4.999341676340131
0.000011799043769265319	4.999324944161063
0.000012101865306191852	4.99930781333479
0.000012412458734238105	4.999290272644614
0.000012731023518407022	4.99927231084862
0.000013057764242859498	4.999253916679013
0.0000133928907424723	4.999235078841471
0.000013736618237522429	4.999215786014454
0.000014089167471909321	4.999196026848511
0.000014450764854914891	4.999175789965568
0.000014821642606419102	4.999155063958189
0.000015202038906558423	4.999133837388824
0.000015592198047934795	4.999112098789042
0.00001599237059325475	4.999089836658741
0.00001640281353576591	4.999067039465324
0.000016823790464218595	4.999043695642883
0.000017255571732763953	4.999019793591336
0.000017698434633813968	4.998995321675556
0.000018152663576660764	4.9989702682244666
0.00001861855026979826	4.998944621530128
0.000019096393908591727	4.998918369846792
0.000019586501367061073	4.9988915013899335
0.00002008918739517661	4.998864004335249
0.00002060477482092672	4.99883586681765
0.000021133594757651175	4.998807076930215
0.000021675986816804583	4.998777622723111
0.00002223229932582092	4.9987474922025035
0.000022802889551901845	4.998716673329422
0.000023388123931646555	4.998685154018617
0.000023988378305947273	4.998652922137354
0.00002460403816196034	4.998619965504217
0.00002523549888009617	4.998586271887852
0.00002588316598824933	4.998551829005692
0.00002654745542211703	4.998516624522645
0.00002722879379251101	4.998480646049745
0.00002792761865892227	4.998443881142781
0.00002864437881098431	4.998406317300874
0.000029379534556353712	4.998367941965032
0.000030133558016489242	4.99832874251666
0.000030906933429917926	4.998288706276035
0.0000317001574629059	4.998247819762798
0.00003251373952876815	4.998206059298647
0.00003334820211482984	4.998163393778304
0.00003420408111794426	4.998119791863327
0.000035081926188896436	4.9980752221459825
0.00003598230108503437	4.99802965314747
0.000036905784032526314	4.997983053316107
0.000037852968097832974	4.99793539102547
0.00003882446156814767	4.997886634572481
0.00003982088834253223	4.997836752175451
0.00004084288833226773	4.997785711972077
0.0000418911178719833	4.997733482017365
0.00004296625014090468	4.997680030281541
0.000044068975595621404	4.997625324647863
0.000045200002412973725	4.997569332910419
0.00004636005694528089	4.997512022771833
0.000047549884186594216	4.997453361840945
0.00004877024825112693	4.997393317630402
0.000050021932864025245	4.997331857554208
0.000051305741864809815	4.997268948925207
0.00005262249972340532	4.9972045589524985
0.00005397305206958081	4.997138654738783
0.00005535826623621236	4.997071203277659
0.000056779031816367865	4.9970021714508235
0.00005823626123404962	4.996931526025228
0.000059730890331062665	4.996859233650139
0.00006126387896704728	4.996785260854148
0.00006283621163670692	4.996709574042075
0.00006444889810159888	4.996632139491828
0.00006610297403862676	4.996552923351149
0.00006779950170539934	4.996471891634308
0.00006953957062229143	4.996389010218685
0.00007132429827202905	4.996304244841286
0.00007315483081753997	4.996217561095165
0.00007503234383790462	4.996128924425741
0.00007695804308331264	4.996038300127044
0.00007893316524951843	4.995945653337855
0.00008095897877179624	4.995850949037738
0.00008303678464003969	4.9957541520429904
0.0000851679172335251	4.995655227002477
0.00008735374517871196	4.995554138393361
0.00008959567222736527	4.99545085051673
0.00009189513815861992	4.99534532749311
0.00009425361970350624	4.995237533257862
0.00009667263149300617	4.995127431556462
0.00009915372703120342	4.995014985939668
0.00010169849969270474	4.994900159758554
0.00010430858374581325	4.9947829161594335
0.00010698565540227678	4.994663214062733
0.00010973143389377549	4.994540982417063
0.00011254768257588942	4.994416136583652
0.000115436210060451	4.994288591634162
0.00011839887137735191	4.9941582624086625
0.00012143756916564019	4.994025063509748
0.00012455425489530555	4.993888909296537
0.00012775093012090552	4.993749713878478
0.0001310296477665382	4.993607391109036
0.0001343925134445479	4.993461854579199
0.00013784168680755214	4.993313017610836
0.000141379382935518	4.9931607932498725
0.0001450078737583811	4.993005094259304
0.0001487294895149481	4.992845833112035
0.0001525466202492343	4.992682921983536
0.00015646171734571722	4.992516272744311
0.00016047729510350675	4.992345796952181
0.00016459593235082956	4.992171405844382
0.00016882027410147427	4.991993010329443
0.0001731530332532789	4.991810520978883
0.00017759699233038887	4.9916238480186905
0.00018215500527027261	4.99143290132058
0.0001868299992562352	4.99123759039305
0.00019162497659781634	4.9910378243722
0.00019654301665841413	4.990833512012324
0.00020158727783309668	4.990624561676272
0.00020676099957693043	4.990410881325561
0.00021206750448538917	4.9901923785102476
0.00021751020042791222	4.989968960358544
0.0002230925827367517	4.989740533566175
0.00022881823645160248	4.989507004385468
0.00023469083862198904	4.989268278614171
0.0002407141606684792	4.9890242615839995
0.0002468920708049458	4.988774858148876
0.0002532285365226172	4.988519972672905
0.0002597276271381379	4.988259509018028
0.0002663935164067904	4.987993370531372
0.00027323048520301916	4.9877214600323
0.00028024292426948895	4.9874436797991155
0.0002874353370370644	4.987159931555456
0.0002948123425166163	4.986870116456334
0.0003023786782656974	4.9865741350738455
0.0003101392034309945	4.986271887382505
0.0003180989018686121	4.985963272744232
0.00032626288534506827	4.985648189892962
0.0003346363968199897	4.985326536918868
0.00034322481381297414	4.984998211252198
0.0003520336518574175	4.984663109646715
0.00036106856804245805	4.984321110636617
0.00037033536464583394	4.98397201672905
0.0003798399928603708	4.983615609478301
0.00038958855661590697	4.983251669696082
0.0003995873164988813	4.9828799774333525
0.0004098426937735287	4.982500311961456
0.00042036127450501584	4.982112451752792
0.0004311498137896989	4.981716174461015
0.0004422152400925853	4.981311256900759
0.00045356465969751287	4.980897475026873
0.00046520536127029244	4.98047460391315
0.0004771448205399153	4.980042417730548
0.0004893907050993886	4.9796006897248795
0.0005019508793297372	4.979149192193974
0.0005148334094509549	4.9786876964642754
0.0005280465687017996	4.97821597286689
0.000541598842652956	4.977733790713056
0.0005554989346567745	4.977240918269023
0.0005697557714364675	4.976737122730324
0.0005843785088187924	4.97622217019545
0.0005993765376141728	4.975695825638872
0.0006147594896473817	4.975157852883435
0.0006305372439433146	4.974608014572087
0.0006467199330711416	4.9740460721389335
0.0006633179496518583	4.973471785779613
0.0006803419530318667	4.972884914420956
0.0006978028761293359	4.972285215689931
0.0007157119324544903	4.97167244588185
0.0007340806233118096	4.971046359927835
0.0007529207451856191	4.970406711361493
0.0007722443973160652	4.969753252284827
0.000792063989469507	4.969085733333323
0.0008123922499078484	4.96840390364024
0.000833242233562901	4.967707510800039
0.0008546273304203827	4.966996300830959
0.0008765612741187381	4.966270018136733
0.000899058150769277	4.96552840546738
0.0009221324080023252	4.964771203879112
0.0009457988642453886	4.963998152693279
0.0009700727182399168	4.963208989454387
0.000994969558801683	4.96240344988711
0.001020505374832267	4.961581267852333
0.001046696565587237	4.960742175302168
0.001073559951207612	4.959885902233917
0.0011011127835223384	4.9590121766429975
0.0011293727571267166	4.9581207244747745
0.0011583580207469811	4.957211269575276
0.0011880871888945716	4.956283533515085
0.0012185793538211193	4.95533718246158
0.0012498540977794953	4.954371744780173
0.0012819315055992361	4.953386725278453
0.0013148321775858808	4.952381626430078
0.0013485772427498256	4.9513559483202005
0.0013831883723761217	4.950309188589722
0.001418687793941561	4.94924084237835
0.001455098305389324	4.948150402266411
0.0014924432897701696	4.947037358215439
0.0015307467302588767	4.945901197507479
0.001570033225556723	4.944741404683112
0.0016103280056884723	4.943557461478154
0.0016516569482058021	4.942348846759035
0.0016940465948054777	4.941115036456801
0.0017375241683749482	4.93985550349976
0.001782117590474985	4.938569717744696
0.0018278554992709718	4.937257145906681
0.0018747672679245973	4.935917251487428
0.001922883023457406	4.934549494702163
0.001972233666098694	4.933153332405021
0.002022850889129613	4.9317282180129105
0.0020747671992369615	4.930273601427837
0.0021280159373891013	4.928788928957673
0.002182631300247808	4.927273643235334
0.0022386483621294768	4.925727183136343
0.0022961030975299935	4.9241489836947725
0.0023550324042279965	4.922538476017528
0.0024154741269806915	4.920895087196956
0.002477467081828002	4.919218240221755
0.002541051081020448	4.917507353886174
0.002606266958587048	4.915761842697457
0.0026731565965587008	4.913981116781543
0.0027417629518656514	4.912164581786985
0.0028121300839240903	4.9103116387870465
0.002884303182931884	4.90842168418001
0.0029583285988898913	4.9064941095876335
0.003034253871367783	4.904528301751738
0.0031121277600350225	4.902523642428954
0.0031920002759737902	4.900479508283541
0.0032739227137968865	4.898395270778338
0.003357947684589537	4.896270296063772
0.0034441291496961637	4.894103944864938
0.0035325224553749974	4.8918955723667406
0.003623184368341501	4.889644528097075
0.003716173112224561	4.887350155808043
0.0038115484049580594	4.885011793355193
0.003909371497131776	4.882628772574771
0.004009705211327205	4.8802004181158845
0.0041126139824625586	4.877725984315415
0.004218163899173038	4.875204619034965
0.004326422746253688	4.872635454968945
0.004437460048190756	4.87001761823049
0.004551347113811322	4.867350228221875
0.004668157082077718	4.8646323975032
0.004787964969058146	4.86186323165936
0.004910847716102214	4.859041829165337
0.005036884239253403	4.85616728124983
0.005166155479929218	4.8532386717572615
0.005298744456902287	4.8502550770081765
0.0054347363196157	4.847215565658091
0.005574218402866187	4.844119198554815
0.0057172802828913925	4.8409650285943036
0.0058640138348957345	4.837752100575081
0.006014513292054091	4.834479451051295
0.00616887530602811	4.831146108184448
0.00632719900903678	4.827751091593893
0.006489586077519857	4.8242934122061385
0.006656140797434922	4.820772072103044
0.00682697013123058	4.817186064368999
0.007002183786538187	4.813534372937155
0.007181894286627012	4.8098159724348095
0.0073662170426672885	4.806029828028049
0.007555270427847759	4.802174895265752
0.007749175853395909	4.798250119923055
0.007948057846548865	4.794254437844432
0.008152044130525641	4.790186774786487
0.008361265706551633	4.786046046260615
0.008575856937988478	4.781831157375677
0.00879595563662288	4.777541002680855
0.009021703151170533	4.773174466008816
0.009253244458050675	4.768730420319416
0.009490728254491152	4.764207727544095
0.009734307054022284	4.759605238431157
0.00998413728442276	4.754921792392175
0.010240379388177382	4.750156217349718
0.010503197925515231	4.745307329586633
0.010772761680090658	4.7403739335971435
0.011049243767377369	4.735354821940014
0.011332821745844174	4.73024877509405
0.011623677730983937	4.7250545613162425
0.01192199851226972	4.719770936502827
0.012227975673111648	4.714396644053607
0.012541805713893203	4.708930414739856
0.012863690178164775	4.703370966576161
0.013193835782076275	4.697717004696567
0.013532454547131464	4.691967236849464
0.013879763936349454	4.6861207049592695
0.01423598699392075	4.680176778032911
0.014601352488447529	4.674134825035986
0.014976095059860334	4.667994200387453
0.015360455370105199	4.661754243802078
0.015754680257698293	4.655414280137099
0.016159022896246863	4.64897361924349
0.016573742957039124	4.642431555822275
0.016999106775806603	4.635787369286322
0.01743538752376656	4.629040323628109
0.017882865383054267	4.622189667293901
0.018341827726657448	4.61523463306494
0.01881256930296942	4.608174437946071
0.01929539242507773	4.601008283062459
0.019790607164911968	4.593735353564923
0.020298531552373072	4.586354818544523
0.020819491779575334	4.578865830957007
0.021353822410327378	4.571267527557811
0.021901866594992513	4.563559028848268
0.022463976290860815	4.555739439033752
0.023040512488179208	4.547807845994488
0.023631845441980534	4.539763321269825
0.024238354909864826	4.531604920056729
0.02486043039588061	4.523331681223353
0.02549847140066784	4.514942627338527
0.026152887678019057	4.50643676471807
0.02682409949802588	4.497813083488818
0.027512537916978868	4.489070557671331
0.028218645054195045	4.480208145282263
0.028942874375948696	4.4712247884574
0.029685690986690997	4.46211941359639
0.03044757192774215	4.452890931530281
0.03122900648365105	4.443538237712911
0.03203049649641605	4.4340602124373545
0.03285255668777108	4.424455721078529
0.033695714989743566	4.4147236143631865
0.034560512883694855	4.404862728668538
0.03544750574806331	4.3948718863507015
0.03635726321503151	4.384749896104347
0.03729036953634753	4.374495553354757
0.03824742395853487	4.364107640683716
0.03922904110773244	4.353584928290533
0.04023585138441058	4.342926174489657
0.04126850136821921	4.332130126246192
0.04232765423322361	4.321195519750862
0.04341399017380053	4.310121081035745
0.04452820684146142	4.298905526632374
0.04567101979288999	4.287547716057268
0.04684316294947591	4.276048154753694
0.048045389068644424	4.26440834992438
0.04927847022728065	4.252629803744803
0.05054319831756367	4.240713998560897
0.05184038555552231	4.228662397040284
0.05317086500264754	4.216476442346042
0.05453549110088731	4.204157558333998
0.055935140221376585	4.19170714977441
0.057370711227245914	4.179126602598996
0.05884312605087898	4.166417284174251
0.060353330285981194	4.1535805436020015
0.06190229379484738	4.140617712048101
0.06349101133121157	4.127530103100303
0.0651205031790856	4.114319013156138
0.06679181580798989	4.100985721841859
0.06850602254500432	4.087531492463276
0.07026422426406351	4.073957572489478
0.07206755009294659	4.060265194070318
0.07391715813840807	4.046455574588537
0.07581423622992266	4.0325299172474045
0.07776000268251507	4.018489411694732
0.07975570707917086	4.004335234684012
0.08180263107332422	3.9900685507735156
0.0839020892119458	3.975690513064019
0.08605542977975084	3.9612022639759017
0.08826403566507623	3.946604936066189
0.09052932524798135	3.931899652886157
0.0928527533111375	3.917087529879998
0.09523581197410096	3.9021696753249757
0.09768003165155874	3.8871471913134736
0.10018698203617239	3.8720211747771702
0.1027582731066418	3.8567927185536135
0.10539555616164603	3.841462912495206
0.10810052488031409	3.8260328446206993
0.11087491640991919	3.810503602309003
0.11372051248148207	3.7948762735351633
0.11663914055401267	3.779151948148089
0.11963267498811193	3.763331719189633
0.1227030382497011	3.7474166842543153
0.12585220214463722	3.731407946889047
0.12908218908502272	3.715306618031812
0.13239507338800666	3.6991138174883758
0.13579298260792777	3.6828306754456634
0.13927809890263876	3.6664583340204913
0.1428526604349052	3.649997948842016
0.1465189628097633	3.6334506906661628
0.1502793605487752	3.6168177470200416
0.15413626860211302	3.600100640978988
0.1580921638994587	3.5833028374370612
0.16214958694069886	3.5664285160777696
0.16631114342745337	3.549481840466667
0.17057950593646853	3.532466956766929
0.17495741563596667	3.5153879937795933
0.1794476840460357	3.498249062978109
0.18405319484420982	3.4810542585365063
0.18877690571737918	3.46380765735063
0.19362185026123993	3.4465133190517676
0.19859113992848185	3.4291752860120788
0.20368796602698797	3.411797583341171
0.20891560176930613	3.394384218873226
0.2142774043747315	3.3769391831440085
0.21977681722532713	3.3594664493572
0.2254173720772913	3.341969973339383
0.23120269132906635	3.324453693483162
0.2371364903476684	3.3069215306777653
0.24322257985471996	3.289377388226617
0.24946486837371334	3.271825151751356
0.2558673647400943	3.2542686890817407
0.2624341806757537	3.236711850131027
0.26916953342960753	3.2191584667563156
0.2760777484859318	3.201612352603523
0.28316326234222305	3.1840773029365503
0.2904306253583351	3.1665570944503885
0.2978845046787565	3.1490554850678376
0.3055296872298704	3.1315762137196654
0.3133710827941562	3.1141230001080005
0.3214137271632723	3.0966995444528984
0.329662785372082	3.0793095272219833
0.33812355501565994	3.0619566088432517
0.3468014696514494	3.044644429401061
0.3557021022887166	3.0273766083155182
0.3648311689675803	3.0101567440054526
0.374194532429877	2.9929884135353237
0.3837982058842605	2.9758751722463876
0.3936483568679093	2.9588205533726524
0.4037513112073676	2.9418280676420747
0.4141135570810184	2.92490120286369
0.42474174918584173	2.908043423501295
0.43564271301109025	2.8912581702345257
0.44682344922167133	2.874548859508082
0.45829113815400424	2.857918883070133
0.4700531444272883	2.841371607500779
0.4821170216730926	2.8249103737317385
0.4944905173863577	2.8085384965583042
0.5071815779008694	2.792259264121763
0.5201983534924575	2.7760754806606034
0.5335492036131363	2.7599883193115153
0.5472427022596114	2.7439986297916996
0.5612876434795364	2.728107307210032
0.5756930470191193	2.7123152923869247
0.5904681641156415	2.6966235720677587
0.6056224834386761	2.681033179027909
0.6211657371837523	2.665545192067905
0.6371079073224387	2.6501607358975083
0.6534592320128306	2.6348809809079805
0.6702302121745424	2.6197071428321923
0.6874316182324777	2.604640482292576
0.7050744970336564	2.5896823042374266
0.7231701789415498	2.574833957266427
0.7417302851125376	2.5600968328466305
0.7607667349590661	2.545472364420693
0.7802917538043763	2.530962026409394
0.8003178807336592	2.516567333111018
0.8208579766467643	2.502289837500426
0.841925232517526	2.4881311299311837
0.8635331778650988	2.4740928367443353
0.8856956894426707	2.4601766187878567
0.9084270001492354	2.4463841698510542
0.9317417081700216	2.4327172150186254
0.9556547863515487	2.419177508949228
0.9801815918172523	2.405766834083799
1.0053378758299627	2.3924869987889807
1.0311397939074334	2.379339835441345
1.0576039161975268	2.3663271984582006
1.0847472381196346	2.3534509622809683
1.1125871912792815	2.3407130193171715
1.1411416546627804	2.328115277847312
1.170428966119239	2.3156596599028147
1.200467934137206	2.303348099121392
1.2312778499236448	2.291182538586055
1.262878499792831	2.2791649286541356
1.2952901778732597	2.267297224782474
1.328533699140622	2.2555813853549744
1.362630412785362	2.2440193695184942
1.39760221592322	2.2326131350330733
1.4334715676577123	2.2213646361421713
1.470261503503463	2.210275821468557
1.5079956501798102	2.1993486319411493
1.5466982407839889	2.188584998758043
1.5863941303537927	2.1779868413905854
1.627108811829587	2.167556065633189
1.6688684324260943	2.157294561703249
1.711699810424261	2.1472041894216374
1.7556304523940842	2.137284531855672
1.8006885708595683	2.127530470403994
1.8469031024169313	2.1179365507569665
1.8943037263178866	2.108497608549555
1.9429208835297853	2.099208759717453
1.992785796285068	2.0900653906753184
2.04393048813232	2.0810631483465176
2.096387804502015	2.072197930073236
2.1501914337999906	2.063465873435316
2.2053759290424333	2.05486334600548
2.261976730045978	2.0463869350679085
2.320030186187403	2.0380334373262348
2.3795735797473516	2.0297998486261783
2.440645149853339	2.02168335371699
2.503284117037087	2.0136813160749045
2.567530708422218	2.0057912678106815
2.6334261835582846	1.998010899682152
2.7010128609180155	1.990338051231549
2.770334145074416	1.982770701066209
2.84143455457549	1.9753069572999684
2.9143597505342367	1.9679450481713825
2.9891565659526194	1.960683312853618
3.0658730357979147	1.9535201924696737
3.1445584278511087	1.9464542213252978
3.2252632743468723	1.939484018370792
3.3080394044257986	1.9326082789016235
3.3929399774193056	1.925825766506664
3.4800195169889254	1.9191353052716391
3.5693339461416316	1.9125357722442948
3.660940623144078	1.9060260901666404
3.754898378358329	1.8996052204786509
3.8512675520231268	1.8932721565967003
3.9501100330046435	1.8870259174691122
4.0514892985420525	1.8808655414101947
4.155470455012885	1.8747900802133466
4.262120279744802	1.868798593542883
4.371507263900267	1.8628901436035314
4.483701656462176	1.8570637900857205
4.598775509348084	1.8513185853841923
4.71680272368229	1.8456535700867558
4.837859097255769	1.8400677687294165
4.9620223732038555	1.8345601858136238
5.089372289933416	1.8291298020808184
5.219990632331192	1.8237755710390593
5.353961284286767	1.8184964157360695
5.491370282563165	1.8132912257727265
5.632305872050251	1.8081588545506528
5.776858562435982	1.8030981366118548
5.925121186332505	1.7981086663783696
6.077188958893672	1.7931910213960378
6.2331595389628625	1.7883457452944174
6.393133091789918	1.783573274726069
6.557212353358124	1.778873940862947
6.725502696361713	1.7742479709970833
6.898112197876935	1.7696954902369073
7.075151708769613	1.7652165232908217
7.256734924884538	1.760810996329897
7.442978460061419	1.7564787389218695
7.634001921025123	1.752219486028853
7.829927984197597	1.7480328800615212
8.030882474481748	1.7439184729827433
8.236994446066731	1.7398757284540218
8.44839626530745	1.7359040240183148
8.665223695730791	1.7320026533131663
8.887615985224139	1.7281708283083057
9.115715955460967	1.7244076815622436
9.349670093621919	1.7207122684926095
9.58962864646949	1.717083569655303
9.8357457168378	1.713520493027779
10.08817936259811	1.7100218762921016
10.347091698164668	1.7065864891136222
10.612648998605296	1.7032130354114354
10.885021806424662	1.6999001556169964
11.164385041087426	1.6966464289175478
11.450918111352728	1.6934503754812331
11.744805030491264	1.6903104586610127
12.04623453446019	1.6872250871747072
12.355400203110277	1.6841926172587354
12.672500584503778	1.6812113547932974
12.997739322423733	1.678279557396953
13.331325287154876	1.6753954364887649
13.673472709621585	1.672557159316316
14.024401318967898	1.669762850948128
14.384336483669465	1.6670105962291246
14.753509356266163	1.6642984416980047
15.132157021809869	1.6616243974654679
15.520522650121475	1.6589864390524525
15.918855651956664	1.6563825091876012
16.327411839178573	1.653810519563374
16.746453589041963	1.65126835255029
17.176250012692975	1.6487538628689202
17.61707712799467	1.6462648792193526
18.06921803678689	1.643799205867947
18.532963106696215	1.6413546241912986
19.008610157611308	1.6389288941774063
19.496464652945388	1.636519842744928
19.996839895806204	1.6341267422258314
20.51005723020145	1.631750040725628
21.036446247407238	1.6293901655327379
21.576344997634493	1.6270474891820437
22.130100207126237	1.6247223330907108
22.698067500827626	1.622414971049722
23.280611630769773	1.6201256325747948
23.87810671031667	1.6178545061203502
24.490936454422418	1.6156017421602031
25.119494426055624	1.6133674561386475
25.76418428894724	1.6111517312955883
26.425420066826867	1.6089546213693449
27.103626409310603	1.606776153180747
27.799238864614015	1.6046163291020827
28.512704159263	1.6024751294144475
29.24448048498545	1.6003525145569737
29.995037792963966	1.598248427271405
30.764858095641795	1.596162794645399
31.554435776273234	1.5940955300579092
32.36427790642084	1.592046535029932
33.19490457159926	1.5900157009838398
34.04684920527655	1.5880029109144846
34.92065893144976	1.586008040975148
35.81689491601039	1.5840309619814037
36.73613272712897	1.5820715408358414
37.67896270488739	1.580129641876573
38.64599034040045	1.5782051281523446
39.63783666466486	1.5762978626270285
40.65513864738963	1.5744077093161917
41.69854960606077	1.572534534358368
42.76873962550743	1.5706782070235896
43.86639598823324	1.5688386006616724
44.99222361579398	1.5670155935926746
46.14694552150113	1.5652090699418741
47.33130327474731	1.5634189204215523
48.5460574772454	1.5616450430617979
49.79198825149216	1.5598873438924796
51.069895741766274	1.5581457375784724
52.380600627987924	1.5564201480101432
53.72494465276297	1.5547105088510669
55.10379116195595	1.5530167640448451
56.51802565913439	1.5513388682828653
57.96855637424692	1.5496767874347648
59.45631484689253	1.5480304989432991
60.98225652456161	1.5463999921852807
62.54736137622857	1.5447852688001555
64.1526345216963	1.5431863429877704
65.79910687708846	1.5416032036940936
67.48783581691107	1.540035518175174
69.21990585310282	1.5384827951167488
70.99642933151799	1.5369445581041954
72.81854714628	1.5354203471025019
74.68742947247127	1.5339097184265515
76.60427651762475	1.5324122446982007
78.57031929250768	1.5309275147909482
80.58682040168193	1.5294551337629705
82.65507485435741	1.5279947227792396
84.77641089605252	1.5265459190234467
86.95219086160503	1.5251083756003774
89.1838120500692	1.523681761429405
91.47270762207118	1.5222657611296972
93.82034752019065	1.5208600748977397
96.2282394129708	1.5194644183777157
98.69792966315026	1.5180785225253028
101.23100432074457	1.5167021334653739
103.82909014162107	1.5153350123441056
106.49385563220874	1.5139769351759498
109.2270121210246	1.512627692685912
112.030314857696	1.5112870901475626
114.90556414019734	1.5099549472171736
117.85460647100906	1.50863109776437
120.87933574295454	1.50731538969965
123.98169445546593	1.50600768479913
127.16367496207421	1.5047078585268252
130.42732074990732	1.503415799854793
133.77472775203168	1.5021314110814168
137.20804569346933	1.5008546076481257
140.72947947177008	1.4995853179547953
144.3412905730061	1.4983234831740948
148.04579852411408	1.4970690570650105
151.84538238250536	1.4958220057857627
155.74248226391703	1.4945823077063358
159.73960090946494	1.493349953220814
163.83930529292155	1.4921249445597127
168.04422826923707	1.4909072956024751
172.35707026538202	1.4896970316903062
176.78060101457302	1.4884941894394998
181.31766133501478	1.4872988165553906
185.97116495428546	1.486110971647091
190.7441003805578	1.4849307240431158
195.6395328218323	1.4837581536080269
200.66060615443467	1.482593350560213
205.81054494202692	1.4814364152908928
211.09265650644977	1.4802874581844536
216.51033305169938	1.4791465994401993
222.06705384242414	1.4780139178731007
227.76638743832314	1.4768892449987305
233.6119939859064	1.4757723415142543
239.60762756905646	1.4746629778499993
245.75713861992756	1.4735609339879268
252.0644763917091	1.472465999254879
258.53369149487054	1.4713779721196232
265.16893849848265	1.4702966599936567
271.9744785983017	1.4692218790357336
278.95468235334556	1.4681534539600667
286.1140324926864	1.467091217848171
293.45712679428993	1.466035011964297
300.98868103772793	1.464984685574415
308.71353203269325	1.4639400957687057
316.63664072521937	1.4629011072875027
324.7630953836348	1.4618675923506566
333.0981148662705	1.4608394304902612
341.64705197305574	1.459816508386699
350.4153968831097	1.4587987197079584
359.40878068057253	1.4577859649521778
368.6329789709115	1.4567781512933662
378.0939155900647	1.455775192430248
387.7976664087545	1.4547770084381975
397.7504632344539	1.4537835256241978
407.95869781347926	1.4527946763847912
418.4289259358257	1.4518103990669644
429.16787164532394	1.4508306378319185
440.18243155786723	1.449855342521693
451.4796792904483	1.4488844685285702
463.0668700038966	1.4479179766672368
474.95144506217497	1.4469558330496393
487.1410368112743	1.4459980089624977
499.64347348073926	1.4450444807474252
512.4667842110249	1.4440952296836052
525.6192042098453	1.4431502418729907
539.1091800408816	1.4422095081279684
552.9453750482006	1.4412730238614508
567.1366749199294	1.4403407889793498
581.6921933946835	1.439412807775385
596.6212781144723	1.4384890888281894
611.9335166277948	1.4375696449006632
627.6387425468462	1.4366544928415357
643.7470418627067	1.4357436534890944
660.2687594226344	1.4348371515770386
677.2145055735705	1.4339350156424153
694.5951629761962	1.4330372779356013
712.4218935938294	1.4321439743322841
730.7061458606895	1.4312551442242893
749.4596620341821	1.4303708001707667
768.6944857358261	1.429490868259858
788.4229696857528	1.4286152613476422
808.6577836356736	1.4277438955720214
829.4119225055052	1.426876690271617
850.6987147287637	1.4260135679066142
872.5318308121766	1.4251544539815217
894.9252921149405	1.4242992769697969
917.8934798533597	1.4234479682402894
941.4511443365253	1.422600461985472
965.613414439067	1.4217566951514051
990.3958073169787	1.4209166073694066
1015.8142383728728	1.420080140889374
1041.88503147692	1.4192472405147336
1068.6249294501506	1.4184178535389682
1096.0511048167687	1.4175919296836947
1124.1811708324915	1.416769421038248
1153.0331927958625	1.4159502820007386
1182.6256996499096	1.4151344692205516
1212.977695881512	1.4143219415422528
1244.1086737262456	1.4135126599508616
1276.0386256863808	1.4127065875184688
1308.7880573702082	1.4119036893521582
1342.3780006608251	1.4111039325432095
1376.8300272229953	1.4103072861175434
1412.1662623565633	1.4095137209873885
1448.4093992054775	1.4087232099041296
1485.5827133314233	1.4079357274123225
1523.710077661589	1.4071512498048362
1562.8159778199652	1.4063697550790997
1602.9255278521816	1.4055912228944305
1644.0644863538541	1.404815634530413
1686.2592730129768	1.4040429728463024
1729.5369855767624	1.403273222241436
1773.9254172540022	1.4025063686166162
1819.453074563983	1.4017423993364548
1866.1491956436205	1.4009813031926446
1914.0437690243336	1.4002230703681404
1963.1675528908152	1.399467692402229
2013.5520948342087	1.398715162156464
2065.2297521121077	1.3979654737814444
2118.2337124286087	1.3972186226844183
2172.5980152475972	1.3964746054976926
2228.357573653189	1.3957334200478209
2285.548196771058	1.3949950653255647
2344.206612765312	1.394259541456597
2404.370492425473	1.3935268496729358
2466.0784733589817	1.3927969921289136
2529.370184804442	1.3920699574223123
2594.28627308179	1.3913457088643493
2660.8684276955332	1.3906242080169258
2729.159408108113	1.3899054174222125
2799.2030712002147	1.3891893005776876
2871.0443994359657	1.3884758219118065
2944.7295297508576	1.387764946760291
3020.305783181292	1.3870566413430172
3097.821695254354	1.386350872741492
3177.327047157663	1.3856476088769016
3258.8728977090645	1.3849468184887184
3342.5116161470437	1.3842484711138483
3428.2969157624802	1.3835525370663095
3516.283888393694	1.3828589874174304
3606.5290398066595	1.3821677939765447
3699.090325983496	1.3814789292721825
3794.027190342054	1.380792366533738
3891.4006019108883	1.380108079673601
3991.2730944838295	1.3794260432697478
4093.7088067797245	1.3787462325487696
4198.773523632605	1.3780686233693342
4306.534718239158	1.3773931922060727
4417.061595490307	1.3767199161338692
4530.425136415187	1.3760487728125554
4646.698143765474	1.375379740471992
4765.95528876981	1.3747127978975322
4888.273159087992	1.3740479244158532
5013.730307996226	1.3733850998811497
5142.407304834418	1.3727243046616775
5274.386786748182	1.3720655196266425
5409.753511759135	1.3714087261334191
5548.594413196858	1.3707539060151006
5690.998655528091	1.3701010415683588
5837.057691618528	1.369450115541621
5986.865321464639	1.3688011111235414
6140.517752432441	1.368154011931772
6298.11366104253	1.367508802002014
6459.754256340566	1.3668654657773538
6625.543344894593	1.366223988097865
6795.587397460075	1.3655843541904822
6969.995617356151	1.3649465496591249
7148.880010596468	1.3643105604750825
7332.355457820417	1.3636763729676353
7520.539788069978	1.363043973814921
7713.553854460343	1.3624133500350297
7911.521611792313	1.3617844889773325
8114.570196157127	1.3611573783140212
8322.830006583828	1.3605467015307398
8536.434788782417	1.3599552349033177
8755.521721035913	1.3593652792550948
8980.231502297445	1.3587768275365002
9210.708442547717	1.358189872745673
9447.100555471898	1.3576044079280367
9689.55965351461	1.3570204261758843
9938.241445375234	1.356437920627961
10193.30563600468	1.3558568844690588
10454.916029169028	1.355277310929609
10723.240632645002	1.354699193285284
10998.451766116023	1.3541225248566007
11280.726171836643	1.3535472990085282
11570.24512813768	1.352973509150102
11867.194565843887	1.3524011487340395
12171.765187680377	1.3518302112563618
12484.152590742724	1.3512606902560176
12804.557392110773	1.3506925793145135
13133.185357685794	1.3501258720555465
13470.247534335109	1.3495605621446403
13815.960385427417	1.3489966432887863
14170.545929846587	1.3484341092360892
14534.231884574085	1.347872953775414
14907.251810929836	1.347313170736038
15289.845264566911	1.3467547539873075
15682.257949315179	1.3461976974382968
16084.741874974445	1.3456419950374703
16497.555519156238	1.34508764077235
16920.963993279925	1.3445346286691846
17355.239212828383	1.3439829527926237
17800.66007197449	1.3434326072453935
18257.512622688166	1.3428835861679782
18726.090258440938	1.3423358837383021
19206.693902624473	1.341789494171418
19699.632201806176	1.3412444117191948
20205.221723943385	1.3407006306700133
20723.787161685468	1.3401581453484606
21255.661540892863	1.3396169501150308
21801.18643450915	1.3390770393658262
22360.712181920666	1.3385384075322644
22934.598113946926	1.3380010490807852
23523.21278360437	1.3374649585125644
24126.934202794313	1.336930130363226
24746.150085063837	1.3363965592025606
25381.258094598124	1.3358642396342457
26032.666101602048	1.335333166295569
26700.792444238014	1.3348033338571537
27386.066197284494	1.334274737022687
28088.92744769085	1.3337473705286529
28809.827577203047	1.3332212291440644
29549.229552244888	1.332696307670201
30307.60822123711	1.3321726009403487
31085.4506195483	1.3316501038195407
31883.256282271086	1.3311288112043036
32701.537565027906	1.3306087180224022
33540.81997300801	1.3300898192325916
34401.64249845055	1.3295721098243671
35284.55796678767	1.3290555848177206
36190.13339167378	1.328540239262895
37118.95033912448	1.328026068240147
38071.60530100098	1.3275130668595059
39048.71007808227	1.3270012302605383
40050.89217296635	1.3264905536121157
41078.79519305664	1.3259810321121812
42133.07926388947	1.3254726609875225
43214.42145307236	1.3249654354935427
44323.51620509983	1.324459350914038
45461.075787330454	1.323954402560973
46627.83074740794	1.323450585774262
47824.53038242524	1.3229478959215502
49051.94322012633	1.3224463283979968
50310.85751246008	1.3219458786260625
51602.081741799026	1.3214465420552965
52926.4451401537	1.3209483141621265
54284.7982217091	1.3204511904496514
55678.013329030735	1.319955166447435
57106.98519328679	1.319460237711302
58572.63150885217	1.3189663998231358
60075.89352265587	1.318473648390679
61617.73663865623	1.317981979047334
63199.151037827505	1.3174913874519685
64821.15231406263	1.3170018692887193
66484.78212639208	1.3165134202668005
68191.10886794447	1.316026036120312
69941.22835207316	1.3155397126080517
71736.26451609716	1.3150544455133268
73577.3701430985	1.3145702306437699
75465.72760224745	1.3140870638311528
77402.54960812523	1.3136049409312072
79389.07999953962	1.3131238578234428
81426.59453832373	1.3126438104109683
83516.4017286391	1.3121647946203157
85659.84365730264	1.3116868064012637
87858.29685568633	1.3112098417266647
90113.17318373182	1.3107338965922717
92425.92073665648	1.3102589670165692
94798.02477492644	1.309785049040603
97231.00867810367	1.3093121387278135
99726.43492316765	1.3088402321638686
102285.90608794546	1.3083693254565005
104911.06588030106	1.307899414735343
107603.60019373172	1.307430496151769
110365.23819006037	1.3069625658787307
113197.75340991077	1.3064956201106024
116102.96491169074	1.306029655063022
119082.73843979914	1.305564666972736
122138.98762282018	1.3051006520974453
125273.67520246355	1.3046376067156524
128488.81429405417	1.30417552712651
131786.46967936392	1.3037144096496702
135168.75913262836	1.3032542506251368
138637.85478059071	1.3027950464131175
142195.98449746022	1.3023367933938779
145845.43333566282	1.301879487967596
149588.54499331763	1.3014231265542193
153427.72331936966	1.3009677055933238
157365.43385736272	1.3005132215439703
161404.20542882197	1.3000596708845678
165546.63175728076	1.299607050112732
169795.37313398087	1.2991553557451505
174153.1581263345	1.298704584317446
178622.78533022242	1.2982547323840408
183207.1251672712	1.2978057965180236
187909.12172825064	1.2973577733110182
192731.79466379393	1.2969106593730502
197678.24112363087	1.2964644513324177
202751.6377455985	1.2960191458355634
207955.24269569165	1.2955747395469444
213292.39776048527	1.2951312291489079
218766.53049324435	1.2946886113415639
224381.15641512244	1.2942468828426608
230139.8812728441	1.2938060403874625
236046.40335434684	1.2933660807286258
242104.51586383767	1.2929270006360787
248318.10935781512	1.2924887968969003
254691.17424360124	1.2920514663152016
261227.80334201557	1.2916150057120068
267932.1945158046	1.2911794119251363
274808.6533655286	1.2907446818090913
281861.5959946558	1.2903108122349372
289095.5518456033	1.2898778000901896
296515.16660857585	1.2894456422787015
304125.20520504867	1.2890143357205515
311930.5548478406	1.288583877351931
319936.2281797038	1.2881542641250339
328147.3664924776	1.287725493007949
336569.2430288478	1.2872975609845494
345207.26636886905	1.2868704650543854
354066.9839033784	1.2864442022325786
363154.0853965681	1.2860187695497145
372474.4066399765	1.285594164051739
382033.93320028344	1.2851703827998533
391838.804263268	1.284747422870412
401895.3165764355	1.284325281354819
412209.92849281593	1.2839039553594267
422789.26411857386	1.2834834420054368
433640.11756703834	1.2830637384287982
444769.45732192986	1.282644841780109
456184.43071254983	1.2822267492245194
467892.36850385764	1.2818094579416326
479900.78960431967	1.2813929651254092
492217.40589460445	1.280977267984071
504850.12718018517	1.280562363740007
517807.06627108535	1.280148249629678
531096.5441919606	1.2797349229035246
544727.0955259185	1.279322380825873
558707.4738954643	1.2789106206748433
573046.6575841523	1.2784996397422608
587753.8553024798	1.2780894353335621
602838.5121017839	1.277680004767708
618310.3154398939	1.2772713453770934
634179.2014025009	1.2768634545074595
650455.3610841546	1.2764563295178066
667149.2471330556	1.2760499677803065
684271.5804637902	1.2756443666802173
701833.3571423943	1.2752395236157976
719845.8554480805	1.2748354359982215
738320.6431162013	1.2744321012514959
757269.5847671488	1.2740295168123754
776704.8495258666	1.273627680130281
796638.9188369442	1.2732265886672174
817084.5944802562	1.2728262398976922
838055.0067923737	1.2724266313086348
859563.6230989259	1.272027760399316
881624.2563634083	1.2716296246812697
904251.0740579275	1.2712322216782137
927458.6072616734	1.2708355489259702
951261.7599928436	1.2704396039723906
975675.8187801044	1.2700443843772768
1.0007164624796672e6	1.269649887712306
1.0263997723443833e6	1.2692561115609535
1.0527422423511967e6	1.2688630535184198
1.0797607897936888e6	1.2684707111915539
1.1074727661464366e6	1.2680790821987808
1.1358959682082806e6	1.2676881641700282
1.165048649531506e6	1.2672979547466519
1.1949495321444e6	1.266908451581366
1.2256178185746195e6	1.2665196523381699
1.2570732041812185e6	1.2661315546922771
1.289335889803095e6	1.2657441563300453
1.3224265947321095e6	1.2653574549489066
1.3563665700191017e6	1.2649714482572967
1.3911776121215e6	1.2645861339745876
1.4268820769011015e6	1.2642015098310186
1.4635028939811601e6	1.2638175735676276
1.5010635814718895e6	1.2634343229361855
1.5395882610739968e6	1.263051755699128
1.5791016735697426e6	1.2626698696294902
1.619629194711646e6	1.2622886625108398
1.6611968515188957e6	1.2619081321372128
1.703831338992132e6	1.2615282763130486
1.74756003725709e6	1.261149092853125
1.7924110291483055e6	1.2607705795824957
1.8384131182440333e6	1.2603927343364252
1.885595847364151e6	1.260015554960328
1.93398951754269e6	1.2596390393097046
1.9836252074873683e6	1.2592631852500804
2.0345347935384673e6	1.2588879906569443
2.0867509701400953e6	1.2585134534156879
2.140307270836717e6	1.2581395714215446
2.195238089808551e6	1.2577663425795298
2.2515787039598105e6	1.2573937648043811
2.3093652955736876e6	1.2570218360205
2.3686349755488615e6	1.2566505541618918
2.429425807232278e6	1.2562799171721089
2.4917768308637626e6	1.2559099230041921
2.555728088647827e6	1.2555405696206137
2.6213206504690563e6	1.2551718549932194
2.68859664026736e6	1.2548037771031741
2.75759926309033e6	1.2544363339409033
2.828372832839715e6	1.2540695235060393
2.900962800730109e6	1.2537033438073644
2.975415784477921e6	1.2533377928627576
3.0517795982396705e6	1.2529728686991393
3.1301032833184507e6	1.2526085693524172
3.2104371396585926e6	1.2522448928674328
3.2928327581485007e6	1.2518818372979081
3.37734305375277e6	1.251519400706394
3.4640222994944095e6	1.2511575811642144
3.5529261613093494e6	1.2507963767514185
3.6441117337953406e6	1.2504357855567265
3.737637576878606e6	1.2500758056774783
3.833563753421276e6	1.2497164352195833
3.9319518677941733e6	1.2493576722974697
4.032865105439407e6	1.2489995150340347
4.1363682734486028e6	1.248641961560593
4.242527842182308e6	1.2482850100168297
4.351411987957715e6	1.2479286585507487
4.463090636831776e6	1.2475729053186269
4.577635509508329e6	1.247217748484963
4.695120167397446e6	1.2468631862224304
4.815620059857075e6	1.2465092167118303
4.939212572646947e6	1.2461558381420437
5.065977077626368e6	1.2458030487099845
5.195994983727189e6	1.2454508466205516
5.329349789235175e6	1.245099230086585
5.466127135412957e6	1.2447481973288181
5.606414861499602e6	1.2443977465758325
5.750303061121392e6	1.2440478760640115
5.897884140150365e6	1.2436985840374972
6.049252876048177e6	1.2433498687481446
6.204506478732592e6	1.243001728455477
6.363744653006367e6	1.242654161426642
6.527069662588105e6	1.2423071659363683
6.69458639578689e6	1.2419607402669215
6.8664024328620285e6	1.2416148827080622
7.04262811511183e6	1.2412695915570013
7.223376615735256e6	1.2409248651183589
7.408764012512736e6	1.240580701704122
7.598909362351815e6	1.2402370996336012
7.793934777746335e6	1.2398940572333912
7.993965505197582e6	1.2395515728373274
8.199130005648691e6	1.2392096447864462
8.409560036982814e6	1.238868271428944
8.625390738638941e6	1.2385274511201356
8.846760718399035e6	1.2381871822224155
9.07381214140314e6	1.2378474631052176
9.306690821448455e6	1.2375082921449745
9.545546314631965e6	1.2371696677250794
9.790532015396006e6	1.236831588235847
1.0041805255039496e7	1.236494052074473
1.0299527402756792e7	1.2361570576449978
1.0563863969270093e7	1.2358206033582666
1.0834984713121142e7	1.2354846876318926
1.1113063749691611e7	1.2351493088902175
1.139827966302078e7	1.234814465564276
1.1690815620493436e7	1.2344801560917573
1.1990859490470741e7	1.2341463789169687
1.2298603962940926e7	1.233813132490798
1.2614246673265636e7	1.2334804152706782
1.2937990329102736e7	1.2331482257205504
1.3270042840586025e7	1.2328165623108285
1.3610617453846928e7	1.2324854235183624
1.395993288796208e7	1.2321548078264042
1.4318213475416252e7	1.2318247137245708
1.4685689306169605e7	1.2314951397088112
1.5062596375423465e7	1.2311660842813694
1.5449176735177586e7	1.230837545950752
1.5845678649677062e7	1.230509523231692
1.6252356754849778e7	1.230182014645117
1.6669472221834715e7	1.2298550187181123
1.7097292924707863e7	1.2295285339838904
1.7536093612512093e7	1.2292025589817555
1.798615608570336e7	1.2288770922570715
1.8447769377124216e7	1.2285521323612283
1.8921229937622655e7	1.228227677851609
1.940684182643415e7	1.227903727291559
1.9904916906451102e7	1.2275802792503516
2.041577504450257e7	1.227257332303157
2.093974431677493e7	1.2269348850310107
2.147716121950385e7	1.2266129360207811
2.2028370885075025e7	1.2262914838651384
2.2593727303669736e7	1.225970527162524
2.31735935505998e7	1.2256500645171189
2.3768342019476056e7	1.225330094538812
2.437835466136278e7	1.2250106158431715
2.500402323006832e7	1.224691627051413
2.564574953373212e7	1.2243731267903697
2.630394569286758e7	1.2240551136924633
2.6979034405029453e7	1.223737586395672
2.7671449216272045e7	1.2234205435435033
2.838163479957548e7	1.2231039837849633
2.9110047240416605e7	1.2227879057745277
2.985715432967101e7	1.222472308172113
3.0623435864030376e7	1.2221571896430472
3.140938395413123e7	1.2218425488580418
3.2215503340590496e7	1.221528384493163
3.3042311718154285e7	1.2212146952298035
3.389034006816371e7	1.220901479754654
3.476013299955479e7	1.2205887367596764
3.565224909860862e7	1.2202764649420743
3.656726128768033e7	1.219964663004268
3.750575719313229e7	1.219653329653864
3.846833952271186e7	1.219342463603631
3.945562645261283e7	1.2190320635714704
4.046825202447359e7	1.218722128280391
4.1506866552561656e7	1.2184126564584814
4.257213704140857e7	1.2181036468388842
4.366474761416596e7	1.2177950981597694
4.478539995195244e7	1.217487009164308
4.593481374447805e7	1.2171793786006464
4.711372715223207e7	1.216872205221881
4.832289728053608e7	1.2165654877860312
4.9563100665760264e7	1.2162592250560154
5.08351337740205e7	1.2159534157996243
5.2139813512672246e7	1.2156480587894973
5.347797775493551e7	1.2153431528030965
5.4850485877980724e7	1.2150386966226812
5.6258219314826675e7	1.2147346890352855
5.770208212040054e7	1.2144311288326914
5.918300155212986e7	1.2141280148114055
6.070192866543116e7	1.2138253457726351
6.2259838924484454e7	1.2135231205222627
6.385773282868048e7	1.2132213378708248
6.5496636555149935e7	1.2129199966334847
6.717760261777908e7	1.212619095630012
6.890171054314135e7	1.212318633684757
7.067006756377389e7	1.2120186096266286
7.248380932925195e7	1.2117190222890706
7.434410063550794e7	1.2114198705100387
7.62521361728715e7	1.2111211531319785
7.820914129330459e7	1.2108228690018008
8.021637279733326e7	1.2105250169708615
8.227511974117036e7	1.2102275958949367