# Internal run number: twoLoop 1924
# All dimensionful quantities in GeV
# Rescaling factor from internal to physical units: 0.822751
# Quantity: gluon dressing function Z
# Syntax: p^2 [GeV^2], Z
# Cutoff in GeV^2, renormalization constant Z3: 822751., 1.23784
# Renormalization point 1: 8227.51
# Renormalization value Z at point 1: 0.903593
# Renormalization point 2: 0.000000822751
# Renormalization value D at point 2: 13.1791
# Lowest/highest points (extrapolated beyond that): 0.000000822751/8227.51
# alpha(mu)=0.05
#
8.227511974117013e-15	1.2e-13
8.474337333340522e-15	1.231e-13
8.638887572822863e-15	1.262e-13
8.885712932046374e-15	1.295e-13
9.132538291269883e-15	1.328e-13
9.379363650493394e-15	1.362e-13
9.543913889975735e-15	1.397e-13
9.790739249199244e-15	1.433e-13
1.0037564608422755e-14	1.47e-13
1.0366665087387435e-14	1.507e-13
1.0613490446610946e-14	1.546e-13
1.0860315805834457e-14	1.586e-13
1.1189416284799136e-14	1.626e-13
1.1436241644022646e-14	1.668e-13
1.1765342122987327e-14	1.711e-13
1.2012167482210836e-14	1.755e-13
1.2341267961175518e-14	1.8e-13
1.2670368440140199e-14	1.846e-13
1.2999468919104879e-14	1.894e-13
1.332856939806956e-14	1.942e-13
1.365766987703424e-14	1.992e-13
1.3986770355998921e-14	2.043e-13
1.439814595470477e-14	2.096e-13
1.4727246433669452e-14	2.149e-13
1.51386220323753e-14	2.205e-13
1.5467722511339982e-14	2.261e-13
1.5879098110045834e-14	2.319e-13
1.6290473708751685e-14	2.379e-13
1.6701849307457534e-14	2.44e-13
1.7195500025904555e-14	2.502e-13
1.7606875624610404e-14	2.567e-13
1.8018251223316256e-14	2.632e-13
1.8511901941763277e-14	2.7e-13
1.90055526602103e-14	2.769e-13
1.9499203378657318e-14	2.84e-13
1.999285409710434e-14	2.913e-13
2.048650481555136e-14	2.988e-13
2.098015553399838e-14	3.065e-13
2.1556081372186573e-14	3.143e-13
2.2132007210374762e-14	3.224e-13
2.2707933048562954e-14	3.307e-13
2.3283858886751143e-14	3.392e-13
2.385978472493934e-14	3.479e-13
2.4435710563127528e-14	3.568e-13
2.509391152105689e-14	3.66e-13
2.575211247898625e-14	3.753e-13
2.6410313436915606e-14	3.85e-13
2.706851439484497e-14	3.949e-13
2.7726715352774328e-14	4.05e-13
2.846719143044486e-14	4.154e-13
2.9207667508115394e-14	4.26e-13
2.9948143585785926e-14	4.37e-13
3.068861966345646e-14	4.482e-13
3.1511370860868156e-14	4.597e-13
3.233412205827986e-14	4.715e-13
3.315687325569156e-14	4.836e-13
3.397962445310326e-14	4.96e-13
3.488465077025613e-14	5.087e-13
3.5789677087409e-14	5.218e-13
3.6694703404561874e-14	5.352e-13
3.759972972171474e-14	5.489e-13
3.858703115860879e-14	5.63e-13
3.957433259550283e-14	5.775e-13
4.064390915213804e-14	5.923e-13
4.163121058903208e-14	6.075e-13
4.2700787145667294e-14	6.231e-13
4.385263882204367e-14	6.391e-13
4.4922215378678886e-14	6.555e-13
4.607406705505527e-14	6.723e-13
4.730819385117281e-14	6.895e-13
4.84600455275492e-14	7.072e-13
4.969417232366675e-14	7.254e-13
5.101057423952548e-14	7.44e-13
5.2326976155384196e-14	7.631e-13
5.364337807124292e-14	7.827e-13
5.504205510684281e-14	8.028e-13
5.6440732142442706e-14	8.234e-13
5.792168429778377e-14	8.445e-13
5.940263645312483e-14	8.662e-13
6.088358860846588e-14	8.884e-13
6.244681588354812e-14	9.112e-13
6.409231827837153e-14	9.346e-13
6.573782067319493e-14	9.586e-13
6.738332306801833e-14	9.832e-13
6.91111005825829e-14	1.0084e-12
7.092115321688865e-14	1.0343e-12
7.273120585119438e-14	1.0609e-12
7.46235336052413e-14	1.0881e-12
7.651586135928821e-14	1.116e-12
7.84904642330763e-14	1.1446e-12
8.046506710686438e-14	1.174e-12
8.252194510039363e-14	1.2042e-12
8.466109821366406e-14	1.2351e-12
8.688252644667565e-14	1.2668e-12
8.910395467968724e-14	1.2993e-12
9.140765803244001e-14	1.3326e-12
9.371136138519277e-14	1.3668e-12
9.609733985768669e-14	1.4019e-12
9.856559344992181e-14	1.4379e-12
1.011161221618981e-13	1.4748e-12
1.0374892599361552e-13	1.5126e-12
1.0638172982533296e-13	1.5514e-12
1.0909680877679159e-13	1.5913e-12
1.1189416284799137e-13	1.6321e-12
1.1477379203893234e-13	1.674e-12
1.1773569634961445e-13	1.717e-12
1.2077987578003772e-13	1.761e-12
1.2382405521046103e-13	1.8062e-12
1.2703278488036667e-13	1.8526e-12
1.3024151455027229e-13	1.9001e-12
1.3361479445966027e-13	1.9489e-12
1.3707034948878942e-13	1.9989e-12
1.4060817963765975e-13	2.0502e-12
1.4414600978653004e-13	2.1028e-12
1.478483901748827e-13	2.1568e-12
1.5163304568297654e-13	2.2121e-12
1.555822514305527e-13	2.2689e-12
1.5953145717812887e-13	2.3272e-12
1.6364521316518736e-13	2.3869e-12
1.6784124427198705e-13	2.4481e-12
1.721195504985279e-13	2.511e-12
1.7656240696455107e-13	2.5754e-12
1.8108753855031544e-13	2.6415e-12
1.8577722037556215e-13	2.7093e-12
1.9054917732055e-13	2.7788e-12
1.9540340938527903e-13	2.8502e-12
2.0042219168949042e-13	2.9233e-12
2.0560552423318412e-13	2.9983e-12
2.10871131896619e-13	3.0753e-12
2.1630128979953626e-13	3.1542e-12
2.2181372282219462e-13	3.2352e-12
2.2749070608433535e-13	3.3182e-12
2.3333223958595847e-13	3.4034e-12
2.393383233270639e-13	3.4907e-12
2.4550895730765167e-13	3.5803e-12
2.5176186640798057e-13	3.6722e-12
2.58261600867533e-13	3.7664e-12
2.648436104468266e-13	3.8631e-12
2.7167244538534373e-13	3.9622e-12
2.786658305633432e-13	4.0639e-12
2.8582376598082503e-13	4.1682e-12
2.9314625163778916e-13	4.2752e-12
3.0063328753423564e-13	4.3849e-12
3.083671487899056e-13	4.4975e-12
3.1626556028505795e-13	4.6129e-12
3.244107971394338e-13	4.7313e-12
3.32720584233292e-13	4.8527e-12
3.4127719668637367e-13	4.9773e-12
3.499983593789377e-13	5.105e-12
3.5896634743072527e-13	5.236e-12
3.681811608417363e-13	5.3704e-12
3.7764279961197085e-13	5.5082e-12
3.873512637414289e-13	5.6496e-12
3.9730655323011053e-13	5.7946e-12
4.0750866807801565e-13	5.9433e-12
4.179576082851442e-13	6.0958e-12
4.2865337385149635e-13	6.2523e-12
4.3967823989681317e-13	6.4128e-12
4.509499313013534e-13	6.5773e-12
4.625507231848584e-13	6.7462e-12
4.743983404275869e-13	6.9193e-12
4.865750581492801e-13	7.0969e-12
4.990808763499379e-13	7.279e-12
5.119157950295606e-13	7.4658e-12
5.249975390684065e-13	7.6574e-12
5.384906587059584e-13	7.854e-12
5.523128788224751e-13	8.0555e-12
5.664641994179564e-13	8.2623e-12
5.810268956121433e-13	8.4743e-12
5.959186922852952e-13	8.6918e-12
6.112218645571528e-13	8.9149e-12
6.269364124277163e-13	9.1437e-12
6.429800607772445e-13	9.3784e-12
6.595173598452198e-13	9.6191e-12
6.764660345119007e-13	9.8659e-12
6.938260847772876e-13	1.01192e-11
7.115975106413804e-13	1.03789e-11
7.298625872239202e-13	1.06452e-11
7.486213145249069e-13	1.09184e-11
7.677914174245995e-13	1.11987e-11
7.875374461624804e-13	1.14861e-11
8.07694850499067e-13	1.17809e-11
8.28428180673842e-13	1.20832e-11
8.49737436686805e-13	1.23933e-11
8.715403434182151e-13	1.27114e-11
8.939191759878134e-13	1.30376e-11
9.168739343955998e-13	1.33723e-11
9.404046186415745e-13	1.37155e-11
9.645112287257374e-13	1.40675e-11
9.892760397678295e-13	1.44285e-11
1.01461677664811e-12	1.47988e-11
1.0406979896060609e-12	1.51786e-11
1.0673551284022e-12	1.55682e-11
1.0947527432760097e-12	1.59677e-11
1.1228908342274899e-12	1.63775e-11
1.1516871261368992e-12	1.67979e-11
1.1812238941239795e-12	1.7229e-11
1.2115834133084712e-12	1.76712e-11
1.2426834085706335e-12	1.81247e-11
1.2746061550302074e-12	1.85899e-11
1.307269377567452e-12	1.9067e-11
1.3408376264218496e-12	1.95563e-11
1.3752286264736586e-12	2.00582e-11
1.4105246528426207e-12	2.0573e-11
1.4467257055287354e-12	2.1101e-11
1.483831784532003e-12	2.16426e-11
1.521925164972165e-12	2.2198e-11
1.5610058468492206e-12	2.27678e-11
1.6010738301631707e-12	2.33521e-11
1.6422113900337555e-12	2.39514e-11
1.6843362513412347e-12	2.45661e-11
1.7275306892053492e-12	2.51966e-11
1.7718769787458397e-12	2.58433e-11
1.8173751199627068e-12	2.65066e-11
1.8640251128559503e-12	2.71868e-11
1.91182695742557e-12	2.78846e-11
1.960945203911049e-12	2.86003e-11
2.0112153020729034e-12	2.93343e-11
2.0628840772703585e-12	3.00871e-11
2.1157869792639308e-12	3.08593e-11
2.1700885582931033e-12	3.16513e-11
2.2257888143578756e-12	3.24637e-11
2.2828877474582473e-12	3.32968e-11
2.3414676327139604e-12	3.41514e-11
2.401610745244756e-12	3.50279e-11
2.4632348099308923e-12	3.59269e-11
2.5264221018921107e-12	3.68489e-11
2.591337171367894e-12	3.77947e-11
2.6578154681187595e-12	3.87647e-11
2.7260215423841895e-12	3.97595e-11
2.7959553941641845e-12	4.078e-11
2.8676992985784845e-12	4.18266e-11
2.941335530746832e-12	4.29001e-11
3.016864090669226e-12	4.40011e-11
3.0942849783456674e-12	4.51304e-11
3.1736804688958963e-12	4.62886e-11
3.255132837439655e-12	4.74766e-11
3.3386420839769424e-12	4.86951e-11
3.4243727587472414e-12	4.99449e-11
3.5122425866308116e-12	5.12267e-11
3.602416117867134e-12	5.25414e-11
3.694811077336468e-12	5.38899e-11
3.7896742903980366e-12	5.5273e-11
3.8869234819321e-12	5.66916e-11
3.986640927058398e-12	5.81465e-11
4.088991176016413e-12	5.96389e-11
4.193974228806147e-12	6.11695e-11
4.301590085427598e-12	6.27394e-11
4.412003296120248e-12	6.43496e-11
4.5252138608840975e-12	6.60011e-11
4.6413863299586305e-12	6.76951e-11
4.760438428224103e-12	6.94324e-11
4.88261698103974e-12	7.12144e-11
5.007921988405543e-12	7.30421e-11
5.1365180005609925e-12	7.49168e-11
5.268322742386346e-12	7.68395e-11
5.403500764121089e-12	7.88116e-11
5.542216616004702e-12	8.08343e-11
5.684470298037185e-12	8.29089e-11
5.830344085338279e-12	8.50367e-11
5.980002528147467e-12	8.72192e-11
6.13344562646475e-12	8.94576e-11
6.2908379305296086e-12	9.17536e-11
6.4523439905815255e-12	9.41084e-11
6.61788153150076e-12	9.65237e-11
6.787779653766276e-12	9.9001e-11
6.961956082258333e-12	1.015418e-10
7.140657642336155e-12	1.041479e-10
7.32388433399974e-12	1.068208e-10
7.511882982608314e-12	1.095624e-10
7.704653588161877e-12	1.123743e-10
7.90244297601965e-12	1.152584e-10
8.105251146181634e-12	1.182165e-10
8.313242648887312e-12	1.212505e-10
8.526582034376166e-12	1.243624e-10
8.745433852887679e-12	1.275541e-10
8.96988037954159e-12	1.308278e-10
9.200086164577384e-12	1.341855e-10
9.436215758234543e-12	1.376293e-10
9.678433710752546e-12	1.411616e-10
9.92682229725114e-12	1.447845e-10
1.0181546067969802e-11	1.485004e-10
1.044285184826776e-11	1.523116e-10
1.071090418838449e-11	1.562207e-10
1.098578536343974e-11	1.602301e-10
1.126774219879273e-11	1.643424e-10
1.1556939244682943e-11	1.685602e-10
1.1853541051349862e-11	1.728863e-10
1.2157712169032968e-11	1.773234e-10
1.2469781698211225e-11	1.818744e-10
1.2789831914004376e-11	1.865422e-10
1.3118027366651906e-11	1.913298e-10
1.3454779431752514e-11	1.962402e-10
1.3800088109306206e-11	2.012767e-10
1.4154200224672202e-11	2.064425e-10
1.451752715344921e-11	2.117408e-10
1.4890068895637227e-11	2.171751e-10
1.5272236826834965e-11	2.227489e-10
1.5664195497281897e-11	2.284657e-10
1.6066191732337254e-11	2.343293e-10
1.647855463248e-11	2.403433e-10
1.6901448747949612e-11	2.465117e-10
1.73352854543448e-11	2.528384e-10
1.778014702678531e-11	2.593275e-10
1.823652711598958e-11	2.659831e-10
1.8704507997077356e-11	2.728096e-10
1.9184583320767085e-11	2.798112e-10
1.9676917637298247e-11	2.869925e-10
2.0181922322269547e-11	2.943582e-10
2.0699926476159957e-11	3.019128e-10
2.1231176924328692e-11	3.096614e-10
2.177608504237446e-11	3.176089e-10
2.2334979930776228e-11	3.257603e-10
2.290819069001296e-11	3.341209e-10
2.3496128695683362e-11	3.426961e-10
2.40991230482664e-11	3.514913e-10
2.4717667398480518e-11	3.605123e-10
2.5352008571684937e-11	3.697648e-10
2.6002722493717853e-11	3.792548e-10
2.6670055989938485e-11	3.889884e-10
2.7354502711065275e-11	3.989717e-10
2.8056556307816683e-11	4.092113e-10
2.8776628155791405e-11	4.197137e-10
2.9515211905707886e-11	4.304856e-10
3.027271893316484e-11	4.41534e-10
3.104964288888071e-11	4.528659e-10
3.184655969869368e-11	4.644887e-10
3.2663880738202465e-11	4.764098e-10
3.3502181933245245e-11	4.886368e-10
3.4362039209660215e-11	5.011776e-10
3.524394621816582e-11	5.140403e-10
3.6148478884600246e-11	5.272331e-10
3.7076213134801683e-11	5.407645e-10
3.8027807169728057e-11	5.546432e-10
3.9003754640097816e-11	5.68878e-10
4.000479602198863e-11	5.834782e-10
4.103150724123869e-11	5.984532e-10
4.208454649880593e-11	6.138124e-10
4.316465427076801e-11	6.295659e-10
4.427248875808286e-11	6.457236e-10
4.5408708161708425e-11	6.622961e-10
4.6574135232842104e-11	6.792939e-10
4.776951044756156e-11	6.967279e-10
4.899549200682474e-11	7.146093e-10
5.025290266182903e-11	7.329497e-10
5.154264743889163e-11	7.517608e-10
5.28655490892099e-11	7.710547e-10
5.422226581374179e-11	7.908438e-10
5.561394946416369e-11	8.111407e-10
5.70412582414335e-11	8.319586e-10
5.850517944698815e-11	8.533107e-10
6.00067003822645e-11	8.752109e-10
6.154680834869946e-11	8.976731e-10
6.312640837261019e-11	9.207118e-10
6.474657003055332e-11	9.443418e-10
6.640828062396573e-11	9.685783e-10
6.811260972940406e-11	9.934368e-10
6.98607091985447e-11	1.0189332e-9
7.165364860794428e-11	1.0450841e-9
7.349266208439893e-11	1.0719061e-9
7.537881920446524e-11	1.0994165e-9
7.731343637005912e-11	1.1276329e-9
7.929766543285691e-11	1.1565735e-9
8.13328227947745e-11	1.1862569e-9
8.342022485772773e-11	1.2167021e-9
8.55612702987522e-11	1.2479286e-9
8.775719324464403e-11	1.2799566e-9
9.000947464755856e-11	1.3128066e-9
9.231951318453139e-11	1.3464997e-9
9.468887208283761e-11	1.3810575e-9
9.711911456975229e-11	1.4165022e-9
9.961163932231104e-11	1.4528567e-9
1.0216817411802842e-10	1.4901441e-9
1.0479028218417951e-10	1.5283885e-9
1.0747969129827888e-10	1.5676145e-9
1.1023821151296085e-10	1.6078472e-9
1.1306740605550045e-10	1.6491125e-9
1.1596933180389126e-10	1.6914368e-9
1.189456342605281e-10	1.7348474e-9
1.2199837030340447e-10	1.7793721e-9
1.2512943226027444e-10	1.8250396e-9
1.2834087700913153e-10	1.8718791e-9
1.3163476142796928e-10	1.9199207e-9
1.350131423947812e-10	1.9691953e-9
1.3847824133780033e-10	2.0197346e-9
1.4203227968525966e-10	2.0715709e-9
1.4567756114051192e-10	2.1247376e-9
1.494163071317902e-10	2.1792688e-9
1.5325106818780638e-10	2.2351996e-9
1.5718431256215275e-10	2.2925658e-9
1.6121842623330182e-10	2.3514044e-9
1.6535604200508526e-10	2.411753e-9
1.6959987495645455e-10	2.4736504e-9
1.7395264016636117e-10	2.5371365e-9
1.7841713498887628e-10	2.6022519e-9
1.8299623905319086e-10	2.6690385e-9
1.8769283198849579e-10	2.7375391e-9
1.9250995797422157e-10	2.8077979e-9
1.9745066118979857e-10	2.8798598e-9
2.0251823264001645e-10	2.9537711e-9
2.0771588105454517e-10	3.0295795e-9
2.1304681516305452e-10	3.1073334e-9
2.1851465507081323e-10	3.1870828e-9
2.2412285633285034e-10	3.2688791e-9
2.2987495677931474e-10	3.3527746e-9
2.357746587905948e-10	3.4388233e-9
2.418258292973184e-10	3.5270804e-9
2.4803225295499357e-10	3.6176027e-9
2.543979612444877e-10	3.7104482e-9
2.6092706792178773e-10	3.8056765e-9
2.6762376901800054e-10	3.9033489e-9
2.7449226056423286e-10	4.0035281e-9
2.815371499671903e-10	4.1062783e-9
2.8876271553309934e-10	4.2116656e-9
2.9617381149402476e-10	4.3197577e-9
3.0377512753179167e-10	4.4306239e-9
3.115714356033452e-10	4.5443355e-9
3.19567919041229e-10	4.6609656e-9
3.277695966277473e-10	4.7805889e-9
3.361818162456833e-10	4.9032823e-9
3.4480984350270027e-10	5.0291247e-9
3.5365935538206053e-10	5.1581968e-9
3.6273602886702615e-10	5.2905815e-9
3.7204562321597907e-10	5.4263638e-9
3.8159414451266027e-10	5.565631e-9
3.9138768111593074e-10	5.7084725e-9
4.0143265048513015e-10	5.85498e-9
4.1173538780447877e-10	6.0052476e-9
4.223025573586754e-10	6.1593718e-9
4.33140905707539e-10	6.3174516e-9
4.4425742623624746e-10	6.4795885e-9
4.556592768802182e-10	6.6458867e-9
4.673536978499887e-10	6.8164528e-9
4.793483407316947e-10	6.9913966e-9
4.916507748363523e-10	7.1708302e-9
5.042689808505767e-10	7.354869e-9
5.172109394609825e-10	7.5436312e-9
5.304851250049031e-10	7.7372379e-9
5.441000118196719e-10	7.9358135e-9
5.580643210679815e-10	8.1394855e-9
5.723869384627639e-10	8.3483848e-9
5.870772433676695e-10	8.5626454e-9
6.021445328712293e-10	8.782405e-9
6.175985154375725e-10	9.0078048e-9
6.334491463561879e-10	9.2389894e-9
6.497065454668036e-10	9.4761073e-9
6.663812439847465e-10	9.7193109e-9
6.834838554004634e-10	9.9687562e-9
7.010254045799993e-10	1.02246036e-8
7.190171632147589e-10	1.04870172e-8
7.374706498215059e-10	1.07561657e-8
7.563977942926029e-10	1.10322219e-8
7.758106910706517e-10	1.1315363e-8
7.95721845973853e-10	1.16057709e-8
8.16143929370647e-10	1.19036321e-8
8.370902698304317e-10	1.22091379e-8
8.585741136474857e-10	1.25224844e-8
8.806093653170448e-10	1.2843873e-8
9.032100938845849e-10	1.317351e-8
9.263909443214201e-10	1.35116071e-8
9.501666438739841e-10	1.38583815e-8
9.745525779896682e-10	1.42140557e-8
9.99564461216343e-10	1.45788584e-8
1.025218172652119e-9	1.49530236e-8
1.0515303318711835e-9	1.53367918e-8
1.0785177229979636e-9	1.57304094e-8
1.1061978706329644e-9	1.61341291e-8
1.1345882993766909e-9	1.65482103e-8
1.1637074388559646e-9	1.69729188e-8
1.1935738832478475e-9	1.74085274e-8
1.224206884930359e-9	1.78553159e-8
1.2556260253819973e-9	1.83135712e-8
1.2878516265573385e-9	1.87835876e-8
1.3209041749611981e-9	1.92656669e-8
1.354805144399829e-9	1.97601188e-8
1.3895760909546029e-9	2.02672607e-8
1.4252394757332091e-9	2.07874183e-8
1.461818088943816e-9	2.13209258e-8
1.4993355435457896e-9	2.18681257e-8
1.5378158638740943e-9	2.24293694e-8
1.5772838147397718e-9	2.30050174e-8
1.6177646546045828e-9	2.35954394e-8
1.6592844646814854e-9	2.42010145e-8
1.7018699021092754e-9	2.48221317e-8
1.7455481999525875e-9	2.54591897e-8
1.790347578577493e-9	2.61125979e-8
1.8362967520007811e-9	2.67827756e-8
1.8834251747153197e-9	2.74701535e-8
1.9317631239651728e-9	2.81751728e-8
1.9813416174704832e-9	2.88982864e-8
2.0321926602528307e-9	2.96399587e-8
2.084348668709393e-9	3.04006659e-8
2.1378433756392638e-9	3.11808966e-8
2.1927109252171356e-9	3.19811519e-8
2.248986695744497e-9	3.28019457e-8
2.306706723723795e-9	3.36438051e-8
2.3659081975091528e-9	3.45072707e-8
2.4266290459307706e-9	3.53928971e-8
2.488908267395406e-9	3.6301253e-8
2.5527859298863728e-9	3.72329219e-8
2.618303006413302e-9	3.81885019e-8
2.685501539562382e-9	3.91686068e-8
2.754424723771476e-9	4.01738661e-8
2.8251168230550052e-9	4.12049252e-8
2.897623171003947e-9	4.22624464e-8
2.971990499886314e-9	4.33471088e-8
3.048266364721317e-9	4.44596089e-8
3.1264998837554424e-9	4.56006613e-8
3.20674124481173e-9	4.67709987e-8
3.2890420343902596e-9	4.79713728e-8
3.373455073117904e-9	4.92025543e-8
3.460034498023453e-9	5.0465334e-8
3.5488360093629714e-9	5.17605229e-8
3.6399166237944406e-9	5.30889526e-8
3.733334756652876e-9	5.44514765e-8
3.829150551050808e-9	5.58489694e-8
3.927425384227565e-9	5.72823288e-8
4.028222443475106e-9	5.87524753e-8
4.13160647931267e-9	6.0260353e-8
4.237643805486767e-9	6.18069302e-8
4.346402628071662e-9	6.33932003e-8
4.457952716368895e-9	6.50201818e-8
4.572365732007762e-9	6.66889197e-8
4.689715146670192e-9	6.84004856e-8
4.8100763243658665e-9	7.01559787e-8
4.933526521432224e-9	7.19565264e-8
5.060145133359814e-9	7.38032851e-8
5.190013365691821e-9	7.56974406e-8
5.323214645399661e-9	7.76402095e-8
5.4598345386078676e-9	7.96328394e-8
5.599960750594084e-9	8.16766101e-8
5.743683290339306e-9	8.37728339e-8
5.891094470527884e-9	8.59228571e-8
6.042288907547521e-9	8.81280605e-8
6.197363850589749e-9	9.03898603e-8
6.356418687999218e-9	9.2709709e-8
6.519555687749763e-9	9.50890965e-8
6.686879586068819e-9	9.75295507e-8
6.858497834262763e-9	1.00032639e-7
7.034520598716932e-9	1.025999689e-7
7.215061007720968e-9	1.052331891e-7
7.400234986918588e-9	1.079339906e-7
7.590161423857817e-9	1.107041081e-7
7.784962332541232e-9	1.135453204e-7
7.98476277115084e-9	1.164594522e-7
8.189691088873433e-9	1.194483749e-7
8.399878925900602e-9	1.225140081e-7
8.615461131153602e-9	1.256583206e-7
8.836576255934073e-9	1.288833316e-7
9.063366307098693e-9	1.321911122e-7
9.2959769116094e-9	1.355837868e-7
9.534557398808528e-9	1.390635341e-7
9.779261129519274e-9	1.426325888e-7
1.0030245084670101e-8	1.462932431e-7
1.0287670523495705e-8	1.500478477e-7
1.0551702818986765e-8	1.53898814e-7
1.0822511457889944e-8	1.578486151e-7
1.1100270369808381e-8	1.618997874e-7
1.138515792720167e-8	1.660549328e-7
1.1677357109936119e-8	1.703167197e-7
1.1977055587559857e-8	1.74687885e-7
1.2284445719302836e-8	1.79171236e-7
1.2599725047727557e-8	1.837696517e-7
1.2923096051903701e-8	1.884860855e-7
1.3254766311958377e-8	1.933235662e-7
1.3594948838176594e-8	1.982852004e-7
1.3943862153276385e-8	2.033741746e-7
1.4301730292408806e-8	2.085937569e-7
1.4668783049983294e-8	2.139472994e-7
1.5045256226493022e-8	2.194382401e-7
1.5431391546239798e-8	2.250701054e-7
1.5827436986434516e-8	2.308465121e-7
1.6233646941747415e-8	2.367711698e-7
1.665028222430808e-8	2.428478834e-7
1.7077610392805905e-8	2.490805553e-7
1.7515905999315468e-8	2.554731883e-7
1.7965450342471164e-8	2.620298878e-7
1.8426532207943283e-8	2.687548644e-7
1.8899447703887773e-8	2.75652437e-7
1.9384500590046725e-8	2.827270353e-7
1.988200227774835e-8	2.899832025e-7
2.0392272323557727e-8	2.974255988e-7
2.0915638347001665e-8	3.050590036e-7
2.145243660649455e-8	3.128883191e-7
2.200301167023785e-8	3.209185733e-7
2.256771732124646e-8	3.291549235e-7
2.3146915981422835e-8	3.376026589e-7
2.3740979781133563e-8	3.462672047e-7
2.435029014783377e-8	3.551541255e-7
2.497523846426806e-8	3.642691284e-7
2.5616225986195413e-8	3.736180672e-7
2.6273664418315013e-8	3.832069457e-7
2.6947975996541372e-8	3.93041922e-7
2.763959373482969e-8	4.031293122e-7
2.8348961672001204e-8	4.134755946e-7
2.907653561221928e-8	4.240874134e-7
2.98227826313387e-8	4.349715838e-7
3.058818198193195e-8	4.461350955e-7
3.137322534011459e-8	4.575851179e-7
3.217841664099505e-8	4.693290042e-7
3.3004273230526263e-8	4.813742964e-7
3.3851325289579836e-8	4.937287302e-7
3.472011698579774e-8	5.064002395e-7
3.5611206062216694e-8	5.193969621e-7
3.6525164824569624e-8	5.327272445e-7
3.746258038811101e-8	5.463996477e-7
3.842405459534174e-8	5.60422952e-7
3.9410204921035475e-8	5.748061633e-7
4.0421664719064e-8	5.895585186e-7
4.145908363377278e-8	6.046894919e-7
4.252312776453124e-8	6.202088005e-7
4.361448048848394e-8	6.361264109e-7
4.473384278965109e-8	6.524525456e-7
4.588193334120362e-8	6.691976892e-7
4.705948957503978e-8	6.863725957e-7
4.8267267681785105e-8	7.039882947e-7
4.950604335126852e-8	7.220560993e-7
5.077661210162278e-8	7.405876127e-7
5.207978985521038e-8	7.59594736e-7
5.341641359682445e-8	7.790896756e-7
5.478734170278924e-8	7.990849513e-7
5.619345451688597e-8	8.195934041e-7
5.763565517310407e-8	8.406282048e-7
5.9114869760191316e-8	8.622028621e-7
6.063204830895537e-8	8.843312312e-7
6.218816503908909e-8	9.070275232e-7
6.37842194287471e-8	9.303063138e-7
6.542123646137111e-8	9.541825527e-7
6.710026736616608e-8	9.786715734e-7
6.882239052312644e-8	1.0037891029e-6
7.058871179213663e-8	1.0295512718e-6
7.240036558254766e-8	1.0559746248e-6
7.425851534682777e-8	1.0830761311e-6
7.616435432103858e-8	1.1108731954e-6
7.811910651213646e-8	1.1393836692e-6
8.012402727389846e-8	1.1686258621e-6
8.218040421194848e-8	1.1986185536e-6
8.428955784195842e-8	1.2293810052e-6
8.645284274149963e-8	1.2609329727e-6
8.867164820824412e-8	1.293294719e-6
9.094739916499065e-8	1.3264870269e-6
9.328155706469121e-8	1.3605312129e-6
9.567562096002747e-8	1.3954491402e-6
9.813112824388692e-8	1.4312632335e-6
1.0064965596576474e-7	1.4679964926e-6
1.0323282157223994e-7	1.5056725079e-6
1.0588228389427674e-7	1.5443154753e-6
1.0859974438135139e-7	1.5839502113e-6
1.1138694841785405e-7	1.6246021698e-6
1.1424568573446449e-7	1.6662974577e-6
1.1717779230047973e-7	1.7090628518e-6
1.2018515122884036e-7	1.7529258164e-6
1.23269693681157e-7	1.7979145206e-6
1.2643340076003787e-7	1.8440578564e-6
1.2967830416728988e-7	1.8913854573e-6
1.3300648768487067e-7	1.9399277173e-6
1.3642008882039117e-7	1.9897158107e-6
1.399212997121417e-7	2.0407817116e-6
1.4351236893914487e-7	2.0931582149e-6
1.4719560267300696e-7	2.146878957e-6
1.5097336632342054e-7	2.2019784378e-6
1.5484808601911656e-7	2.2584920425e-6
1.5882225008881646e-7	2.3164560644e-6
1.6289841070673458e-7	2.3759077284e-6
1.670791857026309e-7	2.4368852147e-6
1.713672599604879e-7	2.4994276834e-6
1.7576538731083845e-7	2.5635752997e-6
1.8027639225854321e-7	2.6293692596e-6
1.849031717928435e-7	2.6968518164e-6
1.8964869719741357e-7	2.7660663076e-6
1.9451601618951398e-7	2.8370571834e-6
1.9950825456549398e-7	2.9098700345e-6
2.0462861833994451e-7	2.9845516217e-6
2.0988039588485138e-7	3.061149906e-6
2.1526695982192305e-7	3.1397140793e-6
2.207917695731192e-7	3.220294596e-6
2.2645837308842852e-7	3.3029432053e-6
2.3227040956094739e-7	3.3877129847e-6
2.382316114837579e-7	3.474658374e-6
2.443458072004568e-7	3.5638352098e-6
2.506169232088586e-7	3.6553007622e-6
2.5704898704062494e-7	3.7491137708e-6
2.6364612915359206e-7	3.8453344829e-6
2.7041258646960127e-7	3.9440246922e-6
2.77352704431377e-7	4.0452477779e-6
2.8447093988215546e-7	4.1490687462e-6
2.917718643566899e-7	4.2555542716e-6
2.9926016646722926e-7	4.3647727397e-6
3.069406552767973e-7	4.4767942912e-6
3.1481826326109776e-7	4.5916908671e-6
3.2289804935269317e-7	4.7095362546e-6
3.3118520264338564e-7	4.8304061349e-6
3.396850450170206e-7	4.9543781311e-6
3.484030350986923e-7	5.081531859e-6
3.573447717925742e-7	5.2119489773e-6
3.665159974906488e-7	5.3457132408e-6
3.759226019396378e-7	5.4829105537e-6
3.855706261902082e-7	5.6236290249e-6
3.954662661348023e-7	5.7679590247e-6
4.056158770327694e-7	5.9159932426e-6
4.160259768013707e-7	6.0678267472e-6
4.2670325103456087e-7	6.2235570469e-6
4.376545566230946e-7	6.3832841525e-6
4.488869266910326e-7	6.5471106418e-6
4.6040757462722315e-7	6.7151417252e-6
4.7222389902180875e-7	6.8874853132e-6
4.843434885204589e-7	7.0642520859e-6
4.967741263495012e-7	7.245555564e-6
5.095237954992537e-7	7.4315121818e-6
5.22600683907358e-7	7.6222413616e-6
5.360131896421113e-7	7.817865591e-6
5.49769926332625e-7	8.0185105009e-6
5.638797285167065e-7	8.2243049467e-6
5.783516577292185e-7	8.4353810909e-6
5.931950078499624e-7	8.6518744879e-6
6.084193114388615e-7	8.873924171e-6
6.240343455774951e-7	9.1016727419e-6
6.400501382865579e-7	9.3352664621e-6
6.564769751078691e-7	9.5748553469e-6
6.733254054395571e-7	9.8205932617e-6
6.90606249364894e-7	0.0000100726380209
7.083306048102316e-7	0.0000103311514891
7.265098545383861e-7	0.0000105962996853
7.451556732242985e-7	0.0000108682528893
7.642800353534461e-7	0.000011147185751
7.838952227911538e-7	0.0000114332774028
8.040138324341797e-7	0.0000117267115746
8.246487846850528e-7	0.0000120276771802
8.458133313504843e-7	0.0000123363719944
8.675210644448061e-7	0.0000126529898184
8.897859248288571e-7	0.0000129777340114
9.126222110956972e-7	0.0000133108131523
9.360445888676951e-7	0.0000136524411735
9.600681001758932e-7	0.0000140028374989
9.847081730039194e-7	0.0000143622271842
1.009980631325554e-6	0.0000147308410617
1.0359017053891179e-6	0.0000151089158889
1.0624880417550377e-6	0.0000154966945
1.089756714402988e-6	0.0000158944259625
1.11772523534538e-6	0.0000163023657365
1.1464115662281553e-6	0.0000167207758395
1.1758341296024747e-6	0.0000171499250142
1.2060118206900634e-6	0.0000175900889013
1.236964019889027e-6	0.0000180415502166
1.2687106048682951e-6	0.0000185045989327
1.3012719634848141e-6	0.0000189795324648
1.3346690067830183e-6	0.0000194666558624
1.368923182652497e-6	0.0000199662820049
1.4040564892388405e-6	0.0000204787318023
1.4400914893417866e-6	0.0000210043344019
1.4770513249779153e-6	0.0000215434273995
1.5149597319433463e-6	0.000022096357056
1.5538410551169105e-6	0.0000226634785203
1.5937202645037982e-6	0.000023245156057
1.634622970621008e-6	0.0000238417632806
1.6765754415282946e-6	0.0000244536833956
1.7196046192831931e-6	0.0000250813094422
1.7637381375478972e-6	0.0000257250445495
1.809004339113855e-6	0.0000263853021936
1.8554322942491252e-6	0.0000270625064639
1.9030518191280014e-6	0.0000277570923351
1.9518934954947665e-6	0.0000284695059469
2.001988689669246e-6	0.0000292002048904
2.0533695730333097e-6	0.0000299496585018
2.1060691427642072e-6	0.0000307183481645
2.1601212428969944e-6	0.0000315067676178
2.2155605858806153e-6	0.0000323154232741
2.272422775285836e-6	0.0000331448345444
2.3307443283486293e-6	0.000033995534172
2.390562699583129e-6	0.0000348680685742
2.451916304559145e-6	0.0000357629981941
2.5148445450783465e-6	0.0000366808978596
2.5793878339390746e-6	0.0000376223571537
2.6455876212643793e-6	0.0000385879807923
2.7134864209946096e-6	0.0000395783890133
2.783127838038202e-6	0.0000405942179746
2.854556596738872e-6	0.0000416361201709
2.9278185688491554e-6	0.0000427047648606
3.002960803807652e-6	0.0000438008384835
3.080031558358068e-6	0.0000449250451014
3.1590803277314873e-6	0.0000460781068493
3.2401578776513945e-6	0.0000472607644005
3.3233162765855172e-6	0.0000484737774418
3.4086089293140798e-6	0.0000497179251619
3.4960906113208017e-6	0.000050994006752
3.5858175038420974e-6	0.0000523028419197
3.67784723006813e-6	0.000053645271415
3.772238892002065e-6	0.0000550221575714
3.869053108635727e-6	0.0000564343848593
3.968352054536627e-6	0.0000578828604547
4.070199500080499e-6	0.0000593685148222
4.174660852424313e-6	0.0000608923023125
4.281803197219751e-6	0.0000624552017763
4.39169534188993e-6	0.0000640582171926
4.504407859975685e-6	0.0000657023783144
4.6200131358932375e-6	0.0000673887413302
4.73858541224239e-6	0.0000691183895426
4.860200836867891e-6	0.0000708924340645
4.98493751181313e-6	0.0000727120145333
5.112875543754797e-6	0.0000745782998431
5.244097095342541e-6	0.0000764924888957
5.378686437772783e-6	0.0000784558113713
5.51673000517257e-6	0.0000804695285184
5.658316449970722e-6	0.0000825349339646
5.803536699832225e-6	0.0000846533545477
5.952484016073557e-6	0.0000868261511684
6.105254053476708e-6	0.0000890547196652
6.261944921995515e-6	0.0000913404917105
6.422657249449303e-6	0.0000936849357317
6.587494246191133e-6	0.000096089557854
6.756561771668369e-6	0.000098555902869
6.929968401888281e-6	0.0001010855552266
7.107825499763268e-6	0.000103680140054
7.290247286196565e-6	0.0001063413241997
7.4773509134716465e-6	0.0001090708173045
7.66925654078079e-6	0.0001118703729007
7.866087411070035e-6	0.0001147417895384
8.06796993018785e-6	0.0001176869119416
8.275033748419776e-6	0.0001207076321938
8.48741184342174e-6	0.0001238058909537
8.705240605621648e-6	0.0001269836787025
8.92865992592464e-6	0.0001302430370228
9.157813285722085e-6	0.000133586059911
9.392847848546061e-6	0.0001370148951238
9.63391455509712e-6	0.0001405317455911
9.881168219917553e-6	0.0001441388708416
0.000010134767630615173	0.0001478385884211
0.000010394875650460415	0.0001516332753807
0.000010661659322299785	0.0001555253698047
0.000010935289976254007	0.0001595173723776
0.000011215943339555305	0.0001636118479923
0.000011503799649511144	0.0001678114273984
0.000011799043769265319	0.0001721188088935
0.000012101865306191852	0.000176536760058
0.000012412458734238105	0.0001810681195342
0.000012731023518407022	0.0001857157988509
0.000013057764242859498	0.0001904827842954
0.0000133928907424723	0.0001953721388332
0.000013736618237522429	0.0002003870040772
0.000014089167471909321	0.0002055306023069
0.000014450764854914891	0.0002108062385405
0.000014821642606419102	0.0002162173026592
0.000015202038906558423	0.0002217672715865
0.000015592198047934795	0.0002274597115236
0.00001599237059325475	0.000233298280242
0.00001640281353576591	0.0002392867294346
0.000016823790464218595	0.0002454289071283
0.000017255571732763953	0.0002517287601569
0.000017698434633813968	0.0002581903366992
0.000018152663576660764	0.0002648177888811
0.00001861855026979826	0.0002716153754449
0.000019096393908591727	0.0002785874644872
0.000019586501367061073	0.0002857385362669
0.00002008918739517661	0.0002930731860858
0.00002060477482092672	0.0003005961272422
0.000021133594757651175	0.0003083121940613
0.000021675986816804583	0.0003162263450029
0.00002223229932582092	0.0003243436658492
0.000022802889551901845	0.0003326693729738
0.000023388123931646555	0.0003412088166955
0.000023988378305947273	0.0003499674847176
0.00002460403816196034	0.0003589510056553
0.00002523549888009617	0.0003681651526549
0.00002588316598824933	0.000377615847104
0.00002654745542211703	0.0003873091624386
0.00002722879379251101	0.000397251328047
0.00002792761865892227	0.0004074487332742
0.00002864437881098431	0.0004179079315294
0.000029379534556353712	0.0004286356444979
0.000030133558016489242	0.0004396387664625
0.000030906933429917926	0.0004509243687347
0.0000317001574629059	0.0004624997042281
0.00003251373952876815	0.00047437221249
0.00003334820211482984	0.000486549524423
0.00003420408111794426	0.0004990394669349
0.000035081926188896436	0.0005118500679681
0.00003598230108503437	0.0005249895616637
0.000036905784032526314	0.0005384663936585
0.000037852968097832974	0.0005522892265186
0.00003882446156814767	0.0005664669453112
0.00003982088834253223	0.0005810086633215
0.00004084288833226773	0.0005959237279142
0.0000418911178719833	0.0006112217265471
0.00004296625014090468	0.000626912492939
0.000044068975595621404	0.0006430061133947
0.000045200002412973725	0.0006595129332941
0.00004636005694528089	0.0006764435637471
0.000047549884186594216	0.0006938088884188
0.00004877024825112693	0.0007116200705313
0.000050021932864025245	0.0007298885600442
0.000051305741864809815	0.0007486261010197
0.00005262249972340532	0.000767844739177
0.00005397305206958081	0.0007875568296403
0.00005535826623621236	0.0008077750448862
0.000056779031816367865	0.0008285123828942
0.00005823626123404962	0.0008497821755074
0.000059730890331062665	0.0008715980970072
0.00006126387896704728	0.0008939741729081
0.00006283621163670692	0.0009169247889783
0.00006444889810159888	0.0009404647004917
0.00006610297403862676	0.0009646090417174
0.00006779950170539934	0.0009893733356527
0.00006953957062229143	0.0010147735040057
0.00007132429827202905	0.0010408258774336
0.00007315483081753997	0.0010675472060447
0.00007503234383790462	0.0010949546701685
0.00007695804308331264	0.0011230658914034
0.00007893316524951843	0.0011518989439459
0.00008095897877179624	0.0011814723662125
0.00008303678464003969	0.0012118051727578
0.0000851679172335251	0.0012429168664991
0.00008735374517871196	0.0012748274512541
0.00008959567222736527	0.0013075574446004
0.00009189513815861992	0.0013411278910638
0.00009425361970350624	0.0013755603756452
0.00009667263149300617	0.0014108770376945
0.00009915372703120342	0.001447100585139
0.00010169849969270474	0.0014842543090772
0.00010430858374581325	0.0015223620987461
0.00010698565540227678	0.001561448457408
0.00010973143389377549	0.0016015385216859
0.00011254768257588942	0.0016426580759364
0.000115436210060451	0.0016848335671658
0.00011839887137735191	0.0017280921220509
0.00012143756916564019	0.0017724615644051
0.00012455425489530555	0.0018179704330928
0.00012775093012090552	0.0018646480004035
0.0001310296477665382	0.0019125242908969
0.0001343925134445479	0.0019616301007323
0.00013784168680755214	0.0020119970174928
0.000141379382935518	0.0020636574405185
0.0001450078737583811	0.0021166446017612
0.0001487294895149481	0.0021709925871735
0.0001525466202492343	0.0022267363586466
0.00015646171734571722	0.0022839117765097
0.00016047729510350675	0.002342555622607
0.00016459593235082956	0.0024027056239651
0.00016882027410147427	0.0024644004770675
0.0001731530332532789	0.0025276798727508
0.00017759699233038887	0.0025925845217375
0.00018215500527027261	0.0026591561808243
0.0001868299992562352	0.0027274376797394
0.00019162497659781634	0.0027974729486881
0.00019654301665841413	0.0028693070466031
0.00020158727783309668	0.002942986190117
0.00020676099957693043	0.0030185577832772
0.00021206750448538917	0.0030960704480196
0.00021751020042791222	0.0031755740554219
0.0002230925827367517	0.0032571197577559
0.00022881823645160248	0.0033407600213587
0.00023469083862198904	0.0034265486603441
0.0002407141606684792	0.0035145408711748
0.0002468920708049458	0.0036047932681171
0.0002532285365226172	0.003697363919602
0.0002597276271381379	0.0037923123855123
0.0002663935164067904	0.0038896997554234
0.00027323048520301916	0.003989588687817
0.00028024292426948895	0.004092043450297
0.0002874353370370644	0.0041971299608287
0.0002948123425166163	0.0043049158300298
0.0003023786782656974	0.0044154704045384
0.0003101392034309945	0.0045288648114851
0.0003180989018686121	0.0046451720040976
0.00032626288534506827	0.004764466808465
0.0003346363968199897	0.004886825971492
0.00034322481381297414	0.0050123282100721
0.0003520336518574175	0.0051410542615106
0.00036106856804245805	0.0052730869405069
0.00037033536464583394	0.0054085112107001
0.0003798399928603708	0.0055474142245954
0.00038958855661590697	0.0056898853737436
0.0003995873164988813	0.0058360163461368
0.0004098426937735287	0.0059859011850645
0.00042036127450501584	0.0061396363494679
0.0004311498137896989	0.0062973207758278
0.0004422152400925853	0.0064590559416263
0.00045356465969751287	0.0066249459304194
0.00046520536127029244	0.0067950974985631
0.0004771448205399153	0.0069696201436312
0.0004893907050993886	0.0071486261745697
0.0005019508793297372	0.007332230783628
0.0005148334094509549	0.0075205521201135
0.0005280465687017996	0.0077137113660122
0.000541598842652956	0.007911832813524
0.0005554989346567745	0.0081150439445567
0.0005697557714364675	0.0083234755122304
0.0005843785088187924	0.0085372616244381
0.0005993765376141728	0.0087565398295168
0.0006147594896473817	0.0089814512040768
0.0006305372439433146	0.0092121404430449
0.0006467199330711416	0.0094487559519745
0.0006633179496518583	0.0096914499416775
0.0006803419530318667	0.009940378525235
0.0006978028761293359	0.0101957018174437
0.0007157119324544903	0.0104575840367588
0.0007340806233118096	0.0107261936097913
0.0007529207451856191	0.0110017032784231
0.0007722443973160652	0.011284290209602
0.000792063989469507	0.0115741361078817
0.0008123922499078484	0.0118714273307717
0.000833242233562901	0.0121763550069649
0.0008546273304203827	0.0124891151575107
0.0008765612741187381	0.0128099088200052
0.000899058150769277	0.013138942175868
0.0009221324080023252	0.0134764266807799
0.0009457988642453886	0.0138225791983564
0.0009700727182399168	0.0141776221371313
0.000994969558801683	0.0145417835909299
0.001020505374832267	0.0149152974827103
0.001046696565587237	0.0152984037119527
0.001073559951207612	0.015691348305681
0.0011011127835223384	0.0160943835731985
0.0011293727571267166	0.0165077682646252
0.0011583580207469811	0.0169317677333232
0.0011880871888945716	0.017366654102415
0.0012185793538211193	0.0178127064856489
0.0012498540977794953	0.018270211248672
0.0012819315055992361	0.0187394620910351
0.0013148321775858808	0.0192207602115709
0.0013485772427498256	0.0197144144974866
0.0013831883723761217	0.0202207417180744
0.001418687793941561	0.0207400667231429
0.001455098305389324	0.0212727226462771
0.0014924432897701696	0.0218190511130318
0.0015307467302588767	0.0223794024541714
0.001570033225556723	0.0229541359240641
0.0016103280056884723	0.0235436199243453
0.0016516569482058021	0.0241482322329666
0.0016940465948054777	0.0247683602387428
0.0017375241683749482	0.0254044011815212
0.001782117590474985	0.0260567623980885
0.0018278554992709718	0.0267258615739412
0.0018747672679245973	0.0274121270010404
0.001922883023457406	0.0281159978416792
0.001972233666098694	0.0288379243985874
0.002022850889129613	0.0295783683914054
0.0020747671992369615	0.0303378032396537
0.0021280159373891013	0.0311167143523348
0.002182631300247808	0.0319155994242961
0.0022386483621294768	0.0327349687394929
0.0022961030975299935	0.0335753454812847
0.0023550324042279965	0.0344372660499043
0.0024154741269806915	0.0353212803872364
0.002477467081828002	0.0362279523090487
0.002541051081020448	0.0371578598448115
0.002606266958587048	0.0381115955852534
0.0026731565965587008	0.0390897670377896
0.0027417629518656514	0.0400929969899711
0.0028121300839240903	0.0411219238810945
0.002884303182931884	0.0421772021821196
0.0029583285988898913	0.0432595027840352
0.003034253871367783	0.0443695133948232
0.0031121277600350225	0.0455079389451578
0.0031920002759737902	0.0466755020029904
0.0032739227137968865	0.0478729431971583
0.003357947684589537	0.0491010216501637
0.0034441291496961637	0.0503605154202604
0.0035325224553749974	0.0516522219529928
0.003623184368341501	0.0529769585423211
0.003716173112224561	0.0543355628014739
0.0038115484049580594	0.055728893143659
0.003909371497131776	0.0571578292727673
0.004009705211327205	0.0586232726822531
0.0041126139824625586	0.0601261470455448
0.004218163899173038	0.061667398651182
0.004326422746253688	0.0632479970926749
0.004437460048190756	0.0648689358246601
0.004551347113811322	0.0665312327138215
0.004668157082077718	0.068235930600513
0.004787964969058146	0.0699840978711702
0.004910847716102214	0.0717768290416039
0.005036884239253403	0.073615245351246
0.005166155479929218	0.075500495368426
0.005298744456902287	0.0774337556067323
0.0054347363196157	0.0794162311525186
0.005574218402866187	0.0814491563035892
0.0057172802828913925	0.0835337952191031
0.0058640138348957345	0.0856714425807089
0.006014513292054091	0.0878634242649243
0.00616887530602811	0.090111098026747
0.00632719900903678	0.0924158541944839
0.006489586077519857	0.0947791163757535
0.006656140797434922	0.0972023421746179
0.00682697013123058	0.0996870239197641
0.007002183786538187	0.1022346894036554
0.007181894286627012	0.104846902632534
0.0073662170426672885	0.1075252645871527
0.007555270427847759	0.1102714139940747
0.007749175853395909	0.1130870281073728
0.007948057846548865	0.1159738235005147
0.008152044130525641	0.1189335568682176
0.008361265706551633	0.121968025838
0.008575856937988478	0.1250790697911562
0.00879595563662288	0.1282685706928188
0.009021703151170533	0.1315384539307702
0.009253244458050675	0.1348906891625973
0.009490728254491152	0.1383272911707787
0.009734307054022284	0.1418503207252203
0.00998413728442276	0.1454618854527475
0.010240379388177382	0.1491641407129853
0.010503197925515231	0.152959290480044
0.010772761680090658	0.1568495882293451
0.011049243767377369	0.1608373378289092
0.011332821745844174	0.1649248944343343
0.011623677730983937	0.1691146653866724
0.01192199851226972	0.1734091111123334
0.012227975673111648	0.177810746024079
0.012541805713893203	0.1823221394221329
0.012863690178164775	0.1869459163943268
0.013193835782076275	0.1916847587141727
0.013532454547131464	0.1965414054610886
0.013879763936349454	0.201518647895746
0.01423598699392075	0.2066193296773103
0.014601352488447529	0.2118463530997927
0.014976095059860334	0.2172026801244752
0.015360455370105199	0.2226913331521402
0.015754680257698293	0.2283153957792118
0.016159022896246863	0.2340780135358934
0.016573742957039124	0.2399823946042322
0.016999106775806603	0.2460318105139851
0.01743538752376656	0.2522295968140011
0.017882865383054267	0.2585791537167704
0.018341827726657448	0.265083946713622
0.01881256930296942	0.2717475071579838
0.01929539242507773	0.2785734328139396
0.019790607164911968	0.2855653883672435
0.020298531552373072	0.2927271058957685
0.020819491779575334	0.30006238529628
0.021353822410327378	0.3075750946642379
0.021901866594992513	0.3152691706232419
0.022463976290860815	0.3231486186005278
0.023040512488179208	0.3312175130448465
0.023631845441980534	0.3394799975828309
0.024238354909864826	0.3479402851098772
0.02486043039588061	0.3566026578113383
0.02549847140066784	0.3654714671097461
0.026152887678019057	0.3745511335335394
0.02682409949802588	0.3838461465026948
0.027512537916978868	0.3933610640264176
0.028218645054195045	0.4031005123079637
0.028942874375948696	0.4130691852514261
0.029685690986690997	0.4232718438652301
0.03044757192774215	0.4337133155568496
0.03122900648365105	0.4443984933131682
0.03203049649641605	0.4553323347606776
0.03285255668777108	0.4665198610996204
0.033695714989743566	0.4779661559059861
0.034560512883694855	0.4896763637951277
0.03544750574806331	0.5016556889406653
0.03635726321503151	0.513909393442136
0.03729036953634753	0.5264427955348083
0.03824742395853487	0.5392612676348669
0.03922904110773244	0.5523702342131618
0.04023585138441058	0.5657751694905118
0.04126850136821921	0.5794815949475801
0.04232765423322361	0.5934950766421417
0.04341399017380053	0.6078212223266343
0.04452820684146142	0.6224656783587099
0.04567101979288999	0.6374340967401694
0.04684316294947591	0.6527318271385818
0.048045389068644424	0.6683640043434665
0.04927847022728065	0.6843357284233661
0.05054319831756367	0.7006520603981602
0.05184038555552231	0.7173180147200886
0.05317086500264754	0.7343385514036379
0.05453549110088731	0.7517185677976609
0.055935140221376585	0.769462889993683
0.057370711227245914	0.7875762638647132
0.05884312605087898	0.8060633457295902
0.060353330285981194	0.8249286926383507
0.06190229379484738	0.8441767522749666
0.06349101133121157	0.8638118524743729
0.0651205031790856	0.8838381903517036
0.06679181580798989	0.9042598210423659
0.06850602254500432	0.9250806460527268
0.07026422426406351	0.9463044012220485
0.07206755009294659	0.9679346442975987
0.07391715813840807	0.9899747421258938
0.07581423622992266	1.0124278574644758
0.07776000268251507	1.0352969354198094
0.07975570707917086	1.058584689518524
0.08180263107332422	1.0822935874205426
0.0839020892119458	1.1064258362844734
0.08605542977975084	1.1309833677971197
0.08826403566507623	1.1559678228809278
0.09052932524798135	1.1813805360949552
0.0928527533111375	1.2072225197468556
0.09523581197410096	1.2334944477355558
0.09768003165155874	1.2601966391461534
0.10018698203617239	1.28732904162101
0.1027582731066418	1.3148912145329636
0.10539555616164603	1.3428823119891578
0.10810052488031409	1.371301065696061
0.11087491640991919	1.4001457677189222
0.11372051248148207	1.429414253171072
0.11663914055401267	1.4591038828712204
0.11963267498811193	1.4892115260091225
0.1227030382497011	1.5197335428627503
0.12585220214463722	1.5506657676123508
0.12908218908502272	1.5820034912994918
0.13239507338800666	1.613741444981435
0.13579298260792777	1.6458737831337973
0.13927809890263876	1.678394067356592
0.1428526604349052	1.7112952504412589
0.1465189628097633	1.7445696608582077
0.1502793605487752	1.778208987726747
0.15413626860211302	1.8122041990876816
0.1580921638994587	1.8465451722305424
0.16214958694069886	1.8812209050629727
0.16631114342745337	1.9162196501015918
0.17057950593646853	1.9515289015197212
0.17495741563596667	1.9871353828390996
0.1794476840460357	2.0230250356182387
0.18405319484420982	2.0591830092153183
0.18877690571737918	2.095593651703447
0.19362185026123993	2.132240502016318
0.19859113992848185	2.169106283401539
0.20368796602698797	2.2061728982583175
0.20891560176930613	2.243421424434618
0.2142774043747315	2.280832113057499
0.21977681722532713	2.3183843879678463
0.2254173720772913	2.3560568468283813
0.23120269132906635	2.3938272639704383
0.2371364903476684	2.431672595041601
0.24322257985471996	2.4695689835120604
0.24946486837371334	2.507491769092868
0.2558673647400943	2.545415498114367
0.2624341806757537	2.5833139359071065
0.26916953342960753	2.621160081221758
0.2760777484859318	2.6589261827175763
0.28316326234222305	2.696583757542188
0.2904306253583351	2.734103612017573
0.2978845046787565	2.7714558644394716
0.3055296872298704	2.8086099699886855
0.3133710827941562	2.8455347477443285
0.3214137271632723	2.882198409779618
0.329662785372082	2.918568592311765
0.33812355501565994	2.954612388867525
0.3468014696514494	2.9902963854164786
0.3557021022887166	3.025586697413808
0.3648311689675803	3.0604490086846505
0.374194532429877	3.094848612071657
0.3837982058842605	3.1287504517577993
0.3936483568679093	3.162119167166168
0.4037513112073676	3.1949191383292193
0.4141135570810184	3.2271145326101216
0.42474174918584173	3.25866935265015
0.43564271301109025	3.2895474854070255
0.44682344922167133	3.319712752141301
0.45829113815400424	3.349128959199921
0.4700531444272883	3.37775994943939
0.4821170216730926	3.4055696541244385
0.4944905173863577	3.432522145132805
0.5071815779008694	3.4585816874342625
0.5201983534924575	3.48371566575547
0.5335492036131363	3.5079022703224747
0.5472427022596114	3.5311229929748817
0.5612876434795364	3.5533604385705546
0.5756930470191193	3.574598364618789
0.5904681641156415	3.5948217184215965
0.6056224834386761	3.6140166715834177
0.6211657371837523	3.6321706517598953
0.6371079073224387	3.6492723715279047
0.6534592320128306	3.665311854271147
0.6702302121745424	3.680280456988459
0.6874316182324777	3.694170889945558
0.7050744970336564	3.7069772331048574
0.7231701789415498	3.7186949492824644
0.7417302851125376	3.7293208939962885
0.7607667349590661	3.738853321984043
0.7802917538043763	3.747291890385162
0.8003178807336592	3.7546376585957097
0.8208579766467643	3.760893084820409
0.841925232517526	3.7660620193607146
0.8635331778650988	3.770149694692432
0.8856956894426707	3.7731627124004343
0.9084270001492354	3.7751090270517227
0.9317417081700216	3.7759979271010136
0.9556547863515487	3.7758400129354333
0.9801815918172523	3.774647172176455
1.0053378758299627	3.772432552367933
1.0311397939074334	3.7692105311889668
1.0576039161975268	3.7649966843391827
1.0847472381196346	3.759807751251903
1.1125871912792815	3.7536615987975184
1.1411416546627804	3.746577183145165
1.170428966119239	3.738574509955443
1.200467934137206	3.7296745930805884
1.2312778499236448	3.7198994119508413
1.262878499792831	3.709271867827392
1.2952901778732597	3.6978157391023774
1.328533699140622	3.685555635825893
1.362630412785362	3.6725169536381306
1.39760221592322	3.658725827282204
1.4334715676577123	3.6442090838695553
1.470261503503463	3.6289941960654546
1.5079956501798102	3.6131092353567653
1.5466982407839889	3.596582825558358
1.5863941303537927	3.57944409670771
1.627108811829587	3.5617226394901835
1.6688684324260943	3.5434484603295435
1.711699810424261	3.524651921615872
1.7556304523940842	3.5053609492331868
1.8006885708595683	3.485597778922122
1.8469031024169313	3.465383995561824
1.8943037263178866	3.4447412579896803
1.9429208835297853	3.4236912697165325
1.992785796285068	3.4022557507445605
2.04393048813232	3.380456410533281
2.096387804502015	3.358314922151957
2.1501914337999906	3.335852897650012
2.2053759290424333	3.3130918646702363
2.261976730045978	3.290053244323307
2.320030186187403	3.266758330335723
2.3795735797473516	3.243228269477444
2.440645149853339	3.2194840432696834
2.503284117037087	3.1955464509681697
2.567530708422218	3.171436093811887
2.6334261835582846	3.1471733605228223
2.7010128609180155	3.122778414037642
2.770334145074416	3.0982711794484916
2.84143455457549	3.0736713331262058
2.9143597505342367	3.0489982929960573
2.9891565659526194	3.024271209933117
3.0658730357979147	2.9995089602418505
3.1445584278511087	2.9747301391821432
3.2252632743468723	2.9499530555021654
3.3080394044257986	2.925195726936718
3.3929399774193056	2.9004758766286245
3.4800195169889254	2.875810930429524
3.5693339461416316	2.8512180150358426
3.660940623144078	2.82671395691512
3.754898378358329	2.8023152819778843
3.8512675520231268	2.7780382159500467
3.9501100330046435	2.753898685401235
4.0514892985420525	2.7299123193847055
4.155470455012885	2.7060944516453733
4.262120279744802	2.682460123352989
4.371507263900267	2.6590240863186545
4.483701656462176	2.6358008066537026
4.598775509348084	2.6128044688313805
4.71680272368229	2.5900489801128552
4.837859097255769	2.5675479753004318
4.9620223732038555	2.5453148217824144
5.089372289933416	2.5233626248353715
5.219990632331192	2.5017042331511945
5.353961284286767	2.4803522445577375
5.491370282563165	2.459319011903624
5.632305872050251	2.438616649079144
5.776858562435982	2.41825690271862
5.925121186332505	2.3982458180779456
6.077188958893672	2.37858194411132
6.2331595389628625	2.3592630837321735
6.393133091789918	2.3402868026822716
6.557212353358124	2.321650439022237
6.725502696361713	2.30335111236813
6.898112197876935	2.285385732870482
7.075151708769613	2.2677510099334017
7.256734924884538	2.2504434606722628
7.442978460061419	2.2334594181095446
7.634001921025123	2.2167950391090865
7.829927984197597	2.2004463120499014
8.030882474481748	2.184409064241297
8.236994446066731	2.1686789690818222
8.44839626530745	2.1532515529649814
8.665223695730791	2.138122201935302
8.887615985224139	2.1232861680986503
9.115715955460967	2.1087385757912758
9.349670093621919	2.094474427512236
9.58962864646949	2.0804886096242825
9.8357457168378	2.066775897828437
10.08817936259811	2.053330962417836
10.347091698164668	2.040148373316459
10.612648998605296	2.027222604908617
10.885021806424662	2.0145480406650487
11.164385041087426	2.0021189775717274
11.450918111352728	1.989929630367354
11.744805030491264	1.977974135595664
12.04623453446019	1.9662465554785684
12.355400203110277	1.9547408816162435
12.672500584503778	1.9434510385201635
12.997739322423733	1.932370886984997
13.331325287154876	1.921494227305316
13.673472709621585	1.9108148023428702
14.024401318967898	1.9003263004501698
14.384336483669465	1.8900223582559144
14.753509356266163	1.8798965633178224
15.132157021809869	1.8699424566481568
15.520522650121475	1.8601535351172214
15.918855651956664	1.8505232537398626
16.327411839178573	1.8410450278500012
16.746453589041963	1.8317122351679447
17.176250012692975	1.8225182177651895
17.61707712799467	1.8134562839311918
18.06921803678689	1.804519709946531
18.532963106696215	1.7957017417666532
19.008610157611308	1.7869955966203024
19.496464652945388	1.7783946513659543
19.996839895806204	1.7698954221662662
20.51005723020145	1.7614970421707792
21.036446247407238	1.7531987038651473
21.576344997634493	1.7449995793079187
22.130100207126237	1.7368988211169982
22.698067500827626	1.7288955634118905
23.280611630769773	1.7209889227134587
23.87810671031667	1.7131779988028228
24.490936454422418	1.7054618755410516
25.119494426055624	1.6978396216511888
25.76418428894724	1.6903102914641648
26.425420066826867	1.6828729256300388
27.103626409310603	1.6755265517960496
27.799238864614015	1.6682701852528319
28.512704159263	1.66110282955017
29.24448048498545	1.6540234770835525
29.995037792963966	1.6470311096528274
30.764858095641795	1.640124698994139
31.554435776273234	1.6333032072863358
32.36427790642084	1.62656558763295
33.19490457159926	1.6199107845208638
34.04684920527655	1.6133377342567035
34.92065893144976	1.6068453653819277
35.81689491601039	1.6004325990676371
36.73613272712897	1.5940983494899825
37.67896270488739	1.587841524187095
38.64599034040045	1.5816610243983629
39.63783666466486	1.5755557453869125
40.65513864738963	1.5695245767460475
41.69854960606077	1.5635664026904255
42.76873962550743	1.5576801023326623
43.86639598823324	1.5518645499460908
44.99222361579398	1.546118615214314
46.14694552150113	1.5404411634681927
47.33130327474731	1.5348310559108589
48.5460574772454	1.529287149831359
49.79198825149216	1.5238082988074562
51.069895741766274	1.518393352898135
52.380600627987924	1.5130411588262924
53.72494465276297	1.5077505601521273
55.10379116195595	1.5025203974376529
56.51802565913439	1.497349508402802
57.96855637424692	1.492236728073509
59.45631484689253	1.4871808889222018
60.98225652456161	1.4821808210010572
62.54736137622857	1.477235352068394
64.1526345216963	1.472343307708538
65.79910687708846	1.4675035525380857
67.48783581691107	1.462715311198793
69.21990585310282	1.4579779947196285
70.99642933151799	1.4532910140027104
72.81854714628	1.4486537783018414
74.68742947247127	1.4440656953079187
76.60427651762475	1.439526171229987
78.57031929250768	1.4350346108721255
80.58682040168193	1.4305904177064128
82.65507485435741	1.4261929939421383
84.77641089605252	1.421841740591461
86.95219086160503	1.4175360575316838
89.1838120500692	1.413275343564329
91.47270762207118	1.4090589964711635
93.82034752019065	1.4048864130673386
96.2282394129708	1.400756989251772
98.69792966315026	1.396670120054937
101.23100432074457	1.3926251996841774
103.82909014162107	1.3886216215666634
106.49385563220874	1.3846587783901334
109.2270121210246	1.3807360621415157
112.030314857696	1.3768528641435467
114.90556414019734	1.373008575089482
117.85460647100906	1.3692025850760097
120.87933574295454	1.3654342836344404
123.98169445546593	1.3617030597602895
127.16367496207421	1.3580083019412972
130.42732074990732	1.3543493981840058
133.77472775203168	1.3507257360389395
137.20804569346933	1.3471367026244805
140.72947947177008	1.3435816846494826
144.3412905730061	1.3400600684347197
148.04579852411408	1.3365712399332061
151.84538238250536	1.3331145847494534
155.74248226391703	1.3296894881577226
159.73960090946494	1.3262953351193194
163.83930529292155	1.3229315102989858
168.04422826923707	1.3195973980804359
172.35707026538202	1.3162923825810708
176.78060101457302	1.3130158476659306
181.31766133501478	1.3097671769609074
185.97116495428546	1.306545753865278
190.7441003805578	1.3033509615635648
195.6395328218323	1.3001821830367843
200.66060615443467	1.2970388010731038
205.81054494202692	1.293920198277942
211.09265650644977	1.2908257570835298
216.51033305169938	1.2877548597579835
222.06705384242414	1.284706943230372
227.76638743832314	1.2816817203615016
233.6119939859064	1.278678990594936
239.60762756905646	1.2756985532740277
245.75713861992756	1.2727402076175074
252.0644763917091	1.269803752725943
258.53369149487054	1.2668889875878553
265.16893849848265	1.2639957110855229
271.9744785983017	1.2611237220004907
278.95468235334556	1.258272819018784
286.1140324926864	1.2554428007358613
293.45712679428993	1.2526334656613072
300.98868103772793	1.249844612223284
308.71353203269325	1.2470760387727484
316.63664072521937	1.2443275435874575
324.7630953836348	1.2415989248757586
333.0981148662705	1.2388899807801936
341.64705197305574	1.236200509380902
350.4153968831097	1.2335303086988636
359.40878068057253	1.2308791766989582
368.6329789709115	1.2282469112928822
378.0939155900647	1.2256333103418973
387.7976664087545	1.2230381716594494
397.7504632344539	1.2204612930136471
407.95869781347926	1.2179024721296126
418.4289259358257	1.2153615066917083
429.16787164532394	1.2128381943456488
440.18243155786723	1.2103323327005064
451.4796792904483	1.2078437193306115
463.0668700038966	1.2053721517773492
474.95144506217497	1.202917427550869
487.1410368112743	1.2004793441317039
499.64347348073926	1.198057698972305
512.4667842110249	1.1956522894984962
525.6192042098453	1.1932629131108525
539.1091800408816	1.1908893671860117
552.9453750482006	1.1885314490779104
567.1366749199294	1.1861889561189636
581.6921933946835	1.1838616856211754
596.6212781144723	1.1815494348772
611.9335166277948	1.1792520011613412
627.6387425468462	1.1769691817305048
643.7470418627067	1.174700773825096
660.2687594226344	1.1724465746698762
677.2145055735705	1.1702063814747736
694.5951629761962	1.1679799914356483
712.4218935938294	1.1657672017350205
730.7061458606895	1.163567809558023
749.4596620341821	1.161381632068269
768.6944857358261	1.1592085457355
788.4229696857528	1.157048437969891
808.6577836356736	1.154901196171408
829.4119225055052	1.1527667077303323
850.6987147287637	1.1506448600277626
872.5318308121766	1.1485355404360849
894.9252921149405	1.1464386363194279
917.8934798533597	1.1443540350340815
941.4511443365253	1.1422816239289064
965.613414439067	1.1402212903457147
990.3958073169787	1.1381729216196348
1015.8142383728728	1.1361364050794531
1041.88503147692	1.1341116280479446
1068.6249294501506	1.132098477842179
1096.0511048167687	1.1300968417738193
1124.1811708324915	1.128106607149395
1153.0331927958625	1.1261276612705717
1182.6256996499096	1.1241598914343962
1212.977695881512	1.1222031849335425
1244.1086737262456	1.1202574290565277
1276.0386256863808	1.1183225110879322
1308.7880573702082	1.1163983183086006
1342.3780006608251	1.1144847379958351
1376.8300272229953	1.1125816574235763
1412.1662623565633	1.1106889638625774
1448.4093992054775	1.1088065445805668
1485.5827133314233	1.1069342868424072
1523.710077661589	1.105072077910239
1562.8159778199652	1.1032198050436226
1602.9255278521816	1.1013773554996706
1644.0644863538541	1.099544616533176
1686.2592730129768	1.0977214753967257
1729.5369855767624	1.0959078193408216
1773.9254172540022	1.0941035356139805
1819.453074563983	1.0923085114628426
1866.1491956436205	1.0905226341322636
1914.0437690243336	1.0887457908654068
1963.1675528908152	1.086977868903834
2013.5520948342087	1.0852187554875836
2065.2297521121077	1.0834683378552494
2118.2337124286087	1.0817265032440564
2172.5980152475972	1.0799931388899318
2228.357573653189	1.078268132027568
2285.548196771058	1.0765513698904905
2344.206612765312	1.0748427397111133
2404.370492425473	1.0731421287208016
2466.0784733589817	1.0714494245517543
2529.370184804442	1.0697645524225106
2594.28627308179	1.068087505260955
2660.8684276955332	1.0664182830828726
2729.159408108113	1.0647568859032395
2799.2030712002147	1.063103313736268
2871.0443994359657	1.061457566595444
2944.7295297508576	1.059819644493565
3020.305783181292	1.0581895474427743
3097.821695254354	1.0565672754545945
3177.327047157663	1.0549528285399594
3258.8728977090645	1.053346206709246
3342.5116161470437	1.0517474099722994
3428.2969157624802	1.0501564383384623
3516.283888393694	1.0485732918166009
3606.5290398066595	1.0469979704151282
3699.090325983496	1.0454304741420275
3794.027190342054	1.0438708030048751
3891.4006019108883	1.042318957010858
3991.2730944838295	1.0407749361668
4093.7088067797245	1.0392387404791736
4198.773523632605	1.0377103699541224
4306.534718239158	1.0361898245974746
4417.061595490307	1.0346771044147633
4530.425136415187	1.0331722094112377
4646.698143765474	1.0316751395918788
4765.95528876981	1.0301858949614138
4888.273159087992	1.0287044755243295
5013.730307996226	1.027230881284882
5142.407304834418	1.0257651122471112
5274.386786748182	1.0243071684148515
5409.753511759135	1.0228570497917402
5548.594413196858	1.0214147563812301
5690.998655528091	1.0199802881865971
5837.057691618528	1.0185536452109507
5986.865321464639	1.0171348274572412
6140.517752432441	1.0157238349282687
6298.11366104253	1.0143206676266903
6459.754256340566	1.0129253255550283
6625.543344894593	1.0115378087156754
6795.587397460075	1.0101581171109024
6969.995617356151	1.0087862507428649
7148.880010596468	1.007422209613608
7332.355457820417	1.0060659937250735
7520.539788069978	1.0047176030791025
7713.553854460343	1.0033770376774434
7911.521611792313	1.0020442975217563
8114.570196157127	1.0007193826136151
8322.830006583828	0.9994283015471356
8536.434788782417	0.9981736562901341
8755.521721035913	0.9969232425234424
8980.231502297445	0.9956770370542743
9210.708442547717	0.9944350168656555
9447.100555471898	0.993197159114722
9689.55965351461	0.9919634411310422
9938.241445375234	0.990733840414953
10193.30563600468	0.9895083346359218
10454.916029169028	0.9882869016309218
10723.240632645002	0.9870695194028315
10998.451766116023	0.9858561661188482
11280.726171836643	0.9846468201089229
11570.24512813768	0.9834414598642118
11867.194565843887	0.982240064035548
12171.765187680377	0.9810426114319264
12484.152590742724	0.9798490810190111
12804.557392110773	0.9786594519176559
13133.185357685794	0.9774737034024455
13470.247534335109	0.9762918149002489
13815.960385427417	0.9751137659887932
14170.545929846587	0.9739395363952529
14534.231884574085	0.9727691059948526
14907.251810929836	0.9716024548094888
15289.845264566911	0.9704395630063659
15682.257949315179	0.9692804108966483
16084.741874974445	0.9681249789341253
16497.555519156238	0.9669732477138946
16920.963993279925	0.965825197971058
17355.239212828383	0.9646808105794338
17800.66007197449	0.96354006655028
18257.512622688166	0.9624029470310368
18726.090258440938	0.9612694333040782
19206.693902624473	0.960139506785482
19699.632201806176	0.9590131490238087
20205.221723943385	0.9578903416988988
20723.787161685468	0.9567710666206786
21255.661540892863	0.9556553057279842
21801.18643450915	0.9545430410873937
22360.712181920666	0.9534342548920758
22934.598113946926	0.9523289294606477
23523.21278360437	0.9512270472360508
24126.934202794313	0.9501285907844312
24746.150085063837	0.9490335427940397
25381.258094598124	0.9479418860741387
26032.666101602048	0.946853603553924
26700.792444238014	0.9457686782814564
27386.066197284494	0.9446870934226059
28088.92744769085	0.9436088322600066
28809.827577203047	0.9425338781920243
29549.229552244888	0.9414622147317327
30307.60822123711	0.9403938255059034
31085.4506195483	0.9393286942540042
31883.256282271086	0.9382668048272107
32701.537565027906	0.9372081411874257
33540.81997300801	0.9361526874063109
34401.64249845055	0.9351004276643281
35284.55796678767	0.9340513462497925
36190.13339167378	0.933005427557932
37118.95033912448	0.9319626560899599
38071.60530100098	0.9309230164521574
39048.71007808227	0.9298864933549625
40050.89217296635	0.9288530716120729
41078.79519305664	0.927822736139554
42133.07926388947	0.9267954719549609
43214.42145307236	0.9257712641764642
44323.51620509983	0.9247500980219897
45461.075787330454	0.9237319588083642
46627.83074740794	0.9227168319504723
47824.53038242524	0.9217047029604185
49051.94322012633	0.9206955574467027
50310.85751246008	0.9196893811133998
51602.081741799026	0.9186861597593513
52926.4451401537	0.9176858792773621
54284.7982217091	0.9166885256534086
55678.013329030735	0.9156940849658517
57106.98519328679	0.914702543384662
58572.63150885217	0.9137138871706477
60075.89352265587	0.9127281026746957
61617.73663865623	0.9117451763370158
63199.151037827505	0.910765094686397
64821.15231406263	0.9097878443394669
66484.78212639208	0.9088134119999619
68191.10886794447	0.9078417844580032
69941.22835207316	0.9068729485893817
71736.26451609716	0.9059068913548474
73577.3701430985	0.9049435997994079
75465.72760224745	0.9039830610516345
77402.54960812523	0.9030252623229736
79389.07999953962	0.9020701909070659
81426.59453832373	0.9011178341790715
83516.4017286391	0.9001681795950037
85659.84365730264	0.8992212146910675
87858.29685568633	0.8982769270830052
90113.17318373182	0.8973353044654488
92425.92073665648	0.8963963346112787
94798.02477492644	0.8954600053709891
97231.00867810367	0.8945263046720583
99726.43492316765	0.8935952205183265
102285.90608794546	0.8926667409893805
104911.06588030106	0.8917408542399415
107603.60019373172	0.8908175484992618
110365.23819006037	0.8898968120705255
113197.75340991077	0.8889786333302576
116102.96491169074	0.888063000727735
119082.73843979914	0.8871499027844065
122138.98762282018	0.8862393280933167
125273.67520246355	0.8853312653185371
128488.81429405417	0.8844257031946006
131786.46967936392	0.8835226305259423
135168.75913262836	0.8826220361863472
138637.85478059071	0.8817239091184013
142195.98449746022	0.8808282383329481
145845.43333566282	0.8799350129085515
149588.54499331763	0.8790442219909625
153427.72331936966	0.8781558547925932
157365.43385736272	0.8772699005919923
161404.20542882197	0.8763863487333287
165546.63175728076	0.8755051886258786
169795.37313398087	0.8746264097435182
174153.1581263345	0.8737500016242206
178622.78533022242	0.8728759538695569
183207.1251672712	0.8720042561442034
187909.12172825064	0.8711348981754539
192731.79466379393	0.8702678697527331
197678.24112363087	0.8694031607271187
202751.6377455985	0.8685407610108657
207955.24269569165	0.8676806605769367
213292.39776048527	0.8668228494585335
218766.53049324435	0.8659673177486372
224381.15641512244	0.8651140555995493
230139.8812728441	0.8642630532224397
236046.40335434684	0.8634143008868959
242104.51586383767	0.862567788920479
248318.10935781512	0.8617235077082828
254691.17424360124	0.8608814476924972
261227.80334201557	0.8600415993719743
267932.1945158046	0.8592039533018012
274808.6533655286	0.8583685000928741
281861.5959946558	0.8575352304114782
289095.5518456033	0.8567041349788691
296515.16660857585	0.8558752045708616
304125.20520504867	0.8550484300174193
311930.5548478406	0.8542238022022481
319936.2281797038	0.8534013120623954
328147.3664924776	0.8525809505878511
336569.2430288478	0.8517627088211533
345207.26636886905	0.8509465778569962
354066.9839033784	0.8501325488418436
363154.0853965681	0.8493206129735437
372474.4066399765	0.8485107615009495
382033.93320028344	0.8477029857235407
391838.804263268	0.8468972769910504
401895.3165764355	0.8460936267030937
412209.92849281593	0.8452920263088024
422789.26411857386	0.8444924673064587
433640.11756703834	0.8436949412431366
444769.45732192986	0.842899439714343
456184.43071254983	0.8421059543636652
467892.36850385764	0.8413144768824176
479900.78960431967	0.8405249990092956
492217.40589460445	0.8397375125300294
504850.12718018517	0.8389520092770438
517807.06627108535	0.8381684811291173
531096.5441919606	0.8373869200110483
544727.0955259185	0.8366073178933201
558707.4738954643	0.8358296667917736
573046.6575841523	0.8350539587672778
587753.8553024798	0.8342801859254071
602838.5121017839	0.8335083404161192
618310.3154398939	0.8327384144334374
634179.2014025009	0.8319704002151339
650455.3610841546	0.8312042900424177
667149.2471330556	0.8304400762396232
684271.5804637902	0.8296777511739045
701833.3571423943	0.8289173072549282
719845.8554480805	0.8281587369345725
738320.6431162013	0.8274020327066282
757269.5847671488	0.8266471871064994
776704.8495258666	0.8258941927109111
796638.9188369442	0.8251430421376162
817084.5944802562	0.8243937280451068
838055.0067923737	0.8236462431323262
859563.6230989259	0.8229005801383847
881624.2563634083	0.8221567318422781
904251.0740579275	0.8214146910626079
927458.6072616734	0.8206744506573028
951261.7599928436	0.8199360035233457
975675.8187801044	0.8191993425964991
1.0007164624796672e6	0.8184644608510369
1.0263997723443833e6	0.8177313512994743
1.0527422423511967e6	0.8170000069923038
1.0797607897936888e6	0.8162704210177303
1.1074727661464366e6	0.8155425865014116
1.1358959682082806e6	0.8148164966061973
1.165048649531506e6	0.8140921445318734
1.1949495321444e6	0.8133695235149067
1.2256178185746195e6	0.8126486268281933
1.2570732041812185e6	0.8119294477808068
1.289335889803095e6	0.8112119797177508
1.3224265947321095e6	0.8104962160197122
1.3563665700191017e6	0.8097821501028176
1.3911776121215e6	0.8090697754183901
1.4268820769011015e6	0.8083590854527097
1.4635028939811601e6	0.8076500737267749
1.5010635814718895e6	0.806942733796067
1.5395882610739968e6	0.806237059250315
1.5791016735697426e6	0.8055330437132635
1.619629194711646e6	0.8048306808424425
1.6611968515188957e6	0.8041299643289391
1.703831338992132e6	0.8034308878971703
1.74756003725709e6	0.8027334453046582
1.7924110291483055e6	0.8020376303418073
1.8384131182440333e6	0.8013434368316837
1.885595847364151e6	0.8006508586297955
1.93398951754269e6	0.7999598896238747
1.9836252074873683e6	0.799270523733662
2.0345347935384673e6	0.7985827549106936
2.0867509701400953e6	0.7978965771380876
2.140307270836717e6	0.7972119844303335
2.195238089808551e6	0.7965289708330849
2.2515787039598105e6	0.7958475304229508
2.3093652955736876e6	0.7951676573072906
2.3686349755488615e6	0.7944893456240104
2.429425807232278e6	0.7938125895413615
2.4917768308637626e6	0.7931373832577384
2.555728088647827e6	0.7924637210014813
2.6213206504690563e6	0.7917915970306775
2.68859664026736e6	0.7911210056329672
2.75759926309033e6	0.790451941125348
2.828372832839715e6	0.7897843978539826
2.900962800730109e6	0.7891183701940078
2.975415784477921e6	0.7884538525493457
3.0517795982396705e6	0.7877908393525144
3.1301032833184507e6	0.7871293250644419
3.2104371396585926e6	0.7864693041742812
3.2928327581485007e6	0.7858107711992267
3.37734305375277e6	0.7851537206843321
3.4640222994944095e6	0.784498147202329
3.5529261613093494e6	0.7838440453534482
3.6441117337953406e6	0.7831914097652424
3.737637576878606e6	0.7825402350924082
3.833563753421276e6	0.7818905160166123
3.9319518677941733e6	0.7812422472463167
4.032865105439407e6	0.7805954235166083
4.1363682734486028e6	0.7799500395890251
4.242527842182308e6	0.7793060902513885
4.351411987957715e6	0.7786635703176343
4.463090636831776e6	0.7780224746276463
4.577635509508329e6	0.7773827980470894
4.695120167397446e6	0.7767445354672458
4.815620059857075e6	0.7761076818048516
4.939212572646947e6	0.7754722320019358
5.065977077626368e6	0.7748381810256584
5.195994983727189e6	0.7742055238681513
5.329349789235175e6	0.7735742555463602
5.466127135412957e6	0.7729443711018883
5.606414861499602e6	0.7723158656008395
5.750303061121392e6	0.771688734133664
5.897884140150365e6	0.7710629718150059
6.049252876048177e6	0.7704385737835496
6.204506478732592e6	0.7698155352018696
6.363744653006367e6	0.7691938512562803
6.527069662588105e6	0.7685735171566879
6.69458639578689e6	0.7679545281364417
6.8664024328620285e6	0.7673368794521884
7.04262811511183e6	0.7667205663837262
7.223376615735256e6	0.7661055842338614
7.408764012512736e6	0.7654919283282643
7.598909362351815e6	0.7648795940153272
7.793934777746335e6	0.7642685766660238
7.993965505197582e6	0.7636588716737696
8.199130005648691e6	0.7630504744542814
8.409560036982814e6	0.7624433804454416
8.625390738638941e6	0.761837585107159
8.846760718399035e6	0.7612330839212359
9.07381214140314e6	0.7606298723912304
9.306690821448455e6	0.7600279460423244
9.545546314631965e6	0.75942730042119
9.790532015396006e6	0.7588279310958591
1.0041805255039496e7	0.7582298336555907
1.0299527402756792e7	0.757633003710742
1.0563863969270093e7	0.7570374368926397
1.0834984713121142e7	0.7564431288534524
1.1113063749691611e7	0.7558500752660627
1.139827966302078e7	0.7552582718239416
1.1690815620493436e7	0.7546677142410234
1.1990859490470741e7	0.7540783982515824
1.2298603962940926e7	0.7534903196101084
1.2614246673265636e7	0.7529034740911847
1.2937990329102736e7	0.7523178574893671
1.3270042840586025e7	0.7517334656190635
1.3610617453846928e7	0.7511502943144133
1.395993288796208e7	0.7505683394291693
1.4318213475416252e7	0.74998759683658
1.4685689306169605e7	0.7494080624292723
1.5062596375423465e7	0.7488297321191348
1.5449176735177586e7	0.7482526018372034
1.5845678649677062e7	0.7476766675335464
1.6252356754849778e7	0.7471019251771506
1.6669472221834715e7	0.7465283707558084
1.7097292924707863e7	0.7459560002760061
1.7536093612512093e7	0.7453848097628132
1.798615608570336e7	0.7448147952597709
1.8447769377124216e7	0.7442459528287829
1.8921229937622655e7	0.7436782785500069
1.940684182643415e7	0.7431117685217465
1.9904916906451102e7	0.7425464188603434
2.041577504450257e7	0.7419822257000718
2.093974431677493e7	0.7414191851930314
2.147716121950385e7	0.7408572935090443
2.2028370885075025e7	0.7402965468355489
2.2593727303669736e7	0.7397369413774975
2.31735935505998e7	0.7391784733572532
2.3768342019476056e7	0.7386211390144887
2.437835466136278e7	0.7380649346060835
2.500402323006832e7	0.7375098564060246
2.564574953373212e7	0.7369559007053064
2.630394569286758e7	0.7364030638118314
2.6979034405029453e7	0.7358513420503119
2.7671449216272045e7	0.735300731762172
2.838163479957548e7	0.734751229305451
2.9110047240416605e7	0.7342028310547071
2.985715432967101e7	0.733655533400921
3.0623435864030376e7	0.7331093327514017
3.140938395413123e7	0.7325642255296917
3.2215503340590496e7	0.7320202081754739
3.3042311718154285e7	0.7314772771444777
3.389034006816371e7	0.7309354289083876
3.476013299955479e7	0.7303946599547505
3.565224909860862e7	0.729854966786886
3.656726128768033e7	0.7293163459237945
3.750575719313229e7	0.7287787939000681
3.846833952271186e7	0.7282423072658014
3.945562645261283e7	0.7277068825865036
4.046825202447359e7	0.7271725164430091
4.1506866552561656e7	0.7266392054313909
4.257213704140857e7	0.7261069461628749
4.366474761416596e7	0.7255757352637517
4.478539995195244e7	0.725045569375293
4.593481374447805e7	0.7245164451536652
4.711372715223207e7	0.7239883592698464
4.832289728053608e7	0.7234613084095416
4.9563100665760264e7	0.7229352892730998
5.08351337740205e7	0.7224102985754313
5.2139813512672246e7	0.7218863330459263
5.347797775493551e7	0.7213633894283723
5.4850485877980724e7	0.7208414644808742
5.6258219314826675e7	0.720320554975773
5.770208212040054e7	0.7198006576995669
5.918300155212986e7	0.7192817694528314
6.070192866543116e7	0.7187638870501405
6.2259838924484454e7	0.7182470073199888
6.385773282868048e7	0.717731127104714
6.5496636555149935e7	0.7172162432604191
6.717760261777908e7	0.7167023526568962
6.890171054314135e7	0.7161894521775503
7.067006756377389e7	0.715677538719324
7.248380932925195e7	0.7151666091926219
7.434410063550794e7	0.714656660521236
7.62521361728715e7	0.7141476896422723
7.820914129330459e7	0.7136396935060769
8.021637279733326e7	0.7131326690761625
8.227511974117036e7	0.712626613329136