# Internal run number: twoLoop 1923
# All dimensionful quantities in GeV
# Rescaling factor from internal to physical units: 0.882208
# Quantity: interpolated ghost dressing function G
# Syntax: p^2 [GeV^2], G
# Cutoff in GeV^2, renormalization constant Zt3: 882208., 0.793813
# Renormalization point: 0.000000882208
# Renormalization value: 7.
# Lowest/highest calculated points (extrapolated beyond that): 0.000000882208/8822.08
# alpha(mu)=0.05
#
8.822076928240768e-15	6.999999999999999
9.08673923608799e-15	6.999999999999999
9.263180774652806e-15	6.999999999999999
9.52784308250003e-15	6.999999999999999
9.792505390347252e-15	6.999999999999999
1.0057167698194476e-14	6.999999999999999
1.0233609236759291e-14	6.999999999999999
1.0498271544606514e-14	6.999999999999999
1.0762933852453736e-14	6.999999999999999
1.1115816929583366e-14	6.999999999999999
1.138047923743059e-14	6.999999999999999
1.1645141545277813e-14	6.999999999999999
1.1998024622407444e-14	6.999999999999999
1.2262686930254667e-14	6.999999999999999
1.2615570007384297e-14	6.999999999999999
1.2880232315231519e-14	6.999999999999999
1.323311539236115e-14	6.999999999999999
1.358599846949078e-14	6.999999999999999
1.3938881546620412e-14	6.999999999999999
1.4291764623750042e-14	6.999999999999999
1.4644647700879675e-14	6.999999999999999
1.4997530778009305e-14	6.999999999999999
1.5438634624421343e-14	6.999999999999999
1.5791517701550976e-14	6.999999999999999
1.623262154796301e-14	6.999999999999999
1.6585504625092643e-14	6.999999999999999
1.702660847150468e-14	6.999999999999999
1.746771231791672e-14	6.999999999999999
1.790881616432876e-14	6.999999999999999
1.8438140780023204e-14	6.999999999999999
1.887924462643524e-14	6.999999999999999
1.9320348472847282e-14	6.999999999999999
1.9849673088541727e-14	6.999999999999999
2.0378997704236175e-14	6.999999999999999
2.0908322319930617e-14	6.999999999999999
2.1437646935625065e-14	6.999999999999999
2.196697155131951e-14	6.999999999999999
2.2496296167013955e-14	6.999999999999999
2.311384155199081e-14	6.999999999999999
2.3731386936967666e-14	6.999999999999999
2.4348932321944518e-14	6.999999999999999
2.496647770692137e-14	6.999999999999999
2.5584023091898226e-14	6.999999999999999
2.6201568476875082e-14	6.999999999999999
2.6907334631134342e-14	6.999999999999999
2.7613100785393605e-14	6.999999999999999
2.8318866939652862e-14	6.999999999999999
2.902463309391212e-14	6.999999999999999
2.973039924817138e-14	6.999999999999999
3.0524386171713055e-14	6.999999999999999
3.131837309525472e-14	6.999999999999999
3.2112360018796396e-14	6.999999999999999
3.2906346942338064e-14	6.999999999999999
3.378855463516214e-14	6.999999999999999
3.4670762327986214e-14	6.999999999999999
3.5552970020810295e-14	6.999999999999999
3.643517771363437e-14	6.999999999999999
3.740560617574085e-14	6.999999999999999
3.8376034637847335e-14	6.999999999999999
3.9346463099953823e-14	6.999999999999999
4.0316891562060306e-14	6.999999999999999
4.13755407934492e-14	6.999999999999999
4.243419002483809e-14	6.999999999999999
4.3581060025509396e-14	6.999999999999999
4.4639709256898286e-14	6.999999999999999
4.578657925756958e-14	6.999999999999999
4.702167002752329e-14	6.999999999999999
4.816854002819459e-14	6.999999999999999
4.9403630798148296e-14	6.999999999999999
5.072694233738441e-14	6.999999999999999
5.1962033107338114e-14	6.999999999999999
5.328534464657423e-14	6.999999999999999
5.469687695509276e-14	6.999999999999999
5.6108409263611285e-14	6.999999999999999
5.751994157212981e-14	6.999999999999999
5.901969464993073e-14	6.999999999999999
6.051944772773167e-14	6.999999999999999
6.2107421574815e-14	6.999999999999999
6.369539542189834e-14	6.999999999999999
6.528336926898168e-14	6.999999999999999
6.695956388534743e-14	6.999999999999999
6.872397927099558e-14	6.999999999999999
7.048839465664374e-14	6.999999999999999
7.225281004229189e-14	6.999999999999999
7.410544619722244e-14	6.999999999999999
7.604630312143542e-14	6.999999999999999
7.798716004564837e-14	6.999999999999999
8.001623773914376e-14	6.999999999999999
8.204531543263913e-14	6.999999999999999
8.416261389541692e-14	6.999999999999999
8.62799123581947e-14	6.999999999999999
8.848543159025489e-14	6.999999999999999
9.07791715915975e-14	6.999999999999999
9.31611323622225e-14	6.999999999999999
9.554309313284752e-14	6.999999999999999
9.801327467275493e-14	6.999999999999999
1.0048345621266234e-13	6.999999999999999
1.0304185852185215e-13	6.999999999999999
1.056884816003244e-13	6.999999999999999
1.0842332544807905e-13	6.999999999999999
1.1124639006511606e-13	6.999999999999999
1.1406945468215311e-13	6.999999999999999
1.1698074006847259e-13	6.999999999999999
1.1998024622407444e-13	6.999999999999999
1.230679731489587e-13	6.999999999999999
1.2624392084312537e-13	6.999999999999999
1.2950808930657445e-13	6.999999999999999
1.3277225777002353e-13	6.999999999999999
1.3621286777203745e-13	6.999999999999999
1.3965347777405134e-13	6.999999999999999
1.4327052931463007e-13	6.999999999999999
1.4697580162449118e-13	6.999999999999999
1.5076929470363473e-13	6.999999999999999
1.5456278778277825e-13	6.999999999999999
1.585327224004866e-13	6.999999999999999
1.6259087778747736e-13	6.999999999999999
1.6682547471303292e-13	6.999999999999999
1.7106007163858848e-13	6.999999999999999
1.7547111010270885e-13	6.999999999999999
1.7997036933611164e-13	6.999999999999999
1.8455784933879685e-13	6.999999999999999
1.8932177088004686e-13	6.999999999999999
1.941739131905793e-13	6.999999999999999
1.9920249703967655e-13	6.999999999999999
2.0431930165805616e-13	6.999999999999999
2.0952432704571822e-13	6.999999999999999
2.1490579397194508e-13	6.999999999999999
2.2046370243673675e-13	6.999999999999999
2.2610983167081086e-13	6.999999999999999
2.319324024434498e-13	6.999999999999999
2.3784319398537105e-13	6.999999999999999
2.439304270658572e-13	6.999999999999999
2.501941016849082e-13	6.999999999999999
2.5663421784252395e-13	6.999999999999999
2.632507755387045e-13	6.999999999999999
2.699555540041675e-13	6.999999999999999
2.7692499477747767e-13	6.999999999999999
2.839826563200703e-13	6.999999999999999
2.9130498017051014e-13	6.999999999999999
2.988037455595148e-13	6.999999999999999
3.064789524870843e-13	6.999999999999999
3.1433060095321855e-13	6.999999999999999
3.2235869095791763e-13	6.999999999999999
3.3065144327046394e-13	6.999999999999999
3.391206371215751e-13	6.999999999999999
3.4785449328053345e-13	6.999999999999999
3.5676479097805665e-13	6.999999999999999
3.6593975098342703e-13	6.999999999999999
3.7529115252736223e-13	6.999999999999999
3.849072163791447e-13	6.999999999999999
3.9478794253877433e-13	6.999999999999999
4.049333310062512e-13	6.999999999999999
4.153433817815753e-13	6.999999999999999
4.2601809486474664e-13	6.999999999999999
4.369574702557652e-13	6.999999999999999
4.4816150795463097e-13	6.999999999999999
4.596302079613439e-13	6.999999999999999
4.714517910451866e-13	6.999999999999999
4.835380364368764e-13	6.999999999999999
4.959771649056959e-13	6.999999999999999
5.086809556823626e-13	6.999999999999999
5.21737629536159e-13	6.999999999999999
5.35147186467085e-13	6.999999999999999
5.489096264751405e-13	6.999999999999999
5.629367287910433e-13	6.999999999999999
5.774049349533582e-13	6.999999999999999
5.922260241928027e-13	6.999999999999999
6.073999965093769e-13	6.999999999999999
6.230150726723629e-13	6.999999999999999
6.389830319124788e-13	6.999999999999999
6.553920949990066e-13	6.999999999999999
6.722422619319465e-13	6.999999999999999
6.89445311942016e-13	6.999999999999999
7.0717768656778e-13	6.999999999999999
7.253511650399559e-13	6.999999999999999
7.439657473585439e-13	6.999999999999999
7.630214335235439e-13	6.999999999999999
7.826064443042385e-13	6.999999999999999
8.027207797006274e-13	6.999999999999999
8.232762189434283e-13	6.999999999999999
8.444492035712062e-13	6.999999999999999
8.660632920453961e-13	6.999999999999999
8.88294925904563e-13	6.999999999999999
9.111441051487064e-13	6.999999999999999
9.345226090085444e-13	6.999999999999999
9.585186582533594e-13	6.999999999999999
9.831322528831511e-13	6.999999999999999
1.0083633928979199e-12	6.999999999999999
1.034212078297665e-12	6.999999999999999
1.06076652985167e-12	6.999999999999999
1.0879385267906514e-12	6.999999999999999
1.1159045106531746e-12	6.999999999999999
1.1444880399006746e-12	6.999999999999999
1.1738655560717165e-12	6.999999999999999
1.2040370591662999e-12	6.999999999999999
1.2349143284151425e-12	6.999999999999999
1.266585584587527e-12	6.999999999999999
1.2991390484527354e-12	6.999999999999999
1.3324864992414854e-12	6.999999999999999
1.3667161577230597e-12	6.999999999999999
1.4017398031281755e-12	6.999999999999999
1.437733876995398e-12	6.999999999999999
1.4746101585554443e-12	6.999999999999999
1.5124568685775973e-12	6.999999999999999
1.5512740070618566e-12	6.999999999999999
1.5910615740082223e-12	6.999999999999999
1.6319077901859772e-12	6.999999999999999
1.6738126555951208e-12	6.999999999999999
1.7167761702356532e-12	6.999999999999999
1.7608865548768572e-12	6.999999999999999
1.8060555887494498e-12	6.999999999999999
1.852371492622714e-12	6.999999999999999
1.8999224872659318e-12	6.999999999999999
1.948708572679103e-12	6.999999999999999
1.998729748862228e-12	6.999999999999999
2.049986015815307e-12	6.999999999999999
2.1026538150769046e-12	6.999999999999999
2.1565567051084554e-12	6.999999999999999
2.2119593482178077e-12	6.999999999999999
2.268685302866396e-12	6.999999999999999
2.326911010592785e-12	6.999999999999999
2.386636471396975e-12	6.999999999999999
2.4478616852789657e-12	6.999999999999999
2.51067487300804e-12	6.999999999999999
2.57516425535348e-12	6.999999999999999
2.6412416115460034e-12	6.999999999999999
2.7089951623548923e-12	6.999999999999999
2.778601349318712e-12	6.999999999999999
2.8498837308988977e-12	6.999999999999999
2.9230187486340133e-12	6.999999999999999
2.99800640252406e-12	6.999999999999999
3.0749349133383194e-12	6.999999999999999
3.1538925018460743e-12	6.999999999999999
3.2348791680473244e-12	6.999999999999999
3.3178949119420704e-12	6.999999999999999
3.403027954299594e-12	6.999999999999999
3.4903665158891777e-12	6.999999999999999
3.579910596710821e-12	6.999999999999999
3.671836638303089e-12	6.999999999999999
3.766056419896701e-12	6.999999999999999
3.862746383030221e-12	6.999999999999999
3.961818306934364e-12	6.999999999999999
4.06353685391698e-12	6.999999999999999
4.1678138032087854e-12	6.999999999999999
4.274737375579064e-12	6.999999999999999
4.384484012566379e-12	6.999999999999999
4.497053714170731e-12	6.999999999999999
4.612446480392121e-12	6.999999999999999
4.730838752769112e-12	6.999999999999999
4.852230531301705e-12	6.999999999999999
4.976798257528464e-12	6.999999999999999
5.104453710680108e-12	6.999999999999999
5.235461553064483e-12	6.999999999999999
5.3698217846815905e-12	6.999999999999999
5.507710847069994e-12	6.999999999999999
5.649040519460411e-12	6.999999999999999
5.793987243391406e-12	6.999999999999999
5.942727460401546e-12	6.999999999999999
6.095261170490828e-12	6.999999999999999
6.2516765944285374e-12	6.999999999999999
6.412150173753237e-12	6.999999999999999
6.576681908464927e-12	6.999999999999999
6.745448240102173e-12	6.999999999999999
6.918625610203539e-12	6.999999999999999
7.096125797999743e-12	6.999999999999999
7.278301686567916e-12	6.999999999999999
7.465065055138771e-12	6.999999999999999
7.656680566020163e-12	6.999999999999999
7.853148219212084e-12	6.999999999999999
8.054732677022385e-12	6.999999999999999
8.261433939451067e-12	6.999999999999999
8.473516668805976e-12	6.999999999999999
8.69098086508711e-12	6.999999999999999
8.914002969833037e-12	6.999999999999999
9.142759424582318e-12	6.999999999999999
9.377426670873525e-12	6.999999999999999
9.618092929475932e-12	6.999999999999999
9.864934641928107e-12	6.999999999999999
1.0118128249768617e-11	6.999999999999999
1.0377850194536027e-11	6.999999999999999
1.0644188696999617e-11	6.999999999999999
1.0917320198697949e-11	6.999999999999999
1.1197509361938876e-11	6.999999999999999
1.148493262826096e-11	6.999999999999999
1.1779678218433484e-11	6.999999999999999
1.2082010794764295e-11	6.999999999999999
1.239210679879196e-11	6.999999999999999
1.2710142672055038e-11	6.999999999999999
1.3036294856092099e-11	6.999999999999999
1.3370916233980271e-11	6.999999999999999
1.3714095026488836e-11	6.999999999999999
1.4066007675156363e-11	6.999999999999999
1.4427095283829255e-11	6.999999999999999
1.4797357852507522e-11	6.999999999999999
1.5177060043499004e-11	6.999999999999999
1.5566642960650115e-11	6.999999999999999
1.596610660396086e-11	6.999999999999999
1.6375892077277642e-11	6.999999999999999
1.6796175822139032e-11	6.999999999999999
1.7227222500852876e-11	6.999999999999999
1.7669384996496304e-11	6.999999999999999
1.8122839750607878e-11	6.999999999999999
1.8588027867034012e-11	6.999999999999999
1.9065037566543995e-11	6.999999999999999
1.955439817375351e-11	6.999999999999999
2.0056197909431842e-11	6.999999999999999
2.0570966098194693e-11	6.999999999999999
2.109887918158062e-11	6.999999999999999
2.1640378263436036e-11	6.999999999999999
2.2195816226838075e-11	6.999999999999999
2.2765457734094583e-11	6.999999999999999
2.3349743889051967e-11	6.999999999999999
2.3949027574787363e-11	6.999999999999999
2.4563661674377897e-11	6.999999999999999
2.519408729166998e-11	6.999999999999999
2.584065730974075e-11	6.999999999999999
2.650390105320589e-11	6.999999999999999
2.718408318437325e-11	6.999999999999999
2.7881821248627815e-11	6.999999999999999
2.8597379908277425e-11	6.999999999999999
2.9331288487937775e-11	6.999999999999999
3.008407631222456e-11	6.999999999999999
3.085618448498419e-11	6.999999999999999
3.164814233083236e-11	6.999999999999999
3.2460390953615495e-11	6.999999999999999
3.329345967794927e-11	6.999999999999999
3.414796604921867e-11	6.999999999999999
3.502435117127011e-11	6.999999999999999
3.592323258948855e-11	6.999999999999999
3.6845227849259e-11	6.999999999999999
3.779086627519713e-11	6.999999999999999
3.876076541268792e-11	6.999999999999999
3.975554280711635e-11	6.999999999999999
4.077590422463668e-11	6.999999999999999
4.1822378989864596e-11	6.999999999999999
4.289576108972365e-11	6.999999999999999
4.3996668069598814e-11	6.999999999999999
4.5125805695644354e-11	6.999999999999999
4.62839679547838e-11	6.999999999999999
4.7471860613171417e-11	6.999999999999999
4.869018943696147e-11	6.999999999999999
4.993983663384677e-11	6.999999999999999
5.1221596190750876e-11	6.999999999999999
5.253617387382803e-11	6.999999999999999
5.388445189077106e-11	6.999999999999999
5.526740067004209e-11	6.999999999999999
5.6685902419333925e-11	6.999999999999999
5.8140662904800824e-11	6.999999999999999
5.963291721721276e-11	6.999999999999999
6.116337112272395e-11	6.999999999999999
6.273308327056584e-11	6.999999999999999
6.434311230996977e-11	6.999999999999999
6.599451689016716e-11	6.999999999999999
6.76882674396201e-11	6.999999999999999
6.942551082832929e-11	6.999999999999999
7.120730570552607e-11	6.999999999999999
7.303479894121114e-11	6.999999999999999
7.490922562615446e-11	6.999999999999999
7.68317326303567e-11	6.999999999999999
7.880364326535706e-11	6.999999999999999
8.082610440115626e-11	6.999999999999999
8.29005275700628e-11	6.999999999999999
8.502814786284662e-11	6.999999999999999
8.721037681181626e-11	6.999999999999999
8.944862594928023e-11	6.999999999999999
9.174439502831631e-11	6.999999999999999
9.409900736046378e-11	6.999999999999999
9.651405091956969e-11	6.999999999999999
9.899102545871185e-11	6.999999999999999
1.0153160717250663e-10	6.999999999999999
1.0413747225557038e-10	6.999999999999999
1.0681012046098093e-10	6.999999999999999
1.0955140442489318e-10	6.999999999999999
1.1236300034192351e-10	6.999999999999999
1.1524676084822686e-10	6.999999999999999
1.1820462680072744e-10	6.999999999999999
1.2123827439404158e-10	6.999999999999999
1.2434990914740137e-10	6.999999999999999
1.2754129547619248e-10	6.999999999999999
1.3081463889964695e-10	6.999999999999999
1.3417196849545822e-10	6.999999999999999
1.3761548978285845e-10	6.999999999999999
1.4114740828107964e-10	6.999999999999999
1.4476992950935387e-10	6.999999999999999
1.4848543542845175e-10	6.999999999999999
1.5229630799914391e-10	6.999999999999999
1.5620501740297025e-10	6.999999999999999
1.6021394560070143e-10	6.999999999999999
1.6432582743618518e-10	6.999999999999999
1.6854330953249993e-10	6.999999999999999
1.7286895029195497e-10	6.999999999999999
1.7730557277916726e-10	6.999999999999999
1.8185608827952312e-10	6.999999999999999
1.8652340807840889e-10	6.999999999999999
1.9131053168198018e-10	6.999999999999999
1.9622054681716187e-10	6.999999999999999
2.0125654121087881e-10	6.999999999999999
2.064217790315945e-10	6.999999999999999
2.1171952444777236e-10	6.999999999999999
2.171533062901837e-10	6.999999999999999
2.2272656516883055e-10	6.999999999999999
2.2844274169371485e-10	6.999999999999999
2.3430571757868513e-10	6.999999999999999
2.4031919809605115e-10	6.999999999999999
2.464869767388921e-10	6.999999999999999
2.5281302344182573e-10	6.999999999999999
2.5930148458100823e-10	6.999999999999999
2.6595641831182664e-10	6.999999999999999
2.727821474519758e-10	6.999999999999999
2.797830830399199e-10	6.999999999999999
2.8696372433489215e-10	6.999999999999999
2.9432857059612606e-10	6.999999999999999
3.0188256218670155e-10	6.999999999999999
3.096302865866211e-10	6.999999999999999
3.175769488212726e-10	6.999999999999999
3.2572757747450493e-10	6.999999999999999
3.340872893509366e-10	6.999999999999999
3.4266164235903236e-10	6.999999999999999
3.514560179657185e-10	6.999999999999999
3.6047615052099825e-10	6.999999999999999
3.6972768615410576e-10	6.999999999999999
3.7921671209812153e-10	6.999999999999999
3.88949315586126e-10	6.999999999999999
3.989316720719691e-10	6.999999999999999
4.091702216718081e-10	6.999999999999999
4.196714927225702e-10	6.999999999999999
4.3044236644425937e-10	6.999999999999999
4.4148963583611036e-10	6.999999999999999
4.5282044678043494e-10	6.999999999999999
4.6444203338031436e-10	6.999999999999999
4.763618944011376e-10	6.999999999999999
4.885877050498321e-10	6.999999999999999
5.01127228754095e-10	6.999999999999999
5.139886700454694e-10	6.999999999999999
5.271801452347293e-10	6.999999999999999
5.40710211736495e-10	6.999999999999999
5.545874269653871e-10	6.999999999999999
5.688208776606414e-10	6.999999999999999
5.834196505614942e-10	6.999999999999999
5.983930970694894e-10	6.999999999999999
6.137507450277095e-10	6.999999999999999
6.295026516038526e-10	6.999999999999999
6.456587857448478e-10	6.999999999999999
6.622295575014704e-10	6.999999999999999
6.792256415868033e-10	6.999999999999999
6.966578891554684e-10	6.999999999999999
7.145375924659341e-10	6.999999999999999
7.328761319974374e-10	6.999999999999999
7.516853293330624e-10	6.999999999999999
7.709772707182008e-10	6.999999999999999
7.90764307060552e-10	6.999999999999999
8.11059230371662e-10	6.999999999999999
8.318750091046154e-10	6.999999999999999
8.53225052816343e-10	6.999999999999999
8.751229475053145e-10	6.999999999999999
8.975829849361532e-10	6.999999999999999
9.206193686527142e-10	6.999999999999999
9.442470079650057e-10	6.999999999999999
9.684809886245753e-10	6.999999999999999
9.93337013928355e-10	6.999999999999999
1.0188308753940467e-9	6.999999999999999
1.044979070305506e-9	6.999999999999999
1.0717984488296657e-9	6.999999999999999
1.0993060375749976e-9	6.999999999999999
1.1275196571368965e-9	6.999999999999999
1.1564573045522962e-9	6.999999999999999
1.1861377708450537e-9	6.999999999999999
1.2165798470390262e-9	6.999999999999999
1.2478032945865332e-9	6.999999999999999
1.279828051381432e-9	6.999999999999999
1.3126747610837353e-9	6.999999999999999
1.3463644202365318e-9	6.999999999999999
1.3809188193698345e-9	6.999999999999999
1.4163599254551946e-9	6.999999999999999
1.4527107641133952e-9	6.999999999999999
1.4899944491859878e-9	6.999999999999999
1.5282350649429865e-9	6.999999999999999
1.5674570485374828e-9	6.999999999999999
1.6076857193302606e-9	6.999999999999999
1.6489468377859508e-9	6.999999999999999
1.6912669583561065e-9	6.999999999999999
1.7346731648168983e-9	6.999999999999999
1.7791934231521881e-9	6.999999999999999
1.8248563168912236e-9	6.999999999999999
1.8716910471086374e-9	6.999999999999999
1.9197278735282936e-9	6.999999999999999
1.968997585198671e-9	6.999999999999999
2.0195317651551736e-9	6.999999999999999
2.0713628786408965e-9	6.999999999999999
2.1245241848858598e-9	6.999999999999999
2.179050001769314e-9	6.999999999999999
2.2349750882743564e-9	6.999999999999999
2.292335614916393e-9	6.999999999999999
2.351168193314676e-9	6.999999999999999
2.411510758399996e-9	6.999999999999999
2.4734019508692998e-9	6.999999999999999
2.536881646510303e-9	6.999999999999999
2.6019905150976437e-9	6.999999999999999
2.668770373275963e-9	6.999999999999999
2.7372641845599007e-9	6.999999999999999
2.8075158828925597e-9	6.999999999999999
2.8795705490870432e-9	6.999999999999999
2.9534744990472248e-9	6.999999999999999
3.029275195546978e-9	6.999999999999999
3.1070212482301775e-9	6.999999999999999
3.1867627664937758e-9	6.999999999999999
3.268550741942418e-9	6.999999999999999
3.3524378423753665e-9	6.999999999999999
3.4384778824618818e-9	6.999999999999999
3.526726176624306e-9	6.999999999999999
3.6172393625965173e-9	6.999999999999999
3.710075489644703e-9	6.999999999999999
3.805294283229668e-9	6.999999999999999
3.902956880344526e-9	6.999999999999999
4.003125917735465e-9	6.999999999999999
4.105865884784833e-9	6.999999999999999
4.2112425941865135e-9	6.999999999999999
4.319323799491316e-9	6.999999999999999
4.430178930444664e-9	6.999999999999999
4.5438790929866015e-9	6.999999999999999
4.660497422134862e-9	6.999999999999999
4.7801087291017975e-9	6.999999999999999
4.9027898541774525e-9	6.999999999999999
5.028619578508797e-9	6.999999999999999
5.157678712320493e-9	6.999999999999999
5.290050094914897e-9	6.999999999999999
5.425818859334367e-9	6.999999999999999
5.5650720794781845e-9	6.999999999999999
5.707899211206401e-9	6.999999999999999
5.854392004119071e-9	6.999999999999999
6.004644501556249e-9	6.999999999999999
6.158753217039531e-9	6.999999999999999
6.316817134272051e-9	6.999999999999999
6.478937707138484e-9	6.999999999999999
6.645219212588121e-9	6.999999999999999
6.8157682213102564e-9	6.999999999999999
6.990694391721108e-9	6.999999999999999
7.170110028859973e-9	6.999999999999999
7.354130349051531e-9	6.999999999999999
7.542873479905855e-9	6.999999999999999
7.736460724980706e-9	6.999999999999999
7.935016387340004e-9	6.999999999999999
8.13866794599536e-9	6.999999999999999
8.347546232347625e-9	6.999999999999999
8.561785341966104e-9	6.999999999999999
8.781522899250876e-9	6.999999999999999
9.006900057432796e-9	6.999999999999999
9.238061410352719e-9	6.999999999999999
9.475155521786111e-9	6.999999999999999
9.71833466078076e-9	6.999999999999999
9.967754978098292e-9	6.999999999999999
1.0223576594434956e-8	6.999999999999999
1.0485963953304694e-8	6.999999999999999
1.0755085379935295e-8	6.999999999999999
1.1031113787034557e-8	6.999999999999999
1.1314226498348733e-8	6.999999999999999
1.1604605248662548e-8	6.999999999999999
1.1902436536682262e-8	6.999999999999999
1.2207911625035681e-8	6.999999999999999
1.252122671671369e-8	6.999999999999999
1.284258304329102e-8	6.999999999999999
1.3172186864926257e-8	6.999999999999999
1.3510249999686446e-8	6.999999999999999
1.3856989558884785e-8	6.999999999999999
1.4212628123522183e-8	6.999999999999999
1.4577394097170308e-8	6.999999999999999
1.4951521794192375e-8	6.999999999999999
1.5335251439743135e-8	6.999999999999999
1.5728829434431204e-8	6.999999999999999
1.6132508618981335e-8	6.999999999999999
1.6546548186013687e-8	6.999999999999999
1.6971214032926873e-8	6.999999999999999
1.7406778938339516e-8	6.999999999999999
1.785352256209024e-8	6.999999999999999
1.831173179812075e-8	6.999999999999999
1.8781701039138146e-8	6.999999999999999
1.9263731911952603e-8	6.999999999999999
1.97581340714643e-8	6.999999999999999
2.0265225024221885e-8	6.999999999999999
2.078533048130555e-8	6.999999999999999
2.131878435832703e-8	6.999999999999999
2.1865929304754215e-8	6.999999999999999
2.242711661569039e-8	6.999999999999999
2.3002706849419608e-8	6.999999999999999
2.3593069474523624e-8	6.999999999999999
2.419858384031036e-8	6.999999999999999
2.48196385592685e-8	6.999999999999999
2.5456632653937506e-8	6.999999999999999
2.6109975115803776e-8	6.999999999999999
2.678008561106678e-8	6.999999999999999
2.7467394392418314e-8	6.999999999999999
2.8172342916587867e-8	6.999999999999999
2.8895383932563394e-8	6.999999999999999
2.963698174625363e-8	6.999999999999999
3.039761248515039e-8	6.999999999999999
3.11777648923155e-8	6.999999999999999
3.197793979705618e-8	6.999999999999999
3.279865108535349e-8	6.999999999999999
3.3640425964524664e-8	6.999999999999999
3.450380478678157e-8	6.999999999999999
3.5389342284321435e-8	6.999999999999999
3.629760695178154e-8	6.999999999999999
3.72291822813299e-8	6.999999999999999
3.818466632156148e-8	6.999999999999999
3.916467273614741e-8	6.999999999999999
4.01698310684973e-8	6.999999999999999
4.1200786653538446e-8	6.999999999999999
4.225820158814431e-8	6.999999999999999
4.334275499579683e-8	6.999999999999999
4.4455143467690254e-8	6.999999999999999
4.559608123917269e-8	6.999999999999999
4.676630107195381e-8	6.999999999999999
4.79665546069879e-8	6.999999999999999
4.919761245269463e-8	6.999999999999999
5.0460265331829086e-8	6.999999999999999
5.175532408148174e-8	6.999999999999999
5.30836204470654e-8	6.999999999999999
5.444600743519822e-8	6.999999999999999
5.5843359931249216e-8	6.999999999999999
5.727657540510428e-8	6.999999999999999
5.8746574264049326e-8	6.999999999999999
6.02543004703157e-8	6.999999999999999
6.18007224232878e-8	6.999999999999999
6.338683313594466e-8	6.999999999999999
6.501365129350919e-8	6.999999999999999
6.668222151811047e-8	6.999999999999999
6.839361551565374e-8	6.999999999999999
7.014893234048273e-8	6.999999999999999
7.194929918936654e-8	6.999999999999999
7.379587237192816e-8	6.999999999999999
7.568983766352754e-8	6.999999999999999
7.763241145213151e-8	6.999999999999999
7.962484126763851e-8	6.999999999999999
8.166840657586544e-8	6.999999999999999
8.376441983719692e-8	6.999999999999999
8.591422712413065e-8	6.999999999999999
8.811920909170591e-8	6.999999999999999
9.03807816832697e-8	6.999999999999999
9.270039736556743e-8	6.999999999999999
9.507954583450925e-8	6.999999999999999
9.751975498559836e-8	6.999999999999999
1.0002259188435951e-7	6.999999999999999
1.0258966391320901e-7	6.999999999999999
1.0522261956544172e-7	6.999999999999999
1.0792314985676319e-7	6.999999999999999
1.1069298911927677e-7	6.999999999999999
1.1353391606013274e-7	6.999999999999999
1.1644775508483984e-7	6.999999999999999
1.1943637770879762e-7	6.999999999999999
1.2250170299840033e-7	6.999999999999999
1.2564569960011446e-7	6.999999999999999
1.2887038671090735e-7	6.999999999999999
1.321778350486756e-7	6.999999999999999
1.355701688813228e-7	6.999999999999999
1.3904956673252553e-7	6.999999999999999
1.426182629697075e-7	6.999999999999999
1.462785495684546e-7	6.999999999999999
1.500327770829436e-7	6.999999999999999
1.5388335658679904e-7	6.999999999999999
1.5783276090818381e-7	6.999999999999999
1.6188352639421485e-7	6.999999999999999
1.6603825449893673e-7	6.999999999999999
1.7029961337129568e-7	6.999999999999999
1.7467033961955476e-7	6.999999999999999
1.7915324025215105e-7	6.999999999999999
1.8375119417744854e-7	6.999999999999999
1.8846715423281587e-7	6.999999999999999
1.933041490372625e-7	6.999999999999999
1.9826528493229563e-7	6.999999999999999
2.0335374792277717e-7	6.999999999999999
2.0857280597066358e-7	6.999999999999999
2.1392581075942148e-7	6.999999999999999
2.194161999877675e-7	6.999999999999999
2.2504749966340827e-7	6.999999999999999
2.308233261321183e-7	6.999999999999999
2.3674738881258354e-7	6.999999999999999
2.428234920490377e-7	6.999999999999999
2.490555380225479e-7	6.999999999999999
2.554475289565332e-7	6.999999999999999
2.6200356985160906e-7	6.999999999999999
2.687278709557689e-7	6.999999999999999
2.756247508521105e-7	6.999999999999999
2.826986384879141e-7	6.999999999999999
2.8995407696813557e-7	6.999999999999999
2.973957257609253e-7	6.999999999999999
3.050283637853552e-7	6.999999999999999
3.128568929402498e-7	6.999999999999999
3.2088634066258816e-7	6.999999999999999
3.291218635445556e-7	6.999999999999999
3.3756875050949137e-7	6.999999999999999
3.462324260760571e-7	6.999999999999999
3.5511845432817145e-7	6.999999999999999
3.642325417380747e-7	6.999999999999999
3.7358054140092557e-7	6.999999999999999
3.831684568282946e-7	6.999999999999999
3.9300244538877384e-7	6.999999999999999
4.030888224543531e-7	6.999999999999999
4.13434065635017e-7	6.999999999999999
4.240448185722378e-7	6.999999999999999
4.34927895791118e-7	6.999999999999999
4.4609028622922096e-7	6.999999999999999
4.5753915861803767e-7	6.999999999999999
4.6928186536470107e-7	6.999999999999999
4.813259478452316e-7	6.999999999999999
4.936791407273555e-7	6.999999999999999
5.063493772637502e-7	6.999999999999999
5.193447944970707e-7	6.999999999999999
5.32673738112091e-7	6.999999999999999
5.463447679936131e-7	6.999999999999999
5.603666637843752e-7	6.999999999999999
5.747484304429602e-7	6.999999999999999
5.894993040663667e-7	6.999999999999999
6.046287576243586e-7	6.999999999999999
6.201465074878024e-7	6.999999999999999
6.36062519163017e-7	6.999999999999999
6.52387014084773e-7	6.999999999999999
6.691304758799674e-7	6.999999999999999
6.863036572488433e-7	6.999999999999999
7.039175870226517e-7	6.999999999999999
7.219835769566509e-7	6.999999999999999
7.405132290524299e-7	6.999999999999999
7.595184432331159e-7	6.999999999999999
7.790114248421388e-7	6.999999999999999
7.990046922302184e-7	6.999999999999999
8.195110852245576e-7	6.999999999999999
8.405437732451534e-7	6.999999999999999
8.621162635093282e-7	6.999999999999999
8.842424101184694e-7	6.999999798063887
9.069364225272228e-7	6.999997460342434
9.302128749831158e-7	6.999994909105666
9.540867157897368e-7	6.999992144249816
9.785732768345795e-7	6.999989165668462
1.0036882835579893e-6	6.999985973252445
1.0294478650103312e-6	6.9999825668898055
1.0558685640855982e-6	6.999978946465714
1.082967348284347e-6	6.999975111862394
1.1107616207412922e-6	6.999971062959043
1.1392692309882408e-6	6.9999667996317605
1.168508486863897e-6	6.999962321753469
1.19849816589434e-6	6.999957629193832
1.229257527732154e-6	6.9999527218191595
1.2608063262426713e-6	6.999947599492339
1.2931648221195448e-6	6.999942262072738
1.3263537962943035e-6	6.999936709416112
1.3603945629048064e-6	6.99993094137452
1.3953089831459021e-6	6.999924957796221
1.4311194792083116e-6	6.999918758525581
1.4678490489232752e-6	6.999912343402977
1.5055212801425382e-6	6.999905712264685
1.5441603661769858e-6	6.999898864942775
1.5837911214117182e-6	6.999891801265022
1.6244389969211285e-6	6.999884521054771
1.666130096877964e-6	6.999877024130836
1.7088911957563771e-6	6.999869310307385
1.7527497548292097e-6	6.99986137939381
1.7977339404296914e-6	6.99985323119462
1.843872641595593e-6	6.999844865509306
1.8911954889484738e-6	6.999836282132213
1.939732873484701e-6	6.99982748085241
1.989515966248686e-6	6.999818461453547
2.0405767380943333e-6	6.999809223713734
2.0929479807698063e-6	6.99979976740538
2.146663327296524e-6	6.999790092295053
2.201757273936132e-6	6.999780198143337
2.2582652024221386e-6	6.999770084704667
2.31622340254443e-6	6.999759751727178
2.3756690952631107e-6	6.999749198952551
2.4366404570574392e-6	6.999738426115826
2.499176644098316e-6	6.999727432945251
2.5633178175676453e-6	6.9997162191621
2.629105169154137e-6	6.999704784480496
2.6965809480488637e-6	6.999693128607224
2.7657884874997093e-6	6.999681251241549
2.8367722330420176e-6	6.9996691520750165
2.909577770905679e-6	6.999656830791258
2.984251857127985e-6	6.99964428703086
3.0608424480780137e-6	6.999631516863775
3.1393987304516916e-6	6.999618509764097
3.2199711537370363e-6	6.999605254484589
3.302611461973634e-6	6.999591739769031
3.387372727188312e-6	6.999577954351998
3.474309383713016e-6	6.999563886958615
3.563477262767352e-6	6.999549526304319
3.654933628452661e-6	6.999534861094614
3.7487372146283014e-6	6.999519880024806
3.844948262493694e-6	6.999504571779755
3.9436285594054626e-6	6.999488925033597
4.044841478400337e-6	6.999472928449473
4.1486520191295955e-6	6.999456570679248
4.255126849234595e-6	6.999439840363216
4.3643343474867365e-6	6.999422726129812
4.476344647721406e-6	6.999405216595305
4.591229683565902e-6	6.999387300363478
4.7090632348435616e-6	6.999368966025323
4.8299209751247574e-6	6.9993502021587
4.9538805197189915e-6	6.999330997328005
5.081021476401842e-6	6.999311340083825
5.211425495877241e-6	6.999291218962591
5.34517632426883e-6	6.999270622486193
5.482359857199298e-6	6.999249539161641
5.6230641948401355e-6	6.99922795748065
5.767379698284707e-6	6.999205865919271
5.9153990478621844e-6	6.99918325293748
6.0672173025101175e-6	6.999160106978764
6.222931960823212e-6	6.999136416469706
6.382643023690071e-6	6.999112169819543
6.5464530584297e-6	6.9990873554197295
6.714467264957078e-6	6.999061961643478
6.886793543007388e-6	6.999035976845288
7.0635425614775385e-6	6.9990093893604755
7.24482782979677e-6	6.9989821875046685
7.430765770267678e-6	6.9989543595733155
7.6214757934949836e-6	6.998925893841159
7.817080374608263e-6	6.998896778561709
8.017705131954885e-6	6.998867001966698
8.223478908086675e-6	6.9988365522655265
8.434533852158105e-6	6.998805417644681
8.651005504794692e-6	6.998773586267155
8.873032885519757e-6	6.998741046271848
9.100758581680975e-6	6.998707785772943
9.334328840023538e-6	6.998673792859272
9.573893660733482e-6	6.998639055593675
9.819606893951215e-6	6.998603562012325
0.000010071626338049451	6.99856729986859
0.000010330113841528209	6.998530249159105
0.000010595235406674203	6.99849238092724
0.000010867161295955094	6.998453665690726
0.000011146066142030793	6.998414073937053
0.000011432129059176295	6.998373576122696
0.000011725533758762655	6.9983321426723215
0.000012026468667031722	6.998289743977982
0.000012335127046223261	6.998246350398267
0.000012651707118701561	6.998201932257457
0.000012976412193905138	6.998156459844645
0.000013309450799531004	6.998109903412825
0.000013651036815012705	6.998062233177987
0.00001400138960888004	6.998013419318151
0.000014360734179824101	6.997963431972412
0.000014729301301114637	6.997912241239926
0.000015107327668810972	6.997859817178908
0.00001549505605376638	6.997806129805571
0.000015892735457337744	6.9977511490930535
0.000016300621271859143	6.9976948449703205
0.000016718975443850257	6.997637187321034
0.00001714806664304738	6.997578145982387
0.00001758817043443391	6.997517690743925
0.00001803956945512299	6.997455791346322
0.000018502553596533412	6.99739241748013
0.00001897742018974143	6.997327538784494
0.000019464474197008065	6.997261124845843
0.000019964028407276325	6.997193145196545
0.00002047640363740279	6.997123569313515
0.0000210019289378002	6.997052366616798
0.000021540941803990895	6.996979506468125
0.000022093788393276993	6.996904958169408
0.000022660823747056738	6.99682869096122
0.000023242412018963427	6.996750674021229
0.00002383892670847398	6.996670876462578
0.00002445075090086945	6.996589267332241
0.000025078277513459183	6.996505815609341
0.00002572190954745112	6.996420490203398
0.000026382060347409066	6.996333259952567
0.000027059153866091465	6.996244093621798
0.000027753624937053542	6.99615295990098
0.000028465919553777856	6.996059827403008
0.00002919649515630355	6.995964664661828
0.000029945820924560408	6.9958674401304135
0.00003071437808017214	6.995768122178692
0.000031502660195140815	6.995666679091436
0.000032311173509000546	6.995563079066069
0.000033140437253999234	6.995457290210451
0.00003399098398822022	6.995349278511232
0.00003486335993796706	6.995238981993178
0.00003575812534835287	6.995126318341511
0.00003667585484306463	6.995011204687165
0.00003761713779365533	6.994893558059662
0.00003858257869765816	6.994773295384521
0.00003957279756702259	6.99465033348063
0.00004058843032643112	6.994524589057514
0.00004163012922123214	6.994395978712561
0.00004269856323684143	6.994264418928155
0.00004379441852802446	6.994129826068764
0.00004491839885973557	6.99399211637792
0.000046071226058808276	6.99385120597517
0.000047253640477996556	6.993707010852882
0.00004846640147086723	6.993559446873051
0.00004971028787992548	6.993408429763946
0.000050986098536561956	6.99325387511673
0.000052294652774056534	6.993095698381969
0.00005363679095381522	6.992933814866054
0.000055013375005193026	6.992768139727528
0.000056425288978814656	6.992598587973346
0.00005787343961427513	6.992425074454996
0.000059358756922661535	6.992247513864572
0.00006088219478389585	6.992065820730705
0.00006244473155872244	6.991879909414415
0.00006404737071798678	6.991689694104854
0.00006569114148602951	6.99149508881494
0.00006737709950251872	6.991296007376873
0.00006910632749989717	6.991092363437551
0.00007087993599873839	6.990884070453863
0.00007269906402118808	6.990671041687866
0.00007456487982231427	6.990453190201831
0.00007647858164024853	6.9902304288531765
0.00007844139846591214	6.990002670289274
0.00008045459083215094	6.989769826942102
0.00008251945162324908	6.989531811022794
0.00008463730690535108	6.989288534516035
0.00008680951677779229	6.989039909174304
0.00008903747624710208	6.988785846511997
0.00009132261612209173	6.988526257799386
0.00009366640393364414	6.988261054056416
0.00009607034487629417	6.9879901460463865
0.00009853598277548112	6.987713444269413
0.00010106490107888549	6.987430858955778
0.00010365872387299696	6.987142300059084
0.0001063191169265896	6.986847677249249
0.00010904778876022226	6.986546899905311
0.0001118464917433521	6.986239877108064
0.00011471702321994335	6.985926506627611
0.00011766122666274784	6.985606604377884
0.00012068099285705134	6.985279949322565
0.00012377826111485595	6.9849463199227895
0.00012695502052064556	6.984605494303485
0.00013021331120855812	6.984257250244912
0.00013355522567246367	6.983901365174025
0.00013698291011018474	6.983537616155591
0.00014049856580132777	6.983165779883118
0.000144104450521286	6.982785632669534
0.00014780287999097122	6.98239695043765
0.00015159622936412772	6.981999508710384
0.0001554869347527576	6.98159308260073
0.00015947749479145154	6.981177446801506
0.0001635704722418598	6.980752375574825
0.00016776849563889182	6.98031764274132
0.00017207426097864433	6.979873021669084
0.00017649053344955727	6.979418285262373
0.0001810201492085628	6.978953205949984
0.00018566601720231457	6.97847755567339
0.00019043112103535098	6.977991105874555
0.00019531852088625022	6.977493627483455
0.00020033135547257132	6.976984890905306
0.00020547284406714005	6.9764646660074545
0.0002107462885649732	6.975932722105965
0.0002161550756040177	6.975388827951867
0.0002217026787400571	6.974832751717081
0.00022739266067746226	6.974264260979964
0.00023322867555693197	6.973683122710547
0.00023921447130251851	6.973089103255373
0.00024535389202846674	6.972481968321983
0.00025165088050798387	6.971861482963019
0.0002581094807050875	6.971227411559935
0.0002647338403719133	6.97057951780631
0.0002715282137122762	6.969917564690761
0.0002784969641138682	6.969241314479424
0.00028564456695032576	6.9685505286980245
0.0002929756124554628	6.967844968113501
0.00030049480867099144	6.967124392715186
0.0003082069844702885	6.966388561695519
0.00031611709265917936	6.965637233430305
0.0003242302131570022	6.96487016545848
0.0003325515562589242	6.9640871144614
0.000341086465981714	6.963287836241604
0.0003498404234960587	6.962472085701093
0.0003588190506464849	6.961639616819046
0.0003680281135615286	6.960790182629039
0.00037747352635715493	6.959923535195676
0.0003871613549346623	6.959039378564338
0.0003970978208760706	6.958137213673491
0.0004072893054399044	6.957216486153808
0.0004177423536593122	6.95627664058014
0.00042846367854490426	6.955317120446719
0.0004394601653965422	6.954337368141085
0.0004507388762244349	6.953336824917401
0.00046230705428509776	6.952314930869149
0.0004741721287322631	6.951271124901216
0.00048634171938865357	6.950204844701302
0.0004988236416388823	6.949115526710705
0.0005116259114489502	6.94800260609441
0.0005247567505140157	6.946865516710506
0.0005382245915382318	6.945703691078899
0.0005520380836507072	6.9445165603492995
0.0005662060979596208	6.943303554268497
0.0005807377332493435	6.942064101146887
0.0005956423218240045	6.940797627824217
0.0006109294355005936	6.939503559634587
0.0006266088917559187	6.938181320370622
0.0006426907600316578	6.936830332246875
0.0006591853682008512	6.935450015862366
0.0006761033092006928	6.9340397901623065
0.0006934554478351452	6.9325990723989515
0.0007112529277527618	6.931127278091575
0.0007295071786025375	6.929623820985554
0.000748229923375024	6.92808811301054
0.0007674331859299431	6.926519564237699
0.0007871292987188563	6.924917582835999
0.0008073309107044794	6.923281575027533
0.0008280509954841377	6.921610945041854
0.0008493028596216901	6.919905095069305
0.0008711001511927678	6.918163425213322
0.0008934568685498614	6.916385333441686
0.0009163873693121931	6.914570215536724
0.0009399063795859351	6.912717465044403
0.0009640290034217392	6.910826473222336
0.0009887707325146114	6.908896628986656
0.0010141474561525684	6.906927318857725
0.0010401754714211326	6.904917926904705
0.0010668714936690514	6.902867834688904
0.0010942526672432645	6.900776421205931
0.0011223365764991208	6.898643062826609
0.0011511412570929015	6.896467133236627
0.0011806852075649421	6.894248003374919
0.001210987401218648	6.891985041370735
0.0012420672983063405	6.889677612479387
0.001273944858525728	6.887325078704801
0.0013066405538388276	6.884926667074422
0.0013401753816190617	6.88248126530881
0.0013745708781354525	6.879987705275761
0.001409849132384137	6.877444815703166
0.0014460328002732093	6.8748514221111
0.0014831451191731487	6.872206346742696
0.0015212099228396256	6.869508408493717
0.001560251656719719	6.866756422840881
0.0016002953936511536	6.8639492017689046
0.0016413668499639148	6.861085553696231
0.0016834924019957932	6.858164283399458
0.0017266991030309492	6.855184191936452
0.0017710147006742883	6.852144076568125
0.0018164676546705556	6.849042730678872
0.0018630871551817388	6.845878943695666
0.0019109031415331	6.842651501005779
0.0019599463214402743	6.839359183873167
0.0020102481907300525	6.836000769353453
0.0020618410535671095	6.8325750302075425
0.002114758043200089	6.829080734813865
0.0021690331432397472	6.825516647079218
0.0022247012094836235	6.821881526348224
0.002281797992300563	6.8181741273113925
0.002340360159589904	6.8143931999117955
0.0024004253203297205	6.810537489250342
0.002462032048729465	6.806605735489667
0.002525219909002798	6.802596673756639
0.0025900294807757887	6.798509034043476
0.0026565023851474194	6.794341541107482
0.0027246813114188894	6.790092914369438
0.0027946100445091896	6.785761867810612
0.002866333493073532	6.781347109868428
0.002939897718344574	6.776847343330827
0.0030153499637125725	6.772261265229276
0.0030927386850659227	6.767587566730504
0.0031721135819097104	6.762824933026962
0.003253525629282572	6.757972043226021
0.003337027110494014	6.753027570237949
0.003422671650700176	6.74799018066268
0.0035105142513427523	6.7428585346754435
0.00360061132547135	6.7376312859112195
0.0036930207339718776	6.732307081348148
0.0037878018227254875	6.7268845611898405
0.0038850154607205636	6.721362358746724
0.003984724079143433	6.7157391003163935
0.004086991711472065	6.7100134050630915
0.004191884034598405	6.7041838848962865
0.0042994684110068265	6.6982491429858975
0.004409813932034675	6.6922076913445885
0.004522991462242912	6.686057903635022
0.004639073684926113	6.679798134494697
0.004758135148789645	6.67342673080092
0.004880252315825924	6.666942031552746
0.005005503610418188	6.660342367752973
0.005133969469705466	6.653626062290256
0.005265732395239545	6.646791429821504
0.005400877005968248	6.639836776654641
0.005539490092578014	6.632760400631911
0.0056816606732314305	6.62556059101382
0.005827480050735436	6.618235628363914
0.005977041871176194	6.610783784434508
0.00613044218405955	6.603203322053557
0.0062877795039940195	6.595492495012843
0.006449154873958399	6.587649547957648
0.0066146719301913215	6.579672716278122
0.006784436968747384	6.571560226002546
0.006958559013761236	6.563310293692707
0.007137149887463366	6.554921126341605
0.007320324281993148	6.546390921273749
0.0075081998330546055	6.537717866048246
0.0077008971954630485	6.528900138365015
0.007898540120630251	6.519935905974339
0.008101255536038132	6.5108233265900735
0.008309173626752625	6.501560547806795
0.008522427919029185	6.49214570702125
0.008741155366064256	6.482576931358357
0.008965496435947311	6.472852337602185
0.009195595201870401	6.462970032132234
0.009431599434652665	6.4529281108653915
0.009673660697640045	6.442724659203978
0.009921934444039694	6.43235775199028
0.010176580116753334	6.4218254534680135
0.01043776125077202	6.411125817251161
0.010705645578200135	6.400256886300639
0.010980405135972779	6.389216692909321
0.011262216376340018	6.378003258695877
0.011551260280184966	6.3666145946080075
0.01184772247325102	6.3550487009355745
0.012151793345351772	6.343303567334256
0.012463668172640326	6.331377172860286
0.01278354724301731	6.319267486016903
0.013111635984756504	6.306972464813173
0.013448145098432385	6.29449005683584
0.013793290692233132	6.2818181993349045
0.014147294420746737	6.268954819323646
0.014510383627308892	6.255897880386914
0.014882791490004255	6.242646374651259
0.015264757171414811	6.229200301951999
0.01565652597221147	6.2155596920115155
0.016058349488687763	6.201724561522819
0.016470485774336453	6.187694914138349
0.01689319950557312	6.173470740469
0.01732676215171271	6.159052018093878
0.017771452149309055	6.144438711581462
0.01822755508096838	6.129630772522699
0.01869536385875217	6.114628139576748
0.01917517891228715	6.099430738529986
0.01966730838170278	6.084038482368978
0.020172068315521197	6.068451271368099
0.0206897828736249	6.05266899319258
0.021220784535434724	6.036691523017665
0.021765414313429345	6.020518723664736
0.022324021972146897	6.004150445755128
0.022896966252804213	5.987586527882538
0.023484615103684152	5.970826796804803
0.02408734591643297	5.953871067656003
0.024705545768424576	5.93671914417971
0.025339611671342816	5.919370818984386
0.025989950826146153	5.9018258738218
0.026656980884573137	5.88408407988953
0.027341130217362057	5.86614519815846
0.02804283818935258	5.8480089797263695
0.02876255544164867	5.829675166198602
0.029500744181022887	5.811143490096954
0.030257878476748965	5.792413675297778
0.03103444456505102	5.773485437500536
0.031830941161368274	5.754358484727823
0.03264787978063234	5.735032517858104
0.033485785065766105	5.715507231192289
0.034345195124611795	5.695782313055359
0.035226661875507256	5.675857446434254
0.03613075140173178	5.655732309653219
0.0370580443150475	5.635406577087904
0.0380091361285722	5.6148799199193835
0.038984637639221324	5.594152006929436
0.03998517531996547	5.573222505338272
0.04101139172215501	5.552091081686053
0.042063945888170765	5.530757402759386
0.04314351377466431	5.509221136564149
0.04425078868666273	5.487481953345816
0.04538648172281152	5.4655395266586595
0.04655132223204832	5.4433935344848905
0.04774605828199341	5.421043660405191
0.04897145713936483	5.398489846306958
0.05022830576272058	5.3757347823783315
0.05151741130784904	5.3527828391273236
0.05283960164612813	5.329638399004234
0.054195725896191135	5.306305831775167
0.05558665496923348	5.2827894946434455
0.057013282128319645	5.2590937323773534
0.05847652356203975	5.235222877444203
0.05997731897289372	5.211181250150566
0.06151663218077153	5.18697315878864
0.06309545174192654	5.16260289978851
0.06471479158383016	5.138074757876266
0.06637569165632404	5.11339300623767
0.0680792185994804	5.088561906687306
0.06982646642860663	5.06358570984284
0.07161855723682649	5.038468655304268
0.07345664191569722	5.013214971837734
0.07534190089431693	4.9878288775637465
0.07727554489740542	4.962314580149287
0.07925881572283687	4.9366762770036035
0.08129298703913179	4.910918155477117
0.08337936520341306	4.885044393063148
0.08551929010035801	4.859059157601841
0.08771413600267843	4.832966607485919
0.08996531245368912	4.8067708918675764
0.09227426517252324	4.780476150866053
0.09464247698258227	4.754086515775163
0.09707146876381588	4.7276061092701624
0.09956280042943728	4.701039045613277
0.10211807192771188	4.674389430857066
0.10473892426945114	4.647661363044948
0.10742704058188203	4.620858932407951
0.11018414718955905	4.5939862215569445
0.1130120147230232	4.567047305669324
0.11591245925590832	4.540046252669343
0.11888734347123787	4.512987123400961
0.12193857785764808	4.485873971792348
0.12506812193631853	4.45871084501083
0.128277985519385	4.431501783607336
0.1315702300006567	4.404250821649059
0.13494696967945205	4.376961986839339
0.13841037311841844	4.349639300623408
0.14196266453619205	4.3222867782789285
0.14560612523580893	4.2949084289899435
0.14934309506976723	4.267508255903081
0.1531759739426988	4.240090256164622
0.15710722335259844	4.212658420937209
0.1611393679716169	4.1852167353947936
0.16527499726741618	4.157769383476222
0.1695167671661461	4.130321783651839
0.17386740175809137	4.102879794426327
0.17832969504710328	4.07544924086279
0.18290651274492156	4.048035912419937
0.18760079411155658	4.020645561605369
0.1924155538428944	3.9932839025867444
0.19735388400675857	3.9659566097615153
0.20241895602864887	3.938669316286306
0.207614022728456	3.9114276125669387
0.212942420409436	3.884237044710582
0.21840757100081049	3.857103112941406
0.22401298425534438	3.8300312699815877
0.22976226000333635	3.8030269193994566
0.23565909046444514	3.776095413927047
0.24170726261886244	3.7492420537492435
0.2479106606393277	3.7224720847672117
0.25427326838557107	3.6957906968387504
0.26079917196277375	3.6692030219986016
0.26749256234568397	3.642714132661919
0.2743577380700933	3.6163290398142127
0.2813991079933746	3.5900526911914765
0.2886211941258853	3.5638899694541815
0.29602863453502126	3.537845690359286
0.3036261863238202	3.5119246009342886
0.3114187286859932	3.4861313776578644
0.3194112660393816	3.4604706246514834
0.3276089312398153	3.434946871886856
0.3360169888774731	3.40956457341393
0.3446408386578242	3.3843281056145655
0.35348601886936254	3.359241765486856
0.3625582099403187	3.334309768965455
0.3718632380866748	3.3095362492830627
0.3814070790537868	3.2849252553785537
0.3911958619540533	3.260480750357038
0.40123587320305854	3.2362066100073963
0.411533560556758	3.212106621382575
0.4220955372522536	3.1881844814481792
0.43292858625486796	3.1644437958045732
0.44403966461419214	3.1408880774878662
0.4554359079319584	3.1175207458548595
0.46712463494455364	3.0943451255570706
0.47911335222316925	3.071364445608617
0.49140975899455336	3.04858183855277
0.5040217520855144	3.0260003397315347
0.5169574309942966	3.003622886662632
0.5302251030921421	2.981452318527748
0.5438332889583191	2.9594913757627688
0.5577907278521058	2.93774244099934
0.5721063833251787	2.9162068903243
0.5867894489780767	2.8948858362318246
0.60184935436437	2.8737803372307114
0.6172957710463939	2.852891398570436
0.6331386188063661	2.8322199730311475
0.6493880720169505	2.8117669617765033
0.6660545661752827	2.7915332152681627
0.6831488046047184	2.771519534240431
0.7006817653285782	2.75172667073334
0.718664708120284	2.7321553291823117
0.7371091817344715	2.7128061675621518
0.7560270313236641	2.693679798583126
0.7754304060452843	2.6747767909365376
0.795331766863947	2.656097670586992
0.815743894553946	2.637642922108555
0.8366798979071546	2.619412990061604
0.8581532221515483	2.6014082804072047
0.8801776575858468	2.58362916195554
0.9027673484357028	2.5660759678449856
0.9259368019372236	2.548748997048128
0.9497008976535777	2.5316485159010607
0.9740748970307804	2.514774759652126
0.9990744531986608	2.498127934026306
1.02471562102341	2.481708216801323
1.0510148674180841	2.465515759391608
1.0779890819177989	2.449550688436122
1.1056555875262628	2.433813107386228
1.1340321518407295	2.4183030980896993
1.163136998462425	2.403020722367057
1.1929888186999014	2.3879660235764515
1.2236067835726776	2.3731390281634774
1.255010556123	2.3585397471923044
1.2872203040435322	2.344168177854706
1.3202567126292217	2.330024304953584
1.3541409980614871	2.316108102357912
1.3888949210333956	2.302419534425968
1.4245408007244735	2.2889585573940474
1.4611015291342762	2.2757251207279134
1.4986005857837303	2.262719168434525
1.5370620527938443	2.249940640331688
1.576510630351349	2.2373894732735327
1.6169716525713724	2.225065602329852
1.6584711037671167	2.212968961917648
1.7010356351371663	2.201099486883342
1.7446925818809995	2.189457113534372
1.7894699807538914	2.1780417806190537
1.8353965880722525	2.166853414920095
1.8825018981810693	2.1558892827927614
1.9308161623954276	2.14514115207521
1.980370408428041	2.1346004719158933
2.0311964603154604	2.124259114670844
2.083326958855607	2.1141093657910734
2.136795382569974	2.104143913324119
2.1916360692036814	2.094355837066566
2.247884237777411	2.084738597404277
2.305576011205213	2.075286023876951
2.364748439492954	2.0659923035032457
2.4254395235319914	2.0568519689023086
2.4876882395036097	2.0478598862468993
2.55153456390969	2.0390112430826037
2.6170194992459637	2.0303015360467542
2.6841851003339983	2.0217265585198017
2.7530745013290914	2.0132823882407784
2.8237319434212065	2.004965374917404
2.8962028032470566	1.99677212786015
2.970533622031169	1.9886995036683766
3.0467721354749866	1.980744593995257
3.124967304412938	1.9729047134168984
3.2051693462555098	1.9651773874295881
3.2874297672390838	1.9575603405977564
3.3718013955036006	1.9500514848736936
3.4583384150190177	1.9426489081086618
3.5470964003827183	1.9353508627734988
3.6381323525097673	1.9281557549054409
3.7315047352392887	1.9210621332963331
3.827273512880192	1.9140686789360186
3.9255001887207728	1.9071741947232381
4.026247844526391	1.9003775954550322
4.129581181051019	1.893677898104218
4.235566559588337	1.887074212393249
4.344272044589537	1.880565731671434
4.455767447374603	1.8741517241013141
4.5701243709656305	1.8678315241587622
4.687416256070584	1.8616045244502688
4.807718428247567	1.8554701678497465
4.931108146279243	1.8494279399562334
5.057664651788804	1.8434773618728229
5.187469220129612	1.837617983306251
5.3206052125805945	1.8318493759857561
5.457158129881431	1.826171127398942
5.597215667141489	1.8205828348416964
5.740867770158392	1.8150840997784554
5.8882066931815915	1.8096745225085362
6.039327058158693	1.8043536971336127
6.19432591550207	1.7991212049528793
6.353302806415477	1.7939765367180083
6.516359826819851	1.7889190680391212
6.6836016929200115	1.7839481513118578
6.855135808453856	1.7790631187634653
7.031072333667968	1.7742632787567783
7.211524256063016	1.7695479123580418
7.396607462955098	1.7649162701608778
7.5864408158990715	1.760367569358525
7.781146227022481	1.7559009910562797
7.980848737318044	1.751515677815995
8.185676596945857	1.7472107314243521
8.395761347596181	1.7429852108765975
8.611237906966664	1.7388381305673664
8.83224465540707	1.734768458680264
9.058923524788092	1.7307751157678535
9.291420089650616	1.7268569735137744
9.529883660694944	1.723012853668766
9.774467380668767	1.7192415271524804
10.025328322716524	1.7155417133130564
10.282627591252417	1.7119120793365665
10.546530425423072	1.7083512397985674
10.817206305224842	1.7048577563501668
11.094829060345026	1.7014301375311458
11.379576981796044	1.6980668387028885
11.671632936415454	1.694766262094011
11.971184484303853	1.6915267569518109
12.278423999277248	1.6883466197928358
12.593548792410362	1.6852240947460635
12.916761238751494	1.682157373982402
13.24826890728877	1.6791445982244393
13.588284694251898	1.6761838573305525
13.937026959835986	1.6732731909477143
14.294719668433398	1.6704105892275611
14.661592532465242	1.6675939936004684
15.037881159903671	1.6648212976026175
15.423827205581352	1.662090347751226
15.819678526383255	1.6593989444633424
16.225689340422072	1.6567448430137846
16.64212039029815	1.6541257545280421
17.069239110550665	1.6515393470061046
17.50731979940524	1.648983246373431
17.956643794930166	1.6464550375554294
18.417499655712906	1.6439522655720091
18.89018334617492	1.6414724366489586
19.374998426641298	1.6390130193430643
19.872256248289325	1.6365714456780756
20.382276153099504	1.6341451122887682
20.905385678939755	1.631731504072241
21.441920769911658	1.6293301342132736
21.99222599209609	1.626942151232649
22.55665475483501	1.6245686470950007
23.13556953769402	1.6222106097052569
23.7293421232483	1.6198689284687322
24.338353835843968	1.6175443996530576
24.962995786486196	1.6152377315562227
25.60366912401406	1.6129495494850457
26.260785292720122	1.610680400548466
26.934766296582747	1.6084307582700657
27.6260449702789	1.6062010270242613
28.335065257154294	1.6039915463006271
29.06228249432574	1.6018025948008043
29.808163705101823	1.5996343943724491
30.573187898907243	1.5974871137846616
31.3578463789068	1.595360872349303
32.162643057522445	1.5932557433925931
32.988094780049316	1.5911717575813278
33.83473165657602	1.5891089061080286
34.703097402425854	1.5870671437392667
35.59374968733347	1.5850463917313704
36.50726049358296	1.583046540617656
37.4442164833398	1.5810674528712556
38.40521937540792	1.579108965447561
39.3908863316576	1.577170892210218
40.401850353369525	1.5752530262445545
41.43876068775364	1.5733551420622196
42.502283244898564	1.5714769977007734
43.593101025423636	1.5696183367218544
44.71191455910484	1.5677788901114966
45.85944235476109	1.5659583780860633
47.0364213616837	1.5641565118072152
48.243607442910346	1.5623729950092176
49.48177586064353	1.5606075255418284
50.751721774130644	1.5588597968319153
52.05426075031876	1.5571294992668756
53.39022928761732	1.5554163215028485
54.760485353101	1.5537199517006268
56.165908933503545	1.5520400786920832
57.607402600349175	1.5503763930798742
59.0858920895902	1.5487285882730706
60.60232689611859	1.5470963614613078
62.15768088353983	1.5454794145299706
63.752952909592416	1.543877454918824
65.38916746762108	1.5422901964264744
67.06737534451094	1.5407173599629183
68.78865429551182	1.5391586742524008
70.55410973637738	1.5376138647641682
72.36487545327084	1.5360825630637878
74.22211433088721	1.5345643577466193
76.12701909926788	1.533058848349036
78.08081309977719	1.5315656462181617
80.08475107074057	1.5300843748866437
82.14011995324286	1.5286146704147716
84.24823971761313	1.5271561817014736
86.41046421111528	1.5257085707656761
88.6281820273981	1.5242715129994442
90.90281739825609	1.5228446973942795
93.23583110828345	1.5214278267418941
95.6287214329962	1.520020617810733
98.08302510103532	1.518622801499474
100.60031828106014	1.5172341229686732
103.18221759397768	1.5158543417516888
105.83038115114441	1.514483231845978
108.54650961921297	1.5131205817858044
111.33234731231506	1.5117661946973568
114.18968331226766	1.5104198883372482
117.12035261753375	1.509081495115315
120.12623732166597	1.5077508621026037
123.20926782200361	1.50642785102539
126.37142405938201	1.5051123382460518
129.61473678966442	1.503804214731572
132.94128888790195	1.5025033860104156
136.35321668597405	1.5012097721184998
139.85271134455004	1.4999233075349416
143.4420202602678	1.4986439411082373
147.12344850902133	1.4973716359734948
150.89936032630055	1.4961063694613246
154.77218062551353	1.4948481329989558
158.74439655528272	1.4935969320041258
162.81855909670244	1.4923527857722636
166.9972847016009	1.4911157273574622
171.2832569728371	1.4898858034477163
175.67922838772913	1.4886630742348792
180.18802206570658	1.4874476132797685
184.8125335813427	1.4862395073728216
189.55573282390472	1.4850388563907118
194.42066590463736	1.4838457731492734
199.4104571129885	1.4826603832531091
204.52831092305473	1.4814828249422027
209.77751405150886	1.4803132489358566
215.16143756835194	1.4791518182742678
220.68353906182872	1.4779987081580186
226.34736485892088	1.4768541057857563
232.15655230281362	1.4757182101903248
238.11483208882268	1.4745911618729743
244.2260306602625	1.47347275967639
250.4940726658218	1.4723627038884666
256.92298347998934	1.4712607071576644
263.516891788178	1.4701664942872634
270.2800322381834	1.4690798019931997
277.2167481597124	1.468000378665491
284.33149435368887	1.4669279841332612
291.62883995314934	1.4658623894333553
299.11347135757836	1.4648033765825519
306.7901952425357	1.4637507383533621
314.6639416465359	1.4627042780534079
322.7397671371404	1.4616638093083716
331.02285805832923	1.4606291558484934
339.51853386119313	1.4596001512986132
348.23225052012214	1.4585766389717232
357.16960403665587	1.4575584716660293
366.33633403328344	1.4565455114654753
375.7383274394549	1.455537629543725
385.38162227220727	1.454534705971564
395.27241151380554	1.4535366295276997
405.4170470889287	1.45254329751292
415.82204394390425	1.4515546155675978
426.4940842306513	1.450570497492486
437.44002159798697	1.449590865072791
448.6668855930994	1.448615647905474
460.1818861759533	1.4476447832297545
471.9924183495758	1.4466782157607778
484.10606690915995	1.4457158975264084
496.53061131308453	1.444757787707108
509.2740306789172	1.4438038524788699
522.3445089076583	1.442854064859161
535.7504399394774	1.441908404555838
549.5004331443741	1.4409668578189936
563.6033188511528	1.4400294172957016
578.0681540183218	1.4390960818876068
592.9042280505092	1.4381668566113324
608.1210687642003	1.437241752461659
623.7284485065423	1.4363207862774299
639.7363904312134	1.4354039806101522
656.1551749353343	1.4344913635952434
672.9953462616292	1.4335829688258865
690.2677192699833	1.4326788352294553
707.9833863828217	1.4317790069464624
726.1537247087093	1.4308835332119985
744.7904033488297	1.4299924682396115
763.905390890937	1.4291058711075963
783.5109630956389	1.428223805616782
803.6197107799976	1.4273462997799784
824.2445479034056	1.426473266226686
845.3987198610217	1.4256045999961555
867.0958119900185	1.4247402005851515
889.3497582942043	1.423879971839816
912.1748503925015	1.4230238218500681
935.5857466971223	1.4221716628464818
959.5974818272639	1.4213234110995856
984.2254762644712	1.4204789868215313
1009.485546255737	1.419638314070082
1035.3939139708057	1.4188013206548635
1061.9672179201186	1.4179679380458337
1089.2225236402112	1.417138101283915
1117.177334653274	1.4163117488937447
1145.8496037080351	1.415488822798495
1175.2577443090936	1.41466926823672
1205.4206425422294	1.4138530336811725
1236.3576692031318	1.4130400707595607
1268.0886922374575	1.412230334177189
1300.6340895001101	1.4114237816414497
1334.0147618420756	1.410620373788114
1368.2521465330383	1.4098200741093876
1403.3682310285456	1.4090228488836913
1439.385567090444	1.4082286671071222
1476.3272852698187	1.4074375004265582
1514.2171097615292	1.4066493230743722
1553.0793736400565	1.4058641118047155
1592.939034486305	1.4050818458313334
1633.8216904155763	1.4043025067668793
1675.7535965167915	1.4035260785636923
1718.761681713691	1.402752547456003
1762.873566058704	1.4019819019035398
1808.117578470784	1.4012141325364922
1854.522774928366	1.4004492321018107
1902.118957129316	1.3996871954108066
1950.936691629707	1.3989280192880211
2001.0073294739284	1.398171702521336
2052.363026328477	1.3974182458132953
2105.0367631324743	1.3966676517336094
2159.0623672783126	1.3959199246728164
2214.4745343357554	1.3951750707970685
2271.3088503336703	1.394433098004022
2329.601814613527	1.393694015879804
2389.3908632695943	1.3929578356570225
2450.71439319056	1.3922245701738107
2513.6117867182793	1.3914942338338645
2578.1234369392832	1.3907668425674615
2644.2907736255665	1.390042413525617
2712.15628984097	1.3893209402611348
2781.7635692305207	1.388602372625481
2853.1573140100295	1.3878866571417703
2926.3833736742477	1.3871737416940872
3001.4887744416064	1.3864635754929164
3078.5217494547855	1.3857561090414448
3157.5317697562373	1.385051294102716
3238.569576058922	1.3843490836676176
3321.6872113322142	1.3836494319236767
3406.938054224256	1.382952294224648
3494.3768533419566	1.3822576270608717
3584.0597624110146	1.3815653880303789
3676.044376338092	1.3808755358107332
3770.38976819866	1.3801880301315845
3867.1565271739773	1.3795028317479174
3966.406797461988	1.3788199024139782
4068.204318186599	1.3781392048578645
4172.614464331382	1.3774607027567551
4279.70428872367	1.376784360712774
4389.542565096463	1.3761101442294612
4502.199832255216	1.3754380196888425
4617.748439378351	1.3747679543290825
4736.262592480208	1.3740999162227014
4857.818402066786	1.3734338742553498
4982.4939320142485	1.3727697981051143
5110.369249702076	1.3721076582223586
5241.526477432685	1.371447425810065
5376.049845171082	1.3707890728046874
5514.025744637743	1.3701325718574795
5655.542784789793	1.3694778963163048
5800.69184872644	1.3688250202079029
5949.566152054494	1.3681739182206132
6102.261302752078	1.3675245656875303
6258.87536256848	1.3668769385700923
6419.508910000253	1.3662310134420852
6584.26510488317	1.3655867674740514
6753.249754642179	1.364944178418097
6926.571382241383	1.364303224593086
7104.341295878429	1.3636638848702092
7286.673660467118	1.363026138658917
7473.685570954898	1.3623899658932193
7665.497127521745	1.3617553470183221
7862.23151270953	1.3611222629776127
8064.015070530395	1.3604906951999725
8270.977387605737	1.3598606255874108
8483.251376387305	1.3592320365030182
8700.973360514714	1.3586049107592213
8924.28316236309	1.3579956571381142
9153.324192837954	1.3574075988429426
9388.243543474337	1.3568210369812475
9629.192080900213	1.3562359645984006
9876.324543723724	1.355652374786657
10129.799641907377	1.3550702606847422
10389.780158692252	1.354489615477443
10656.433055138827	1.3539104323952011
10929.929577350078	1.3533327047137145
11210.445366446926	1.3527564257535392
11498.160571365699	1.3521815888797006
11793.259964551358	1.3516081875013022
12095.933060619143	1.3510362150711446
12406.374238062199	1.3504656650853453
12724.782864082237	1.349896531082964
13051.363422624907	1.349328806645631
13386.325645700266	1.3487624853971794
13729.884648074129	1.3481975610032826
14082.261065415682	1.3476340271710945
14443.681195991629	1.347071877648894
14814.377145996017	1.3465111062257322
15194.586978609936	1.345951706731086
15584.55486688773	1.3453936730345117
15984.53125056602	1.3448369990453053
16394.772996897824	1.3442816787121643
16815.5435656138	1.3437277060228552
17247.11317811837	1.3431750750038816
17689.75899102708	1.3426237797201592
18143.765274158515	1.3420738142746906
18609.42359309354	1.3415251728082467
19087.0329964213	1.3409778494990485
19576.90020778949	1.3404318385624554
20079.339822884405	1.3398871342506535
20594.67451146564	1.3393437308523495
21123.235224587406	1.3388016226924662
21665.361407136734	1.3382608041318418
22221.401215827318	1.3377212695669332
22791.71174278726	1.3371830134295206
23376.659244886738	1.336646030186416
23976.619378949687	1.3361103143391744
24591.977443003336	1.335575860423808
25223.12862371812	1.3350426630105052
25870.478250200063	1.3345107167033483
26534.44205429486	1.3339800161400373
27215.446437573766	1.333450555991616
27913.92874517045	1.332922330962201
28630.337546647912	1.3323953357887106
29365.13292407173	1.3318695652406016
30118.786767478003	1.331345014119604
30891.7830779231	1.3308216772594612
31684.618278313355	1.330299549525671
32497.80153221002	1.3297786258152309
33331.85507081761	1.329258901056384
34187.31452836302	1.3287403702083695
35064.72928608447	1.3282230282611738
35964.6628250465	1.3277068702352854
36887.69308801146	1.3271918911814518
37834.41285059676	1.326678086180438
38805.430101960534	1.3261654503427887
39801.368435255186	1.3256539788085924
40822.86744810185	1.3251436667472467
41870.58315334553	1.324634509357228
42945.18840034934	1.324126501865861
44047.37330710309	1.3236196395290927
45177.84570341999	1.3231139176312674
46337.33158551105	1.3226093314849034
47526.57558222301	1.322105876430474
48746.341433244204	1.3216035478361874
49997.41247958137	1.3211023410977718
51280.59216662805	1.320602251638261
52596.70456014072	1.3201032749077817
53946.59487545954	1.3196054063833442
55331.13002030922	1.3191086415686342
56751.19915153466	1.3186129759938063
58207.7142461214	1.3181184052152808
59701.61068687351	1.3176249248155403
61233.8478631204	1.317132530402931
62805.409786845	1.3166412176114635
64417.30572462047	1.3161509821006163
66070.57084576828	1.3156618195551413
67766.26688714827	1.3151737256848717
69505.48283501527	1.31468669622453
71289.33562437085	1.3142007269335403
73118.97085626671	1.3137158135958393
74995.5635335145	1.3132319520196922
76920.31881528284	1.3127491380375078
78894.47279105578	1.3122673675056569
80919.29327445803	1.3117866363042914
82996.08061745028	1.3113069403371664
85126.16854542645	1.3108282755314624
87310.92501373793	1.31035063783761
89551.7530862041	1.3098740232291153
91850.09183616574	1.30939842770239
94207.41727067043	1.3089238472765778
96625.24327837079	1.3084502779933873
99105.12260175418	1.3079777159169237
101648.6478343205	1.3075061571335236
104257.45244335961	1.3070355977515895
106933.21181897183	1.306566033901427
109677.64435001135	1.3060974617350842
112492.51252765034	1.3056298774261916
115379.62407725856	1.3051632771698016
118340.83311933701	1.3046976571822346
121378.04136024206	1.3042330137009204
124493.19931347777	1.303769342984246
127688.30755232407	1.3033066413114014
130965.4179946189	1.3028449049822286
134326.63522050844	1.3023841303170716
137774.1178240267	1.3019243136566274
141310.07979935425	1.301465451361799
144936.79196266033	1.3010075398135477
148656.58341043073	1.3005505754127509
152471.8430152338	1.3000945545800562
156385.02095986484	1.2996394737557404
160398.6303108703	1.299185329399568
164515.24863244992	1.2987321179906517
168737.51964179077	1.2982798360273138
173068.15490687397	1.2978284800269486
177509.93558786233	1.2973780465258875
182065.71422317336	1.2969285320792625
186738.416561404	1.2964799332608739
191531.04344025927	1.2960322466630567
196446.67271371084	1.29558546889655
201488.46122860827	1.295139596590367
206659.64685203286	1.2946946263916648
211963.55055067062	1.2942505549656176
217403.57852355955	1.2938073789952897
222983.22438956547	1.2933650951815092
228706.07143101416	1.2929237002427443
234575.79489489092	1.2924831909149783
240596.1643531097	1.2920435639515888
246771.04612334803	1.2916048161232256
253104.40575202997	1.29116694421769
259600.3105610171	1.290729945039816
266262.9322596708	1.2902938154113508
273096.549623942	1.2898585521708401
280105.5512442377	1.2894241521735093
287294.43834379525	1.2889906122911488
294667.8276693888	1.2885579294120009
302230.45445624396	1.2881261004406446
309987.1754690268	1.2876951222978847
317942.97212089127	1.2872649919206403
326102.9536725644	1.2868357062618332
334472.36051355745	1.28640726229028
343056.567527567	1.2859796569905815
351861.0875442625	1.285552887363017
360891.5748796489	1.2851269504234368
370153.8289673174	1.2847018432031558
379653.79808286694	1.2842775627488487
389397.58316392783	1.2838541061224462
399391.4417282102	1.2834314704010323
409641.79189213563	1.283009652676741
420155.2164925799	1.2825886500566543
430938.4673144161	1.2821684596627037
441998.4694265398	1.2817490786315677
453342.325629208	1.281330504114575
464977.32101548865	1.2809127332776051
476910.9276497979	1.2804957633009908
489150.8093664913	1.2800795913794232
501704.826691645	1.2796642147218535
514581.04189111973	1.2792496305514005
527787.7241482035	1.2788358361052543
541333.3548741167	1.2784228286345847
555226.6331548473	1.2780106054044469
569476.4813377424	1.2775991636936905
584092.050761501	1.277188500794869
599082.7276332027	1.2767786140141477
614458.1390562117	1.2763695006712157
630228.1592127435	1.2759611580991956
646402.915705134	1.2755535836445564
662992.7960598287	1.2751467746670258
680008.4543983416	1.2747407285395023
697460.8182793787	1.2743354426479707
715361.0957165922	1.273930914391416
733720.7823764142	1.273527141181738
752551.668960673	1.2731241204436692
771865.8487786397	1.2727218496146886
791675.7255134064	1.2723203261449423
811994.0211876398	1.2719195474971592
832833.7843337198	1.27151951114657
854208.3983735959	1.2711202145808271
876131.59021368	1.2707216552999243
898617.4390603823	1.2703238308161175
921680.3854618407	1.2699267386538455
945335.2405817395	1.269530376349652
969597.1957111029	1.269134741452108
994481.8320242724	1.2687398315217358
1.0200051305852063e6	1.2683456441309309
1.046183482610628e6	1.267952176863888
1.0730336999965368e6	1.2675594273165247
1.1005730261149518e6	1.2671673930964078
1.1288191468876805e6	1.2667760718226786
1.1577902021443422e6	1.2663854611259797
1.1875047972718403e6	1.2659955586483835
1.2179820151629064e6	1.2656063620433178
1.249241428471215e6	1.2652178689754958
1.281303112181078e6	1.2648300771208438
1.3141876564996843e6	1.2644429841664322
1.3479161800803111e6	1.264056587810404
1.382510343584812e6	1.263670885761906
1.4179923635942463e6	1.2632858757410197
1.454385026876462e6	1.2629015554786938
1.4917117050199532e6	1.2625179227166745
1.5299963694431991e6	1.2621349752074404
1.569263606789272e6	1.2617527107141335
1.6095386347154866e6	1.2613711270104946
1.6508473180883953e6	1.2609902218807971
1.6932161855943212e6	1.2606099931197807
1.7366724467762623e6	1.260230438532588
1.7812440095079741e6	1.2598515559346992
1.8269594979166526e6	1.2594733431518697
1.8738482707654685e6	1.2590957980200645
1.9219404403079713e6	1.2587189183853975
1.9712668916263056e6	1.2583427021040685
2.0218593024658773e6	1.2579671470423006
2.0737501635789422e6	1.2575922510762798
2.1269727995903897e6	1.2572180120920933
2.1815613903989606e6	1.2568444279856696
2.2375509931278713e6	1.2564714966627184
2.294977564638671e6	1.2560992160386704
2.3538779846229027e6	1.255727584038619
2.4142900792865613e6	1.255356598597261
2.476252645642251e6	1.2549862576588389
2.5398054764248896e6	1.2546165591770826
2.6049893856467777e6	1.2542475011151524
2.6718462348087076e6	1.2538790814455818
2.7404189597836016e6	1.2535112981502212
2.8107515983902295e6	1.2531441492201814
2.88288931867448e6	1.2527776326557791
2.9568784479166716e6	1.2524117464664795
3.032766502383137e6	1.2520464886708438
3.1106022178414925e6	1.2516818572964727
3.1904355808589617e6	1.2513178503799547
3.2723178609041763e6	1.2509544659668097
3.3563016432726556e6	1.2505917021114379
3.442440862857448e6	1.2502295568770658
3.5307908387863445e6	1.2498680283356944
3.621408309948305e6	1.249507114568047
3.714351471431421e6	1.2491468136635167
3.8096800118962023e6	1.2487871237201162
3.907455151907885e6	1.2484280428444263
4.007739683252817e6	1.2480695691515453
4.1105980092636114e6	1.2477117007650393
4.216096186179411e6	1.2473544358168913
4.32430196556749e6	1.246997772447453
4.435284837833896e6	1.2466417088053945
4.5491160768504925e6	1.2462862430476565
4.66586878572753e6	1.2459313733394013
4.785617943760774e6	1.245577097853965
4.908440454583865e6	1.2452234147728105
5.034415195556158e6	1.2448703222854778
5.163623068418316e6	1.2445178185895398
5.296147051247748e6	1.2441659018905542
5.432072251747847e6	1.2438145704020167
5.571485961904534e6	1.2434638223453165
5.714477714045776e6	1.2431136559496887
5.861139338339614e6	1.242764069452171
6.011565021768314e6	1.242415061097557
6.165851368615682e6	1.2420666291383522
6.324097462506796e6	1.2417187718347293
6.486404930040365e6	1.241371487454485
6.652878006053777e6	1.2410247742729952
6.823623600563426e6	1.2406786305731712
6.998751367422785e6	1.2403330546454185
7.178373774743057e6	1.239988044787592
7.362606177120692e6	1.2396435993049542
7.551566889718903e6	1.2392997165101332
7.745377264250163e6	1.2389563947230804
7.944161766909333e6	1.2386136322710286
8.148048058306392e6	1.2382714274884516
8.357167075450965e6	1.2379297787170225
8.571653115840625e6	1.237588684305572
8.791643923707912e6	1.23724814261005
9.017280778480276e6	1.2369081519934837
9.24870858551071e6	1.2365687108259382
9.486075969136579e6	1.2362298174844775
9.729535368127454e6	1.2358914703531239
9.979243133581957e6	1.2355536678228194
1.0235359629337523e7	1.2352164082913875
1.0498049334956737e7	1.2348796901634937
1.0767480951357521e7	1.2345435118506083
1.1043827509153618e7	1.234207871770967
1.132726647977604e7	1.233872768349534
1.161797988944598e7	1.2335382000179644
1.1916154436073612e7	1.2332041652145675
1.2221981609156325e7	1.2328706623842682
1.2535657812754596e7	1.232537689978572
1.2857384491623506e7	1.2322052464555278
1.3187368260582313e7	1.2318733302796914
1.3525821037203383e7	1.2315419399220895
1.3872960177907135e7	1.2312110738601851
1.4229008617549242e7	1.2308807305778406
1.4594195012591347e7	1.230550908565283
1.4968753887945209e7	1.2302216063190696
1.5352925787586255e7	1.2298928223420522
1.5746957429031929e7	1.229564555143343
1.6151101861785814e7	1.22923680323828
1.6565618629847262e7	1.2289095651483943
1.6990773938391745e7	1.2285828394013738
1.7426840824730117e7	1.2282566245310322
1.7874099333654393e7	1.2279309190772734
1.833283669728442e7	1.22760572158606
1.8803347519529603e7	1.2272810306093793
1.9285933965286043e7	1.226956844705211
1.978090595448819e7	1.2266331624374953
2.0288581361141548e7	1.2263099823760988
2.080928621746272e7	1.225987303096785
2.134335492326011e7	1.2256651231811801
2.1891130460686974e7	1.2253434412167428
2.245296461450687e7	1.2250222557967323
2.302921819801141e7	1.2247015655201774
2.3620261284737594e7	1.224381368991845
2.422647344613071e7	1.2240616648222102
2.4848243995307732e7	1.2237424516274242
2.5485972237075847e7	1.223423728029286
2.6140067724369455e7	1.2231054926552098
2.681095052126687e7	1.2227877441381976
2.749905147275837e7	1.2224704811168063
2.8204812481436674e7	1.2221537022351219
2.8928686791290622e7	1.2218374061427264
2.967113927878044e7	1.2215215914946709
3.0432646751384616e7	1.2212062569514461
3.1213698253807705e7	1.220891401178953
3.2014795382049046e7	1.2205770228484745
3.2836452605529927e7	1.2202631206366474
3.3679197597489394e7	1.2199496932254335
3.4543571573858246e7	1.2196367393020913
3.543012964083262e7	1.2193242575591496
3.633944115136556e7	1.2190122466943778
3.727209007080948e7	1.21870070541076
3.822867535194116e7	1.2183896324164663
3.920981131961442e7	1.2180790264248267
4.02161280652822e7	1.2177688861543035
4.12482718516457e7	1.217459210328465
4.230690552768697e7	1.2171499976759579
4.3392708954356335e7	1.216841246930482
4.45063794411823e7	1.2165329568307628
4.564863219408707e7	1.2162251261205261
4.682020077469791e7	1.215917753548472
4.802183757144365e7	1.2156108378682482
4.925431428274374e7	1.2153043778384256
5.051842241259628e7	1.2149983722224722
5.181497377888871e7	1.2146928197887277
5.314480103475078e7	1.2143877193103783
5.450875820329023e7	1.2140830695654319
5.5907721226049975e7	1.213778869336694
5.73425885255454e7	1.2134751174117413
5.88142815822352e7	1.2131718125828985
6.0323745526302524e7	1.2128689536472135
6.187194974462154e7	1.2125665394064342
6.34598885033062e7	1.212264568666982
6.508858158623215e7	1.2119630402399304
6.675907494994904e7	1.21166195294098
6.847244139539832e7	1.2113613055904355
7.022978125687519e7	1.2110610970131814
7.203222310866815e7	1.2107613260386598
7.388092448983726e7	1.2104619915008459
7.577707264759053e7	1.2101630922382265
7.772188529974446e7	1.2098646270937758
7.971661141674767e7	1.209566594914934
8.176253202377845e7	1.209268994553583
8.386096102342445e7	1.2089718248660257
8.601324603948238e7	1.2086750847129626
8.822076928240794e7	1.20837877295947