# Internal run number: twoLoop 1923
# All dimensionful quantities in GeV
# Rescaling factor from internal to physical units: 0.882208
# Quantity: interpolated gluon dressing function Z
# Syntax: p^2 [GeV^2], Z
# Cutoff in GeV^2, renormalization constant Z3: 882208., 1.23705
# Renormalization point 1: 8822.08
# Renormalization value Z at point 1: 1.
# Renormalization point 2: 0.000000882208
# Renormalization value D at point 2: 13.6022
# Lowest/highest calculated points (extrapolated beyond that): 0.000000882208/8822.08
# alpha(mu)=0.05
#
8.822076928240768e-15	1.2e-13
9.08673923608799e-15	1.231e-13
9.263180774652806e-15	1.262e-13
9.52784308250003e-15	1.295e-13
9.792505390347252e-15	1.328e-13
1.0057167698194476e-14	1.362e-13
1.0233609236759291e-14	1.397e-13
1.0498271544606514e-14	1.433e-13
1.0762933852453736e-14	1.47e-13
1.1115816929583366e-14	1.507e-13
1.138047923743059e-14	1.546e-13
1.1645141545277813e-14	1.586e-13
1.1998024622407444e-14	1.626e-13
1.2262686930254667e-14	1.668e-13
1.2615570007384297e-14	1.711e-13
1.2880232315231519e-14	1.755e-13
1.323311539236115e-14	1.8e-13
1.358599846949078e-14	1.846e-13
1.3938881546620412e-14	1.894e-13
1.4291764623750042e-14	1.942e-13
1.4644647700879675e-14	1.992e-13
1.4997530778009305e-14	2.043e-13
1.5438634624421343e-14	2.096e-13
1.5791517701550976e-14	2.149e-13
1.623262154796301e-14	2.205e-13
1.6585504625092643e-14	2.261e-13
1.702660847150468e-14	2.319e-13
1.746771231791672e-14	2.379e-13
1.790881616432876e-14	2.44e-13
1.8438140780023204e-14	2.502e-13
1.887924462643524e-14	2.567e-13
1.9320348472847282e-14	2.632e-13
1.9849673088541727e-14	2.7e-13
2.0378997704236175e-14	2.769e-13
2.0908322319930617e-14	2.84e-13
2.1437646935625065e-14	2.913e-13
2.196697155131951e-14	2.988e-13
2.2496296167013955e-14	3.065e-13
2.311384155199081e-14	3.143e-13
2.3731386936967666e-14	3.224e-13
2.4348932321944518e-14	3.307e-13
2.496647770692137e-14	3.392e-13
2.5584023091898226e-14	3.479e-13
2.6201568476875082e-14	3.568e-13
2.6907334631134342e-14	3.66e-13
2.7613100785393605e-14	3.753e-13
2.8318866939652862e-14	3.85e-13
2.902463309391212e-14	3.949e-13
2.973039924817138e-14	4.05e-13
3.0524386171713055e-14	4.154e-13
3.131837309525472e-14	4.26e-13
3.2112360018796396e-14	4.37e-13
3.2906346942338064e-14	4.482e-13
3.378855463516214e-14	4.597e-13
3.4670762327986214e-14	4.715e-13
3.5552970020810295e-14	4.836e-13
3.643517771363437e-14	4.96e-13
3.740560617574085e-14	5.087e-13
3.8376034637847335e-14	5.218e-13
3.9346463099953823e-14	5.352e-13
4.0316891562060306e-14	5.489e-13
4.13755407934492e-14	5.63e-13
4.243419002483809e-14	5.775e-13
4.3581060025509396e-14	5.923e-13
4.4639709256898286e-14	6.075e-13
4.578657925756958e-14	6.231e-13
4.702167002752329e-14	6.391e-13
4.816854002819459e-14	6.555e-13
4.9403630798148296e-14	6.723e-13
5.072694233738441e-14	6.895e-13
5.1962033107338114e-14	7.072e-13
5.328534464657423e-14	7.254e-13
5.469687695509276e-14	7.44e-13
5.6108409263611285e-14	7.631e-13
5.751994157212981e-14	7.827e-13
5.901969464993073e-14	8.028e-13
6.051944772773167e-14	8.234e-13
6.2107421574815e-14	8.445e-13
6.369539542189834e-14	8.662e-13
6.528336926898168e-14	8.884e-13
6.695956388534743e-14	9.112e-13
6.872397927099558e-14	9.346e-13
7.048839465664374e-14	9.586e-13
7.225281004229189e-14	9.832e-13
7.410544619722244e-14	1.0084e-12
7.604630312143542e-14	1.0343e-12
7.798716004564837e-14	1.0609e-12
8.001623773914376e-14	1.0881e-12
8.204531543263913e-14	1.116e-12
8.416261389541692e-14	1.1446e-12
8.62799123581947e-14	1.174e-12
8.848543159025489e-14	1.2042e-12
9.07791715915975e-14	1.2351e-12
9.31611323622225e-14	1.2668e-12
9.554309313284752e-14	1.2993e-12
9.801327467275493e-14	1.3326e-12
1.0048345621266234e-13	1.3668e-12
1.0304185852185215e-13	1.4019e-12
1.056884816003244e-13	1.4379e-12
1.0842332544807905e-13	1.4748e-12
1.1124639006511606e-13	1.5126e-12
1.1406945468215311e-13	1.5514e-12
1.1698074006847259e-13	1.5913e-12
1.1998024622407444e-13	1.6321e-12
1.230679731489587e-13	1.674e-12
1.2624392084312537e-13	1.717e-12
1.2950808930657445e-13	1.761e-12
1.3277225777002353e-13	1.8062e-12
1.3621286777203745e-13	1.8526e-12
1.3965347777405134e-13	1.9001e-12
1.4327052931463007e-13	1.9489e-12
1.4697580162449118e-13	1.9989e-12
1.5076929470363473e-13	2.0502e-12
1.5456278778277825e-13	2.1028e-12
1.585327224004866e-13	2.1568e-12
1.6259087778747736e-13	2.2121e-12
1.6682547471303292e-13	2.2689e-12
1.7106007163858848e-13	2.3272e-12
1.7547111010270885e-13	2.3869e-12
1.7997036933611164e-13	2.4481e-12
1.8455784933879685e-13	2.511e-12
1.8932177088004686e-13	2.5754e-12
1.941739131905793e-13	2.6415e-12
1.9920249703967655e-13	2.7093e-12
2.0431930165805616e-13	2.7788e-12
2.0952432704571822e-13	2.8502e-12
2.1490579397194508e-13	2.9233e-12
2.2046370243673675e-13	2.9983e-12
2.2610983167081086e-13	3.0753e-12
2.319324024434498e-13	3.1542e-12
2.3784319398537105e-13	3.2352e-12
2.439304270658572e-13	3.3182e-12
2.501941016849082e-13	3.4034e-12
2.5663421784252395e-13	3.4907e-12
2.632507755387045e-13	3.5803e-12
2.699555540041675e-13	3.6722e-12
2.7692499477747767e-13	3.7664e-12
2.839826563200703e-13	3.8631e-12
2.9130498017051014e-13	3.9622e-12
2.988037455595148e-13	4.0639e-12
3.064789524870843e-13	4.1682e-12
3.1433060095321855e-13	4.2752e-12
3.2235869095791763e-13	4.3849e-12
3.3065144327046394e-13	4.4975e-12
3.391206371215751e-13	4.6129e-12
3.4785449328053345e-13	4.7313e-12
3.5676479097805665e-13	4.8527e-12
3.6593975098342703e-13	4.9773e-12
3.7529115252736223e-13	5.105e-12
3.849072163791447e-13	5.236e-12
3.9478794253877433e-13	5.3704e-12
4.049333310062512e-13	5.5082e-12
4.153433817815753e-13	5.6496e-12
4.2601809486474664e-13	5.7946e-12
4.369574702557652e-13	5.9433e-12
4.4816150795463097e-13	6.0958e-12
4.596302079613439e-13	6.2523e-12
4.714517910451866e-13	6.4128e-12
4.835380364368764e-13	6.5773e-12
4.959771649056959e-13	6.7462e-12
5.086809556823626e-13	6.9193e-12
5.21737629536159e-13	7.0969e-12
5.35147186467085e-13	7.279e-12
5.489096264751405e-13	7.4658e-12
5.629367287910433e-13	7.6574e-12
5.774049349533582e-13	7.854e-12
5.922260241928027e-13	8.0555e-12
6.073999965093769e-13	8.2623e-12
6.230150726723629e-13	8.4743e-12
6.389830319124788e-13	8.6918e-12
6.553920949990066e-13	8.9149e-12
6.722422619319465e-13	9.1437e-12
6.89445311942016e-13	9.3784e-12
7.0717768656778e-13	9.6191e-12
7.253511650399559e-13	9.8659e-12
7.439657473585439e-13	1.01192e-11
7.630214335235439e-13	1.03789e-11
7.826064443042385e-13	1.06452e-11
8.027207797006274e-13	1.09184e-11
8.232762189434283e-13	1.11987e-11
8.444492035712062e-13	1.14861e-11
8.660632920453961e-13	1.17809e-11
8.88294925904563e-13	1.20832e-11
9.111441051487064e-13	1.23933e-11
9.345226090085444e-13	1.27114e-11
9.585186582533594e-13	1.30376e-11
9.831322528831511e-13	1.33723e-11
1.0083633928979199e-12	1.37155e-11
1.034212078297665e-12	1.40675e-11
1.06076652985167e-12	1.44285e-11
1.0879385267906514e-12	1.47988e-11
1.1159045106531746e-12	1.51786e-11
1.1444880399006746e-12	1.55682e-11
1.1738655560717165e-12	1.59677e-11
1.2040370591662999e-12	1.63775e-11
1.2349143284151425e-12	1.67979e-11
1.266585584587527e-12	1.7229e-11
1.2991390484527354e-12	1.76712e-11
1.3324864992414854e-12	1.81247e-11
1.3667161577230597e-12	1.85899e-11
1.4017398031281755e-12	1.9067e-11
1.437733876995398e-12	1.95563e-11
1.4746101585554443e-12	2.00582e-11
1.5124568685775973e-12	2.0573e-11
1.5512740070618566e-12	2.1101e-11
1.5910615740082223e-12	2.16426e-11
1.6319077901859772e-12	2.2198e-11
1.6738126555951208e-12	2.27678e-11
1.7167761702356532e-12	2.33521e-11
1.7608865548768572e-12	2.39514e-11
1.8060555887494498e-12	2.45661e-11
1.852371492622714e-12	2.51966e-11
1.8999224872659318e-12	2.58433e-11
1.948708572679103e-12	2.65066e-11
1.998729748862228e-12	2.71868e-11
2.049986015815307e-12	2.78846e-11
2.1026538150769046e-12	2.86003e-11
2.1565567051084554e-12	2.93343e-11
2.2119593482178077e-12	3.00871e-11
2.268685302866396e-12	3.08593e-11
2.326911010592785e-12	3.16513e-11
2.386636471396975e-12	3.24637e-11
2.4478616852789657e-12	3.32968e-11
2.51067487300804e-12	3.41514e-11
2.57516425535348e-12	3.50279e-11
2.6412416115460034e-12	3.59269e-11
2.7089951623548923e-12	3.68489e-11
2.778601349318712e-12	3.77947e-11
2.8498837308988977e-12	3.87647e-11
2.9230187486340133e-12	3.97595e-11
2.99800640252406e-12	4.078e-11
3.0749349133383194e-12	4.18266e-11
3.1538925018460743e-12	4.29001e-11
3.2348791680473244e-12	4.40011e-11
3.3178949119420704e-12	4.51304e-11
3.403027954299594e-12	4.62886e-11
3.4903665158891777e-12	4.74766e-11
3.579910596710821e-12	4.86951e-11
3.671836638303089e-12	4.99449e-11
3.766056419896701e-12	5.12267e-11
3.862746383030221e-12	5.25414e-11
3.961818306934364e-12	5.38899e-11
4.06353685391698e-12	5.5273e-11
4.1678138032087854e-12	5.66916e-11
4.274737375579064e-12	5.81465e-11
4.384484012566379e-12	5.96389e-11
4.497053714170731e-12	6.11695e-11
4.612446480392121e-12	6.27394e-11
4.730838752769112e-12	6.43496e-11
4.852230531301705e-12	6.60011e-11
4.976798257528464e-12	6.76951e-11
5.104453710680108e-12	6.94324e-11
5.235461553064483e-12	7.12144e-11
5.3698217846815905e-12	7.30421e-11
5.507710847069994e-12	7.49168e-11
5.649040519460411e-12	7.68395e-11
5.793987243391406e-12	7.88116e-11
5.942727460401546e-12	8.08343e-11
6.095261170490828e-12	8.29089e-11
6.2516765944285374e-12	8.50367e-11
6.412150173753237e-12	8.72192e-11
6.576681908464927e-12	8.94576e-11
6.745448240102173e-12	9.17536e-11
6.918625610203539e-12	9.41084e-11
7.096125797999743e-12	9.65237e-11
7.278301686567916e-12	9.9001e-11
7.465065055138771e-12	1.015418e-10
7.656680566020163e-12	1.041479e-10
7.853148219212084e-12	1.068208e-10
8.054732677022385e-12	1.095624e-10
8.261433939451067e-12	1.123743e-10
8.473516668805976e-12	1.152584e-10
8.69098086508711e-12	1.182165e-10
8.914002969833037e-12	1.212505e-10
9.142759424582318e-12	1.243624e-10
9.377426670873525e-12	1.275541e-10
9.618092929475932e-12	1.308278e-10
9.864934641928107e-12	1.341855e-10
1.0118128249768617e-11	1.376293e-10
1.0377850194536027e-11	1.411616e-10
1.0644188696999617e-11	1.447845e-10
1.0917320198697949e-11	1.485004e-10
1.1197509361938876e-11	1.523116e-10
1.148493262826096e-11	1.562207e-10
1.1779678218433484e-11	1.602301e-10
1.2082010794764295e-11	1.643424e-10
1.239210679879196e-11	1.685602e-10
1.2710142672055038e-11	1.728863e-10
1.3036294856092099e-11	1.773234e-10
1.3370916233980271e-11	1.818744e-10
1.3714095026488836e-11	1.865422e-10
1.4066007675156363e-11	1.913298e-10
1.4427095283829255e-11	1.962402e-10
1.4797357852507522e-11	2.012767e-10
1.5177060043499004e-11	2.064425e-10
1.5566642960650115e-11	2.117408e-10
1.596610660396086e-11	2.171751e-10
1.6375892077277642e-11	2.227489e-10
1.6796175822139032e-11	2.284657e-10
1.7227222500852876e-11	2.343293e-10
1.7669384996496304e-11	2.403433e-10
1.8122839750607878e-11	2.465117e-10
1.8588027867034012e-11	2.528384e-10
1.9065037566543995e-11	2.593275e-10
1.955439817375351e-11	2.659831e-10
2.0056197909431842e-11	2.728096e-10
2.0570966098194693e-11	2.798112e-10
2.109887918158062e-11	2.869925e-10
2.1640378263436036e-11	2.943582e-10
2.2195816226838075e-11	3.019128e-10
2.2765457734094583e-11	3.096614e-10
2.3349743889051967e-11	3.176089e-10
2.3949027574787363e-11	3.257603e-10
2.4563661674377897e-11	3.341209e-10
2.519408729166998e-11	3.426961e-10
2.584065730974075e-11	3.514913e-10
2.650390105320589e-11	3.605123e-10
2.718408318437325e-11	3.697648e-10
2.7881821248627815e-11	3.792548e-10
2.8597379908277425e-11	3.889884e-10
2.9331288487937775e-11	3.989717e-10
3.008407631222456e-11	4.092113e-10
3.085618448498419e-11	4.197137e-10
3.164814233083236e-11	4.304856e-10
3.2460390953615495e-11	4.41534e-10
3.329345967794927e-11	4.528659e-10
3.414796604921867e-11	4.644887e-10
3.502435117127011e-11	4.764098e-10
3.592323258948855e-11	4.886368e-10
3.6845227849259e-11	5.011776e-10
3.779086627519713e-11	5.140403e-10
3.876076541268792e-11	5.272331e-10
3.975554280711635e-11	5.407645e-10
4.077590422463668e-11	5.546432e-10
4.1822378989864596e-11	5.68878e-10
4.289576108972365e-11	5.834782e-10
4.3996668069598814e-11	5.984532e-10
4.5125805695644354e-11	6.138124e-10
4.62839679547838e-11	6.295659e-10
4.7471860613171417e-11	6.457236e-10
4.869018943696147e-11	6.622961e-10
4.993983663384677e-11	6.792939e-10
5.1221596190750876e-11	6.967279e-10
5.253617387382803e-11	7.146093e-10
5.388445189077106e-11	7.329497e-10
5.526740067004209e-11	7.517608e-10
5.6685902419333925e-11	7.710547e-10
5.8140662904800824e-11	7.908438e-10
5.963291721721276e-11	8.111407e-10
6.116337112272395e-11	8.319586e-10
6.273308327056584e-11	8.533107e-10
6.434311230996977e-11	8.752109e-10
6.599451689016716e-11	8.976731e-10
6.76882674396201e-11	9.207118e-10
6.942551082832929e-11	9.443418e-10
7.120730570552607e-11	9.685783e-10
7.303479894121114e-11	9.934368e-10
7.490922562615446e-11	1.0189332e-9
7.68317326303567e-11	1.0450841e-9
7.880364326535706e-11	1.0719061e-9
8.082610440115626e-11	1.0994165e-9
8.29005275700628e-11	1.1276329e-9
8.502814786284662e-11	1.1565735e-9
8.721037681181626e-11	1.1862569e-9
8.944862594928023e-11	1.2167021e-9
9.174439502831631e-11	1.2479286e-9
9.409900736046378e-11	1.2799566e-9
9.651405091956969e-11	1.3128066e-9
9.899102545871185e-11	1.3464997e-9
1.0153160717250663e-10	1.3810575e-9
1.0413747225557038e-10	1.4165022e-9
1.0681012046098093e-10	1.4528567e-9
1.0955140442489318e-10	1.4901441e-9
1.1236300034192351e-10	1.5283885e-9
1.1524676084822686e-10	1.5676145e-9
1.1820462680072744e-10	1.6078472e-9
1.2123827439404158e-10	1.6491125e-9
1.2434990914740137e-10	1.6914368e-9
1.2754129547619248e-10	1.7348474e-9
1.3081463889964695e-10	1.7793721e-9
1.3417196849545822e-10	1.8250396e-9
1.3761548978285845e-10	1.8718791e-9
1.4114740828107964e-10	1.9199207e-9
1.4476992950935387e-10	1.9691953e-9
1.4848543542845175e-10	2.0197346e-9
1.5229630799914391e-10	2.0715709e-9
1.5620501740297025e-10	2.1247376e-9
1.6021394560070143e-10	2.1792688e-9
1.6432582743618518e-10	2.2351996e-9
1.6854330953249993e-10	2.2925658e-9
1.7286895029195497e-10	2.3514044e-9
1.7730557277916726e-10	2.411753e-9
1.8185608827952312e-10	2.4736504e-9
1.8652340807840889e-10	2.5371365e-9
1.9131053168198018e-10	2.6022519e-9
1.9622054681716187e-10	2.6690385e-9
2.0125654121087881e-10	2.7375391e-9
2.064217790315945e-10	2.8077979e-9
2.1171952444777236e-10	2.8798598e-9
2.171533062901837e-10	2.9537711e-9
2.2272656516883055e-10	3.0295795e-9
2.2844274169371485e-10	3.1073334e-9
2.3430571757868513e-10	3.1870828e-9
2.4031919809605115e-10	3.2688791e-9
2.464869767388921e-10	3.3527746e-9
2.5281302344182573e-10	3.4388233e-9
2.5930148458100823e-10	3.5270804e-9
2.6595641831182664e-10	3.6176027e-9
2.727821474519758e-10	3.7104482e-9
2.797830830399199e-10	3.8056765e-9
2.8696372433489215e-10	3.9033489e-9
2.9432857059612606e-10	4.0035281e-9
3.0188256218670155e-10	4.1062783e-9
3.096302865866211e-10	4.2116656e-9
3.175769488212726e-10	4.3197577e-9
3.2572757747450493e-10	4.4306239e-9
3.340872893509366e-10	4.5443355e-9
3.4266164235903236e-10	4.6609656e-9
3.514560179657185e-10	4.7805889e-9
3.6047615052099825e-10	4.9032823e-9
3.6972768615410576e-10	5.0291247e-9
3.7921671209812153e-10	5.1581968e-9
3.88949315586126e-10	5.2905815e-9
3.989316720719691e-10	5.4263638e-9
4.091702216718081e-10	5.565631e-9
4.196714927225702e-10	5.7084725e-9
4.3044236644425937e-10	5.85498e-9
4.4148963583611036e-10	6.0052476e-9
4.5282044678043494e-10	6.1593718e-9
4.6444203338031436e-10	6.3174516e-9
4.763618944011376e-10	6.4795885e-9
4.885877050498321e-10	6.6458867e-9
5.01127228754095e-10	6.8164528e-9
5.139886700454694e-10	6.9913966e-9
5.271801452347293e-10	7.1708302e-9
5.40710211736495e-10	7.354869e-9
5.545874269653871e-10	7.5436312e-9
5.688208776606414e-10	7.7372379e-9
5.834196505614942e-10	7.9358135e-9
5.983930970694894e-10	8.1394855e-9
6.137507450277095e-10	8.3483848e-9
6.295026516038526e-10	8.5626454e-9
6.456587857448478e-10	8.782405e-9
6.622295575014704e-10	9.0078048e-9
6.792256415868033e-10	9.2389894e-9
6.966578891554684e-10	9.4761073e-9
7.145375924659341e-10	9.7193109e-9
7.328761319974374e-10	9.9687562e-9
7.516853293330624e-10	1.02246036e-8
7.709772707182008e-10	1.04870172e-8
7.90764307060552e-10	1.07561657e-8
8.11059230371662e-10	1.10322219e-8
8.318750091046154e-10	1.1315363e-8
8.53225052816343e-10	1.16057709e-8
8.751229475053145e-10	1.19036321e-8
8.975829849361532e-10	1.22091379e-8
9.206193686527142e-10	1.25224844e-8
9.442470079650057e-10	1.2843873e-8
9.684809886245753e-10	1.317351e-8
9.93337013928355e-10	1.35116071e-8
1.0188308753940467e-9	1.38583815e-8
1.044979070305506e-9	1.42140557e-8
1.0717984488296657e-9	1.45788584e-8
1.0993060375749976e-9	1.49530236e-8
1.1275196571368965e-9	1.53367918e-8
1.1564573045522962e-9	1.57304094e-8
1.1861377708450537e-9	1.61341291e-8
1.2165798470390262e-9	1.65482103e-8
1.2478032945865332e-9	1.69729188e-8
1.279828051381432e-9	1.74085274e-8
1.3126747610837353e-9	1.78553159e-8
1.3463644202365318e-9	1.83135712e-8
1.3809188193698345e-9	1.87835876e-8
1.4163599254551946e-9	1.92656669e-8
1.4527107641133952e-9	1.97601188e-8
1.4899944491859878e-9	2.02672607e-8
1.5282350649429865e-9	2.07874183e-8
1.5674570485374828e-9	2.13209258e-8
1.6076857193302606e-9	2.18681257e-8
1.6489468377859508e-9	2.24293694e-8
1.6912669583561065e-9	2.30050174e-8
1.7346731648168983e-9	2.35954394e-8
1.7791934231521881e-9	2.42010145e-8
1.8248563168912236e-9	2.48221317e-8
1.8716910471086374e-9	2.54591897e-8
1.9197278735282936e-9	2.61125979e-8
1.968997585198671e-9	2.67827756e-8
2.0195317651551736e-9	2.74701535e-8
2.0713628786408965e-9	2.81751728e-8
2.1245241848858598e-9	2.88982864e-8
2.179050001769314e-9	2.96399587e-8
2.2349750882743564e-9	3.04006659e-8
2.292335614916393e-9	3.11808966e-8
2.351168193314676e-9	3.19811519e-8
2.411510758399996e-9	3.28019457e-8
2.4734019508692998e-9	3.36438051e-8
2.536881646510303e-9	3.45072707e-8
2.6019905150976437e-9	3.53928971e-8
2.668770373275963e-9	3.6301253e-8
2.7372641845599007e-9	3.72329219e-8
2.8075158828925597e-9	3.81885019e-8
2.8795705490870432e-9	3.91686068e-8
2.9534744990472248e-9	4.01738661e-8
3.029275195546978e-9	4.12049252e-8
3.1070212482301775e-9	4.22624464e-8
3.1867627664937758e-9	4.33471088e-8
3.268550741942418e-9	4.44596089e-8
3.3524378423753665e-9	4.56006613e-8
3.4384778824618818e-9	4.67709987e-8
3.526726176624306e-9	4.79713728e-8
3.6172393625965173e-9	4.92025543e-8
3.710075489644703e-9	5.0465334e-8
3.805294283229668e-9	5.17605229e-8
3.902956880344526e-9	5.30889526e-8
4.003125917735465e-9	5.44514765e-8
4.105865884784833e-9	5.58489694e-8
4.2112425941865135e-9	5.72823288e-8
4.319323799491316e-9	5.87524753e-8
4.430178930444664e-9	6.0260353e-8
4.5438790929866015e-9	6.18069302e-8
4.660497422134862e-9	6.33932003e-8
4.7801087291017975e-9	6.50201818e-8
4.9027898541774525e-9	6.66889197e-8
5.028619578508797e-9	6.84004856e-8
5.157678712320493e-9	7.01559787e-8
5.290050094914897e-9	7.19565264e-8
5.425818859334367e-9	7.38032851e-8
5.5650720794781845e-9	7.56974406e-8
5.707899211206401e-9	7.76402095e-8
5.854392004119071e-9	7.96328394e-8
6.004644501556249e-9	8.16766101e-8
6.158753217039531e-9	8.37728339e-8
6.316817134272051e-9	8.59228571e-8
6.478937707138484e-9	8.81280605e-8
6.645219212588121e-9	9.03898603e-8
6.8157682213102564e-9	9.2709709e-8
6.990694391721108e-9	9.50890965e-8
7.170110028859973e-9	9.75295507e-8
7.354130349051531e-9	1.00032639e-7
7.542873479905855e-9	1.025999689e-7
7.736460724980706e-9	1.052331891e-7
7.935016387340004e-9	1.079339906e-7
8.13866794599536e-9	1.107041081e-7
8.347546232347625e-9	1.135453204e-7
8.561785341966104e-9	1.164594522e-7
8.781522899250876e-9	1.194483749e-7
9.006900057432796e-9	1.225140081e-7
9.238061410352719e-9	1.256583206e-7
9.475155521786111e-9	1.288833316e-7
9.71833466078076e-9	1.321911122e-7
9.967754978098292e-9	1.355837868e-7
1.0223576594434956e-8	1.390635341e-7
1.0485963953304694e-8	1.426325888e-7
1.0755085379935295e-8	1.462932431e-7
1.1031113787034557e-8	1.500478477e-7
1.1314226498348733e-8	1.53898814e-7
1.1604605248662548e-8	1.578486151e-7
1.1902436536682262e-8	1.618997874e-7
1.2207911625035681e-8	1.660549328e-7
1.252122671671369e-8	1.703167197e-7
1.284258304329102e-8	1.74687885e-7
1.3172186864926257e-8	1.79171236e-7
1.3510249999686446e-8	1.837696517e-7
1.3856989558884785e-8	1.884860855e-7
1.4212628123522183e-8	1.933235662e-7
1.4577394097170308e-8	1.982852004e-7
1.4951521794192375e-8	2.033741746e-7
1.5335251439743135e-8	2.085937569e-7
1.5728829434431204e-8	2.139472994e-7
1.6132508618981335e-8	2.194382401e-7
1.6546548186013687e-8	2.250701054e-7
1.6971214032926873e-8	2.308465121e-7
1.7406778938339516e-8	2.367711698e-7
1.785352256209024e-8	2.428478834e-7
1.831173179812075e-8	2.490805553e-7
1.8781701039138146e-8	2.554731883e-7
1.9263731911952603e-8	2.620298878e-7
1.97581340714643e-8	2.687548644e-7
2.0265225024221885e-8	2.75652437e-7
2.078533048130555e-8	2.827270353e-7
2.131878435832703e-8	2.899832025e-7
2.1865929304754215e-8	2.974255988e-7
2.242711661569039e-8	3.050590036e-7
2.3002706849419608e-8	3.128883191e-7
2.3593069474523624e-8	3.209185733e-7
2.419858384031036e-8	3.291549235e-7
2.48196385592685e-8	3.376026589e-7
2.5456632653937506e-8	3.462672047e-7
2.6109975115803776e-8	3.551541255e-7
2.678008561106678e-8	3.642691284e-7
2.7467394392418314e-8	3.736180672e-7
2.8172342916587867e-8	3.832069457e-7
2.8895383932563394e-8	3.93041922e-7
2.963698174625363e-8	4.031293122e-7
3.039761248515039e-8	4.134755946e-7
3.11777648923155e-8	4.240874134e-7
3.197793979705618e-8	4.349715838e-7
3.279865108535349e-8	4.461350955e-7
3.3640425964524664e-8	4.575851179e-7
3.450380478678157e-8	4.693290042e-7
3.5389342284321435e-8	4.813742964e-7
3.629760695178154e-8	4.937287302e-7
3.72291822813299e-8	5.064002395e-7
3.818466632156148e-8	5.193969621e-7
3.916467273614741e-8	5.327272445e-7
4.01698310684973e-8	5.463996477e-7
4.1200786653538446e-8	5.60422952e-7
4.225820158814431e-8	5.748061633e-7
4.334275499579683e-8	5.895585186e-7
4.4455143467690254e-8	6.046894919e-7
4.559608123917269e-8	6.202088005e-7
4.676630107195381e-8	6.361264109e-7
4.79665546069879e-8	6.524525456e-7
4.919761245269463e-8	6.691976892e-7
5.0460265331829086e-8	6.863725957e-7
5.175532408148174e-8	7.039882947e-7
5.30836204470654e-8	7.220560993e-7
5.444600743519822e-8	7.405876127e-7
5.5843359931249216e-8	7.59594736e-7
5.727657540510428e-8	7.790896756e-7
5.8746574264049326e-8	7.990849513e-7
6.02543004703157e-8	8.195934041e-7
6.18007224232878e-8	8.406282048e-7
6.338683313594466e-8	8.622028621e-7
6.501365129350919e-8	8.843312312e-7
6.668222151811047e-8	9.070275232e-7
6.839361551565374e-8	9.303063138e-7
7.014893234048273e-8	9.541825527e-7
7.194929918936654e-8	9.786715734e-7
7.379587237192816e-8	1.0037891029e-6
7.568983766352754e-8	1.0295512718e-6
7.763241145213151e-8	1.0559746248e-6
7.962484126763851e-8	1.0830761311e-6
8.166840657586544e-8	1.1108731954e-6
8.376441983719692e-8	1.1393836692e-6
8.591422712413065e-8	1.1686258621e-6
8.811920909170591e-8	1.1986185536e-6
9.03807816832697e-8	1.2293810052e-6
9.270039736556743e-8	1.2609329727e-6
9.507954583450925e-8	1.293294719e-6
9.751975498559836e-8	1.3264870269e-6
1.0002259188435951e-7	1.3605312129e-6
1.0258966391320901e-7	1.3954491402e-6
1.0522261956544172e-7	1.4312632335e-6
1.0792314985676319e-7	1.4679964926e-6
1.1069298911927677e-7	1.5056725079e-6
1.1353391606013274e-7	1.5443154753e-6
1.1644775508483984e-7	1.5839502113e-6
1.1943637770879762e-7	1.6246021698e-6
1.2250170299840033e-7	1.6662974577e-6
1.2564569960011446e-7	1.7090628518e-6
1.2887038671090735e-7	1.7529258164e-6
1.321778350486756e-7	1.7979145206e-6
1.355701688813228e-7	1.8440578564e-6
1.3904956673252553e-7	1.8913854573e-6
1.426182629697075e-7	1.9399277173e-6
1.462785495684546e-7	1.9897158107e-6
1.500327770829436e-7	2.0407817116e-6
1.5388335658679904e-7	2.0931582149e-6
1.5783276090818381e-7	2.146878957e-6
1.6188352639421485e-7	2.2019784378e-6
1.6603825449893673e-7	2.2584920425e-6
1.7029961337129568e-7	2.3164560644e-6
1.7467033961955476e-7	2.3759077284e-6
1.7915324025215105e-7	2.4368852147e-6
1.8375119417744854e-7	2.4994276834e-6
1.8846715423281587e-7	2.5635752997e-6
1.933041490372625e-7	2.6293692596e-6
1.9826528493229563e-7	2.6968518164e-6
2.0335374792277717e-7	2.7660663076e-6
2.0857280597066358e-7	2.8370571834e-6
2.1392581075942148e-7	2.9098700345e-6
2.194161999877675e-7	2.9845516217e-6
2.2504749966340827e-7	3.061149906e-6
2.308233261321183e-7	3.1397140793e-6
2.3674738881258354e-7	3.220294596e-6
2.428234920490377e-7	3.3029432053e-6
2.490555380225479e-7	3.3877129847e-6
2.554475289565332e-7	3.474658374e-6
2.6200356985160906e-7	3.5638352098e-6
2.687278709557689e-7	3.6553007622e-6
2.756247508521105e-7	3.7491137708e-6
2.826986384879141e-7	3.8453344829e-6
2.8995407696813557e-7	3.9440246922e-6
2.973957257609253e-7	4.0452477779e-6
3.050283637853552e-7	4.1490687462e-6
3.128568929402498e-7	4.2555542716e-6
3.2088634066258816e-7	4.3647727397e-6
3.291218635445556e-7	4.4767942912e-6
3.3756875050949137e-7	4.5916908671e-6
3.462324260760571e-7	4.7095362546e-6
3.5511845432817145e-7	4.8304061349e-6
3.642325417380747e-7	4.9543781311e-6
3.7358054140092557e-7	5.081531859e-6
3.831684568282946e-7	5.2119489773e-6
3.9300244538877384e-7	5.3457132408e-6
4.030888224543531e-7	5.4829105537e-6
4.13434065635017e-7	5.6236290249e-6
4.240448185722378e-7	5.7679590247e-6
4.34927895791118e-7	5.9159932426e-6
4.4609028622922096e-7	6.0678267472e-6
4.5753915861803767e-7	6.2235570469e-6
4.6928186536470107e-7	6.3832841525e-6
4.813259478452316e-7	6.5471106418e-6
4.936791407273555e-7	6.7151417252e-6
5.063493772637502e-7	6.8874853132e-6
5.193447944970707e-7	7.0642520859e-6
5.32673738112091e-7	7.245555564e-6
5.463447679936131e-7	7.4315121818e-6
5.603666637843752e-7	7.6222413616e-6
5.747484304429602e-7	7.817865591e-6
5.894993040663667e-7	8.0185105009e-6
6.046287576243586e-7	8.2243049467e-6
6.201465074878024e-7	8.4353810909e-6
6.36062519163017e-7	8.6518744879e-6
6.52387014084773e-7	8.873924171e-6
6.691304758799674e-7	9.1016727419e-6
6.863036572488433e-7	9.3352664621e-6
7.039175870226517e-7	9.5748553469e-6
7.219835769566509e-7	9.8205932617e-6
7.405132290524299e-7	0.0000100726380209
7.595184432331159e-7	0.0000103311514891
7.790114248421388e-7	0.0000105962996853
7.990046922302184e-7	0.0000108682528893
8.195110852245576e-7	0.000011147185751
8.405437732451534e-7	0.0000114332774028
8.621162635093282e-7	0.0000117267115746
8.842424101184694e-7	0.0000120276772359
9.069364225272228e-7	0.0000123363727104
9.302128749831158e-7	0.0000126529912869
9.540867157897368e-7	0.0000129777363304
9.785732768345795e-7	0.0000133108164257
1.0036882835579893e-6	0.0000136524455119
1.0294478650103312e-6	0.0000140028430191
1.0558685640855982e-6	0.0000143622340102
1.082967348284347e-6	0.0000147308493249
1.1107616207412922e-6	0.0000151089257281
1.1392692309882408e-6	0.0000154967060622
1.168508486863897e-6	0.0000158944394027
1.19849816589434e-6	0.0000163023812187
1.229257527732154e-6	0.0000167207935367
1.2608063262426713e-6	0.0000171499451089
1.2931648221195448e-6	0.000017590111586
1.3263537962943035e-6	0.0000180415756941
1.3603945629048064e-6	0.0000185046274166
1.3953089831459021e-6	0.0000189795641803
1.4311194792083116e-6	0.0000194666910462
1.4678490489232752e-6	0.000019966320906
1.5055212801425382e-6	0.0000204787746828
1.5441603661769858e-6	0.0000210043815373
1.5837911214117182e-6	0.0000215434790791
1.6244389969211285e-6	0.0000220964135839
1.666130096877964e-6	0.0000226635402157
1.7088911957563771e-6	0.0000232452232551
1.7527497548292097e-6	0.000023841836333
1.7977339404296914e-6	0.0000244537626712
1.843872641595593e-6	0.0000250813953279
1.8911954889484738e-6	0.0000257251374509
1.939732873484701e-6	0.0000263854025358
1.989515966248686e-6	0.0000270626146924
2.0405767380943333e-6	0.0000277572089165
2.0929479807698063e-6	0.0000284696313698
2.146663327296524e-6	0.0000292003396663
2.201757273936132e-6	0.0000299498031664
2.2582652024221386e-6	0.000030718503278
2.31622340254443e-6	0.0000315069337663
2.3756690952631107e-6	0.0000323156010709
2.4366404570574392e-6	0.0000331450246307
2.499176644098316e-6	0.0000339957372181
2.5633178175676453e-6	0.0000348682852808
2.629105169154137e-6	0.0000357632292933
2.6965809480488637e-6	0.0000366811441166
2.7657884874997093e-6	0.0000376226193676
2.8367722330420176e-6	0.0000385882597978
2.909577770905679e-6	0.0000395786856818
2.984251857127985e-6	0.0000405945332162
3.0608424480780137e-6	0.0000416364549386
3.1393987304516916e-6	0.0000427051201584
3.2199711537370363e-6	0.0000438012153699
3.302611461973634e-6	0.0000449254446918
3.387372727188312e-6	0.0000460785303193
3.474309383713016e-6	0.0000472612129888
3.563477262767352e-6	0.0000484742524532
3.654933628452661e-6	0.0000497184279711
3.7487372146283014e-6	0.0000509945388068
3.844948262493694e-6	0.0000523034047445
3.9436285594054626e-6	0.0000536458666153
4.044841478400337e-6	0.000055022786837
4.1486520191295955e-6	0.000056435049969
4.255126849234595e-6	0.0000578835632806
4.3643343474867365e-6	0.0000593692573342
4.476344647721406e-6	0.0000608930865834
4.591229683565902e-6	0.0000624560299863
4.7090632348435616e-6	0.0000640590916349
4.8299209751247574e-6	0.0000657033014007
4.9538805197189915e-6	0.0000673897155962
5.081021476401842e-6	0.0000691194176541
5.211425495877241e-6	0.0000708935188238
5.34517632426883e-6	0.0000727131588854
5.482359857199298e-6	0.0000745795068827
5.6230641948401355e-6	0.0000764937618744
5.767379698284707e-6	0.0000784571537047
5.9153990478621844e-6	0.0000804709437943
6.0672173025101175e-6	0.0000825364259507
6.222931960823212e-6	0.0000846549272002
6.382643023690071e-6	0.0000868278086409
6.5464530584297e-6	0.0000890564663176
6.714467264957078e-6	0.000091342332119
6.886793543007388e-6	0.0000936868746985
7.0635425614775385e-6	0.0000960916004179
7.24482782979677e-6	0.0000985580543159
7.430765770267678e-6	0.0001010878211015
7.6214757934949836e-6	0.0001036825261724
7.817080374608263e-6	0.00010634383666
8.017705131954885e-6	0.000109073462501
8.223478908086675e-6	0.0001118731575368
8.434533852158105e-6	0.0001147447206407
8.651005504794692e-6	0.0001176899968746
8.873032885519757e-6	0.0001207108786749
9.100758581680975e-6	0.0001238093070691
9.334328840023538e-6	0.0001269872729235
9.573893660733482e-6	0.0001302468182234
9.819606893951215e-6	0.0001335900373854
0.000010071626338049451	0.000137019078606
0.000010330113841528209	0.0001405361452987
0.000010595235406674203	0.000144143497527
0.000010867161295955094	0.0001478434534003
0.000011146066142030793	0.0001516383905611
0.000011432129059176295	0.0001555307477147
0.000011725533758762655	0.0001595230261974
0.000012026468667031722	0.0001636177915859
0.000012335127046223261	0.0001678176753476
0.000012651707118701561	0.000172125376533
0.000012976412193905138	0.000176543663512
0.000013309450799531004	0.0001810753757549
0.000013651036815012705	0.000185723425659
0.00001400138960888004	0.0001904908004219
0.000014360734179824101	0.0001953805639632
0.000014729301301114637	0.0002003958588958
0.000015107327668810972	0.0002055399085471
0.00001549505605376638	0.0002108160190331
0.000015892735457337744	0.0002162275813852
0.000016300621271859143	0.0002217780737316
0.000016718975443850257	0.0002274710635349
0.00001714806664304738	0.0002333102098876
0.00001758817043443391	0.0002392992658657
0.00001803956945512299	0.0002454420809436
0.000018502553596533412	0.0002517426034706
0.00001897742018974143	0.0002582048832112
0.000019464474197008065	0.0002648330739504
0.000019964028407276325	0.0002716314361666
0.00002047640363740279	0.0002786043397724
0.0000210019289378002	0.0002857562669262
0.000021540941803990895	0.000293091814916
0.000022093788393276993	0.0003006156991176
0.000022660823747056738	0.000308332756028
0.000023242412018963427	0.0003162479463775
0.00002383892670847398	0.0003243663583215
0.00002445075090086945	0.0003326932107143
0.000025078277513459183	0.0003412338564669
0.00002572190954745112	0.0003499937859912
0.000026382060347409066	0.0003589786307326
0.000027059153866091465	0.0003681941667938
0.000027753624937053542	0.0003776463186505
0.000028465919553777856	0.0003873411629641
0.00002919649515630355	0.0003972849324913
0.000029945820924560408	0.0004074840200944
0.00003071437808017214	0.0004179449828547
0.000031502660195140815	0.0004286745462914
0.000032311173509000546	0.0004396796086892
0.000033140437253999234	0.0004509672455366
0.00003399098398822022	0.0004625447141273
0.00003486335993796706	0.0004744194588692
0.00003575812534835287	0.0004865991159708
0.00003667585484306463	0.0004990915179124
0.00003761713779365533	0.0005119046984831
0.00003858257869765816	0.0005250468979572
0.00003957279756702259	0.000538526568405
0.00004058843032643112	0.0005523523791386
0.00004163012922123214	0.0005665332222996
0.00004269856323684143	0.000581078218589
0.00004379441852802446	0.0005959967231455
0.00004491839885973557	0.0006112983315744
0.000046071226058808276	0.0006269928861319
0.000047253640477996556	0.0006430904820685
0.00004846640147086723	0.0006596014741352
0.00004971028787992548	0.0006765364832575
0.000050986098536561956	0.0006939064033809
0.000052294652774056534	0.0007117224084922
0.00005363679095381522	0.0007299959598217
0.000055013375005193026	0.0007487388132305
0.000056425288978814656	0.000767963026788
0.00005787343961427513	0.0007876809685436
0.000059358756922661535	0.0008079053244996
0.00006088219478389585	0.0008286491067871
0.00006244473155872244	0.0008499256620544
0.00006404737071798678	0.0008717486800692
0.00006569114148602951	0.0008941322025432
0.00006737709950251872	0.0009170906321831
0.00006910632749989717	0.0009406387419742
0.00007087993599873839	0.000964791684703
0.00007269906402118808	0.0009895650027242
0.00007456487982231427	0.0010149746379793
0.00007647858164024853	0.0010410369422725
0.00007844139846591214	0.00106776868781
0.00008045459083215094	0.0010951870780117
0.00008251945162324908	0.0011233097585994
0.00008463730690535108	0.0011521548289705
0.00008680951677779229	0.0011817408538641
0.00008903747624710208	0.0012120868753264
0.00009132261612209173	0.0012432124249844
0.00009366640393364414	0.0012751375366337
0.00009607034487629417	0.0013078827591506
0.00009853598277548112	0.001341469169736
0.00010106490107888549	0.0013759183874984
0.00010365872387299696	0.0014112525873872
0.0001063191169265896	0.0014474945144823
0.00010904778876022226	0.0014846674986522
0.0001118464917433521	0.0015227954695871
0.00011471702321994335	0.0015619029731492
0.00011766122666274784	0.0016020151934225
0.00012068099285705134	0.0016431579658537
0.00012377826111485595	0.0016853577910363
0.00012695502052064556	0.0017286418518382
0.00013021331120855812	0.0017730380309855
0.00013355522567246367	0.0018185749290991
0.00013698291011018474	0.0018652818831972
0.00014049856580132777	0.0019131889856732
0.000144104450521286	0.0019623271037638
0.00014780287999097122	0.0020127278995177
0.00015159622936412772	0.0020644238502797
0.0001554869347527576	0.0021174482697016
0.00015947749479145154	0.0021718353292947
0.0001635704722418598	0.0022276200805374
0.00016776849563889182	0.002284838477552
0.00017207426097864433	0.0023435274003656
0.00017649053344955727	0.0024037246787694
0.0001810201492085628	0.002465469116793
0.00018566601720231457	0.0025288005178076
0.00019043112103535098	0.0025937597102764
0.00019531852088625022	0.002660388574167
0.00020033135547257132	0.0027287300680429
0.00020547284406714005	0.0027988282568534
0.0002107462885649732	0.0028707283404365
0.0002161550756040177	0.0029444766827565
0.0002217026787400571	0.0030201208418916
0.00022739266067746226	0.0030977096007944
0.00023322867555693197	0.0031772929988411
0.00023921447130251851	0.0032589223641931
0.00024535389202846674	0.0033426503469889
0.00025165088050798387	0.0034285309533891
0.0002581094807050875	0.0035166195804962
0.0002647338403719133	0.00360697305217
0.0002715282137122762	0.0036996496557633
0.0002784969641138682	0.0037947091798001
0.00028564456695032576	0.0038922129526202
0.0002929756124554628	0.0039922238820162
0.00030049480867099144	0.0040948064958854
0.0003082069844702885	0.0042000269839253
0.00031611709265917936	0.0043079532403974
0.0003242302131570022	0.0044186549079858
0.0003325515562589242	0.004532203422781
0.000341086465981714	0.0046486720604142
0.0003498404234960587	0.0047681359833728
0.0003588190506464849	0.0048906722895276
0.0003680281135615286	0.0050163600619002
0.00037747352635715493	0.0051452804197035
0.0003871613549346623	0.0052775165810868
0.0003970978208760706	0.0054131539533223
0.0004072893054399044	0.0055522801594195
0.0004177423536593122	0.0056949850836274
0.00042846367854490426	0.0058413609298102
0.0004394601653965422	0.0059915022813242
0.0004507388762244349	0.006145506162434
0.00046230705428509776	0.0063034721013074
0.0004741721287322631	0.0064655021946276
0.00048634171938865357	0.0066317011738652
0.0004988236416388823	0.0068021764732517
0.0005116259114489502	0.0069770382994953
0.0005247567505140157	0.0071563997032867
0.0005382245915382318	0.007340376652636
0.0005520380836507072	0.00752908810809
0.0005662060979596208	0.0077226560998749
0.0005807377332493435	0.0079212058070138
0.0005956423218240045	0.0081248656384683
0.0006109294355005936	0.0083337673163547
0.0006266088917559187	0.0085480459612868
0.0006426907600316578	0.0087678401798978
0.0006591853682008512	0.0089932921545971
0.0006761033092006928	0.0092245477356154
0.0006934554478351452	0.009461756535397
0.0007112529277527618	0.0097050720253963
0.0007295071786025375	0.0099546516353381
0.000748229923375024	0.0102106568550035
0.0007674331859299431	0.0104732533386027
0.0007871292987188563	0.0107426110117987
0.0008073309107044794	0.0110189041814474
0.0008280509954841377	0.0113023116481208
0.0008493028596216901	0.0115930168214802
0.0008711001511927678	0.0118912078385713
0.0008934568685498614	0.0121970776851102
0.0009163873693121931	0.0125108243198342
0.0009399063795859351	0.0128326508019927
0.0009640290034217392	0.0131627654220508
0.0009887707325146114	0.0135013818356887
0.0010141474561525684	0.0138487192011702
0.0010401754714211326	0.0142050023201665
0.0010668714936690514	0.0145704617821146
0.0010942526672432645	0.014945334112197
0.0011223365764991208	0.0153298619230268
0.0011511412570929015	0.0157242940701293
0.0011806852075649421	0.0161288858113064
0.001210987401218648	0.0165438989699789
0.0012420672983063405	0.0169696021025979
0.001273944858525728	0.0174062706704976
0.0013066405538388276	0.017854187335183
0.0013401753816190617	0.0183136423438942
0.0013745708781354525	0.018784933484647
0.001409849132384137	0.0192683662331409
0.0014460328002732093	0.0197642539500075
0.0014831451191731487	0.0202729180830065
0.0015212099228396256	0.0207946883742839
0.001560251656719719	0.0213299030728145
0.0016002953936511536	0.021878909152146
0.0016413668499639148	0.0224420625335713
0.0016834924019957932	0.023019728314851
0.0017266991030309492	0.0236122810046181
0.0017710147006742883	0.0242201047625917
0.0018164676546705556	0.0248435936457332
0.0018630871551817388	0.0254831518604821
0.0019109031415331	0.0261391940212047
0.0019599463214402743	0.0268121454149987
0.0020102481907300525	0.0275024422729936
0.0020618410535671095	0.0282105320482922
0.002114758043200089	0.0289368737006985
0.0021690331432397472	0.0296819379883824
0.0022247012094836235	0.0304462077666296
0.002281797992300563	0.0312301782938338
0.002340360159589904	0.0320343575448814
0.0024004253203297205	0.0328592665320917
0.002462032048729465	0.0337054396338675
0.002525219909002798	0.0345734249312209
0.0025900294807757887	0.0354637845523354
0.0026565023851474194	0.0363770950253326
0.0027246813114188894	0.0373139476394074
0.0027946100445091896	0.0382749488145037
0.002866333493073532	0.0392607204796993
0.002939897718344574	0.0402719004604727
0.0030153499637125725	0.0413091428750259
0.0030927386850659227	0.0423731185398373
0.0031721135819097104	0.0434645153846205
0.003253525629282572	0.0445840388768679
0.003337027110494014	0.0457324124561533
0.003422671650700176	0.0469103779783764
0.0035105142513427523	0.0481186961701243
0.00360061132547135	0.0493581470933321
0.0036930207339718776	0.0506295306204187
0.0037878018227254875	0.051933666920082
0.0038850154607205636	0.053271396953925
0.003984724079143433	0.0546435829840982
0.004086991711472065	0.0560511090921288
0.004191884034598405	0.0574948817091175
0.0042994684110068265	0.0589758301590483
0.004409813932034675	0.0604949073100963
0.004522991462242912	0.062053090209948
0.004639073684926113	0.0636513805350871
0.004758135148789645	0.0652908051693289
0.004880252315825924	0.0669724168076527
0.005005503610418188	0.0686972945726565
0.005133969469705466	0.0704665446437794
0.005265732395239545	0.0722813008994515
0.005400877005968248	0.0741427255723042
0.005539490092578014	0.0760520099175883
0.0056816606732314305	0.0780103748949213
0.005827480050735436	0.0800190718634947
0.005977041871176194	0.0820793832908476
0.00613044218405955	0.0841926234753194
0.0062877795039940195	0.0863601392822685
0.006449154873958399	0.0885833108941491
0.0066146719301913215	0.0908635525745101
0.006784436968747384	0.0932023134459841
0.006958559013761236	0.0956010782823028
0.007137149887463366	0.0980613683143791
0.007320324281993148	0.1005847420504607
0.0075081998330546055	0.1031727961103626
0.0077008971954630485	0.1058271660737486
0.007898540120630251	0.1085495273424286
0.008101255536038132	0.1113415960166021
0.008309173626752625	0.1142051297849736
0.008522427919029185	0.1171419288286188
0.008741155366064256	0.1201538367384812
0.008965496435947311	0.1232427414463233
0.009195595201870401	0.1264105761689565
0.009431599434652665	0.1296593203655138
0.009673660697640045	0.1329910007075251
0.009921934444039694	0.1364076920614918
0.010176580116753334	0.1399115184836497
0.01043776125077202	0.1435046542265399
0.010705645578200135	0.1471893247569982
0.010980405135972779	0.1509678077850951
0.011262216376340018	0.1548424343035498
0.011551260280184966	0.1588155896370548
0.01184772247325102	0.1628897145009342
0.012151793345351772	0.1670673060684681
0.012463668172640326	0.1713509190461921
0.01278354724301731	0.1757431667563988
0.013111635984756504	0.1802467222260074
0.013448145098432385	0.1848643192809216
0.013793290692233132	0.1895987536448917
0.014147294420746737	0.1944528840418673
0.014510383627308892	0.1994296330390234
0.014882791490004255	0.2045319824197226
0.015264757171414811	0.2097629736535201
0.01565652597221147	0.215125714108702
0.016058349488687763	0.2206233783103893
0.016470485774336453	0.2262592089562027
0.01689319950557312	0.2320365179221399
0.01732676215171271	0.2379586872568133
0.017771452149309055	0.2440291701620395
0.01822755508096838	0.2502514919577085
0.01869536385875217	0.2566292510286907
0.01917517891228715	0.2631661197514703
0.01966730838170278	0.2698658453980118
0.020172068315521197	0.2767322510142933
0.0206897828736249	0.2837692362707439
0.021220784535434724	0.2909807782817452
0.021765414313429345	0.2983709323911496
0.022324021972146897	0.3059438329206806
0.022896966252804213	0.313703693877867
0.023484615103684152	0.3216548096200679
0.02408734591643297	0.3298015554709172
0.024705545768424576	0.3381483882854189
0.025339611671342816	0.346699846959688
0.025989950826146153	0.3554605528812251
0.026656980884573137	0.3644352103153649
0.027341130217362057	0.3736286067234353
0.02804283818935258	0.3830456130078992
0.02876255544164867	0.3926911836796464
0.029500744181022887	0.4025703569423341
0.030257878476748965	0.4126882546885607
0.03103444456505102	0.4230500824023911
0.031830941161368274	0.4336611289626275
0.03264787978063234	0.444526766340957
0.033485785065766105	0.4556524491889832
0.034345195124611795	0.467043714307877
0.035226661875507256	0.4787061799942666
0.03613075140173178	0.4906455452557378
0.0370580443150475	0.5028675888891374
0.0380091361285722	0.5153781684147307
0.038984637639221324	0.5281832188590032
0.03998517531996547	0.5412887513788148
0.04101139172215501	0.5547008517193514
0.042063945888170765	0.5684256784982534
0.04314351377466431	0.5824694613080488
0.04425078868666273	0.5968384986289851
0.04538648172281152	0.6115391555441078
0.04655132223204832	0.6265778612484402
0.04774605828199341	0.641961106343893
0.04897145713936483	0.6576953961477114
0.05022830576272058	0.6737867982687018
0.05151741130784904	0.6902410738023271
0.05283960164612813	0.7070639454193525
0.054195725896191135	0.7242610933223588
0.05558665496923348	0.7418381465968307
0.057013282128319645	0.759800674149591
0.05847652356203975	0.7781541752264262
0.05997731897289372	0.7969040695014024
0.06151663218077153	0.8160556867307877
0.06309545174192654	0.8356142559652977
0.06471479158383016	0.855584894314917
0.06637569165632404	0.8759725952615086
0.0680792185994804	0.8967822165151065
0.06982646642860663	0.9180184674109073
0.07161855723682649	0.9396858958448147
0.07345664191569722	0.9617888747466895
0.07534190089431693	0.9843315880914781
0.07727554489740542	1.0073180164498488
0.07925881572283687	1.0307519220811985
0.08129298703913179	1.0546368335735257
0.08337936520341306	1.0789760300360796
0.08551929010035801	1.1037725248525596
0.08771413600267843	1.1290290490042127
0.08996531245368912	1.1547480339742724
0.09227426517252324	1.1809315942469385
0.09464247698258227	1.2075815094163775
0.09707146876381588	1.2346992059232729
0.09956280042943728	1.262285738438722
0.10211807192771188	1.2903417709177856
0.10473892426945114	1.3188675573472182
0.10742704058188203	1.347862922214724
0.11018414718955905	1.3773272407294215
0.1130120147230232	1.4072594188261813
0.11591245925590832	1.437657872988991
0.11888734347123787	1.4685205099315939
0.12193857785764808	1.4998447061762576
0.12506812193631853	1.5316272875747188
0.128277985519385	1.5638645088180065
0.1315702300006567	1.5965520329850935
0.13494696967945205	1.6296849111830176
0.13841037311841844	1.6632575623343029
0.14196266453619205	1.697263753170208
0.14560612523580893	1.7316965784914202
0.14934309506976723	1.7665484417603874
0.1531759739426988	1.8018110360924515
0.15710722335259844	1.8374753257152767
0.1611393679716169	1.8735315279688702
0.16527499726741618	1.9099690525830106
0.1695167671661461	1.946776255674866
0.17386740175809137	1.9839405685542553
0.17832969504710328	2.0214485770284805
0.18290651274492156	2.0592860064099767
0.18760079411155658	2.0974377073824817
0.1924155538428944	2.135887642990879
0.19735388400675857	2.174618876843207
0.20241895602864887	2.213613562613308
0.207614022728456	2.2528529349328377
0.212942420409436	2.2923173017604936
0.21840757100081049	2.331986038315717
0.22401298425534438	2.3718375826623235
0.22976226000333635	2.4118494330259668
0.23565909046444514	2.4519981469265155
0.24170726261886244	2.4922593422038295
0.2479106606393277	2.532607700011532
0.25427326838557107	2.573016969849606
0.26079917196277375	2.613459976701807
0.26749256234568397	2.6539086303386155
0.2743577380700933	2.6943339368408914
0.2813991079933746	2.734706012392652
0.2886211941258853	2.774994099384802
0.29602863453502126	2.815166584863797
0.3036261863238202	2.855191021351488
0.3114187286859932	2.895034150053488
0.3194112660393816	2.9346619264646985
0.3276089312398153	2.974039548370703
0.3360169888774731	3.0131314862342196
0.3446408386578242	3.051901515945018
0.35348601886936254	3.090312753901491
0.3625582099403187	3.128327694380715
0.3718632380866748	3.1659082491430426
0.3814070790537868	3.203015789205606
0.3911958619540533	3.2396111887080687
0.40123587320305854	3.275654870782135
0.411533560556758	3.311106855325405
0.4220955372522536	3.3459268085684952
0.43292858625486796	3.3800740943137515
0.44403966461419214	3.413507826712801
0.4554359079319584	3.4461869244402257
0.46712463494455364	3.4780701661104367
0.47911335222316925	3.5091162467758843
0.49140975899455336	3.5392838353357354
0.5040217520855144	3.5685316326765157
0.5169574309942966	3.5968184303587787
0.5302251030921421	3.624103169657833
0.5438332889583191	3.6503450009464236
0.5577907278521058	3.675507083864573
0.5721063833251787	3.6995665815064904
0.5867894489780767	3.7225048852795317
0.60184935436437	3.744304757756619
0.6172957710463939	3.764950375720736
0.6331386188063661	3.7844273701345776
0.6493880720169505	3.8027228628837184
0.6660545661752827	3.8198255001546766
0.6831488046047184	3.8357254823234634
0.7006817653285782	3.8504145902451308
0.718664708120284	3.863886207850439
0.7371091817344715	3.8761353409721986
0.7560270313236641	3.8871586323405474
0.7754304060452843	3.896954372703756
0.795331766863947	3.905522508048668
0.815743894553946	3.91286464291252
0.8366798979071546	3.9189840397956965
0.8581532221515483	3.9238856147026038
0.8801776575858468	3.927575928855262
0.9027673484357028	3.930063176641334
0.9259368019372236	3.93135716987499
0.9497008976535777	3.931469318465041
0.9740748970307804	3.9304126076002395
0.9990744531986608	3.9282015715761758
1.02471562102341	3.924852264402035
1.0510148674180841	3.920382227338179
1.0779890819177989	3.9148104535272563
1.1056555875262628	3.9081573498921673
1.1340321518407295	3.900444696483622
1.163136998462425	3.8916956034682366
1.1929888186999014	3.8819344659550783
1.2236067835726776	3.871186916864243
1.255010556123	3.859479778045392
1.2872203040435322	3.8468410098573167
1.3202567126292217	3.8332996594212676
1.3541409980614871	3.8188858077614807
1.3888949210333956	3.8036305160454407
1.4245408007244735	3.7875657711346644
1.4611015291342762	3.7707244306535306
1.4986005857837303	3.7531401677797622
1.5370620527938443	3.734847415954773
1.576510630351349	3.715881313706089
1.6169716525713724	3.6962776497668837
1.6584711037671167	3.67607280867004
1.7010356351371663	3.655303716985403
1.7446925818809995	3.6340077903598647
1.7894699807538914	3.612222881510068
1.8353965880722525	3.5899872018880683
1.8825018981810693	3.5673344565230916
1.9308161623954276	3.5442881706669636
1.980370408428041	3.5208705413624317
2.0311964603154604	3.497103731454832
2.083326958855607	3.4730098421221967
2.136795382569974	3.448610886652309
2.1916360692036814	3.4239287654993253
2.247884237777411	3.398985242645524
2.305576011205213	3.3738019232871364
2.364748439492954	3.348400232856632
2.4254395235319914	3.3228013973878276
2.4876882395036097	3.2970264252240042
2.55153456390969	3.2710960900638417
2.6170194992459637	3.2450309153344534
2.6841851003339983	3.2188511598761287
2.7530745013290914	3.1925768049185566
2.8237319434212065	3.166227542324255
2.8962028032470566	3.1398227640708773
2.970533622031169	3.1133815529408344
3.0467721354749866	3.0869226743833
3.124967304412938	3.0604645695110646
3.2051693462555098	3.034025349192159
3.2874297672390838	3.007622789194318
3.3718013955036006	2.981274326338415
3.4583384150190177	2.954997055615799
3.5470964003827183	2.9288077282231795
3.6381323525097673	2.9027227504682
3.7315047352392887	2.876758183498076
3.827273512880192	2.8509297438036447
3.9255001887207728	2.8252528044509724
4.026247844526391	2.7997423969932185
4.129581181051019	2.7744132140155724
4.235566559588337	2.749279612267018
4.344272044589537	2.724355616333234
4.455767447374603	2.6996549228062143
4.5701243709656305	2.675190904907057
4.687416256070584	2.6509766175197957
4.807718428247567	2.6270248025953142
4.931108146279243	2.6033478948860727
5.057664651788804	2.5799580279736767
5.187469220129612	2.5568670405529326
5.3206052125805945	2.534086482937793
5.457158129881431	2.511627623756087
5.597215667141489	2.4895014568017273
5.740867770158392	2.467718708014649
5.8882066931815915	2.446289842560636
6.039327058158693	2.425225071984637
6.19432591550207	2.4045342392074547
6.353302806415477	2.3842219709786154
6.516359826819851	2.3642860476803302
6.6836016929200115	2.3447235413053904
6.855135808453856	2.32553127948168
7.031072333667968	2.3067058554724245
7.211524256063016	2.28824363789506
7.396607462955098	2.2701407801560354
7.5864408158990715	2.2523932296000853
7.781146227022481	2.2349967363734073
7.980848737318044	2.2179468620012623
8.185676596945857	2.201238987681183
8.395761347596181	2.1848683222939025
8.611237906966664	2.168829910134636
8.83224465540707	2.1531186383682153
9.058923524788092	2.137729244211869
9.291420089650616	2.1226563218501813
9.529883660694944	2.1078943290869603
9.774467380668767	2.0934375937393823
10.025328322716524	2.0792803197798935
10.282627591252417	2.0654165932317587
10.546530425423072	2.051840387824286
10.817206305224842	2.038545570414069
11.094829060345026	2.025525906178605
11.379576981796044	2.012775063588874
11.671632936415454	2.0002866191674316
11.971184484303853	1.9880540620387535
12.278423999277248	1.9760707982784755
12.593548792410362	1.9643301550682346
12.916761238751494	1.952825384662733
13.24826890728877	1.941549668175693
13.588284694251898	1.9304961191912131
13.937026959835986	1.9196577872069716
14.294719668433398	1.9090276609156858
14.661592532465242	1.8985986713310485
15.037881159903671	1.888363694764307
15.423827205581352	1.8783155556574378
15.819678526383255	1.8684470292788484
16.225689340422072	1.8587508442872758
16.64212039029815	1.849219685169489
17.069239110550665	1.8398461945571636
17.50731979940524	1.8306229754282446
17.956643794930166	1.8215425931978455
18.417499655712906	1.8125975777036516
18.89018334617492	1.803780425090561
19.374998426641298	1.7950835995992163
19.872256248289325	1.7864995352628414
20.382276153099504	1.7780206375166867
20.905385678939755	1.7696395017531865
21.441920769911658	1.761352374228404
21.99222599209609	1.7531585451336993
22.55665475483501	1.745057377473806
23.13556953769402	1.7370482142202466
23.7293421232483	1.7291303792711874
24.338353835843968	1.7213031783687451
24.962995786486196	1.7135658999753827
25.60366912401406	1.7059178161109254
26.260785292720122	1.698358183151777
26.934766296582747	1.6908862425937778
27.6260449702789	1.6835012217801961
28.335065257154294	1.676202334596211
29.06228249432574	1.6689887821313045
29.808163705101823	1.6618597533108515
30.573187898907243	1.6548144254982076
31.3578463789068	1.647851965068519
32.162643057522445	1.640971527955481
32.988094780049316	1.6341722601721758
33.83473165657602	1.6274532983071406
34.703097402425854	1.6208137699967056
35.59374968733347	1.614252794374681
36.50726049358296	1.6077694825003872
37.4442164833398	1.6013629377659642
38.40521937540792	1.5950322562839334
39.3908863316576	1.5887765272558727
40.401850353369525	1.5825948333230817
41.43876068775364	1.576486250900042
42.502283244898564	1.5704498504914841
43.593101025423636	1.5644846969938113
44.71191455910484	1.55858984998161
45.85944235476109	1.5527643639799298
47.0364213616837	1.5470072887230304
48.243607442910346	1.541317669400212
49.48177586064353	1.5356945468893564
50.751721774130644	1.5301369579787445
52.05426075031876	1.52464393557774
53.39022928761732	1.5192145089168514
54.760485353101	1.5138477037377052
56.165908933503545	1.5085425424733858
57.607402600349175	1.5032980444196615
59.0858920895902	1.4981132258974887
60.60232689611859	1.492987100407267
62.15768088353983	1.4879186787752101
63.752952909592416	1.4829069692922578
65.38916746762108	1.4779509778458735
67.06737534451094	1.4730497080450942
68.78865429551182	1.4682021613391516
70.55410973637738	1.463407364027674
72.36487545327084	1.4586645774067353
74.22211433088721	1.453973184146327
76.12701909926788	1.4493325662378465
78.08081309977719	1.4447421040291215
80.08475107074057	1.4402011763096478
82.14011995324286	1.4357091603914678
84.24823971761313	1.431265432185898
86.41046421111528	1.4268693662763239
88.6281820273981	1.4225203359872556
90.90281739825609	1.4182177134498322
93.23583110828345	1.413960869663941
95.6287214329962	1.409749174557151
98.08302510103532	1.4055819970405905
100.60031828106014	1.4014587050619498
103.18221759397768	1.3973786656557305
105.83038115114441	1.393341244990901
108.54650961921297	1.3893458084160881
111.33234731231506	1.385391720502408
114.18968331226766	1.3814783450840962
117.12035261753375	1.377605045297006
120.12623732166597	1.373771183615127
123.20926782200361	1.369976121885184
126.37142405938201	1.3662192213594506
129.61473678966442	1.3624998427268435
132.94128888790195	1.3588173461424058
136.35321668597405	1.3551710912552406
139.85271134455004	1.3515604372350005
143.4420202602678	1.3479847427969815
147.12344850902133	1.3444433662259232
150.89936032630055	1.3409356653985425
154.77218062551353	1.3374609978049097
158.74439655528272	1.3340187205686984
162.81855909670244	1.3306081904663747
166.9972847016009	1.3272287639453848
171.2832569728371	1.3238797971413883
175.67922838772913	1.3205606458945924
180.18802206570658	1.3172706657652289
184.8125335813427	1.3140092120482172
189.55573282390472	1.3107756397870636
194.42066590463736	1.3075693037870264
199.4104571129885	1.3043895586276013
204.52831092305473	1.3012357586743377
209.77751405150886	1.2981072580900432
215.16143756835194	1.2950034108454045
220.68353906182872	1.2919235707290426
226.34736485892088	1.288867091357044
232.15655230281362	1.2858333261819912
238.11483208882268	1.282821689187077
244.2260306602625	1.2798318998469216
250.4940726658218	1.2768637735045896
256.92298347998934	1.2739171254068689
263.516891788178	1.270991770676479
270.2800322381834	1.268087524318489
277.2167481597124	1.2652042012264046
284.33149435368887	1.262341616187934
291.62883995314934	1.2594995838904715
299.11347135757836	1.2566779189262796
306.7901952425357	1.2538764357974186
314.6639416465359	1.2510949489204108
322.7397671371404	1.248333272630673
331.02285805832923	1.2455912211867106
339.51853386119313	1.2428686087741008
348.23225052012214	1.240165249509268
357.16960403665587	1.2374809574430687
366.33633403328344	1.2348155465641777
375.7383274394549	1.2321688308023155
385.38162227220727	1.2295406240312963
395.27241151380554	1.2269307400719287
405.4170470889287	1.224338992694752
415.82204394390425	1.2217651956226478
426.4940842306513	1.2192091625333008
437.44002159798697	1.2166707070615475
448.6668855930994	1.2141496428015865
460.1818861759533	1.211645783309087
471.9924183495758	1.209158942103184
484.10606690915995	1.2066889326683703
496.53061131308453	1.2042355684562884
509.2740306789172	1.2017986628874326
522.3445089076583	1.1993780293527605
535.7504399394774	1.196973481215226
549.5004331443741	1.1945848318112235
563.6033188511528	1.192211894451966
578.0681540183218	1.1898544824247883
592.9042280505092	1.1875124089943825
608.1210687642003	1.1851854874039698
623.7284485065423	1.1828735308764118
639.7363904312134	1.1805763526152635
656.1551749353343	1.1782937658057744
672.9953462616292	1.1760255836158329
690.2677192699833	1.1737716191968648
707.9833863828217	1.1715316856846862
726.1537247087093	1.169305596200312
744.7904033488297	1.167093163850717
763.905390890937	1.1648942017295647
783.5109630956389	1.1627085229304812
803.6197107799976	1.1605359570193756
824.2445479034056	1.1583763824643465
845.3987198610217	1.1562296867531625
867.0958119900185	1.154095757363399
889.3497582942043	1.1519744817629627
912.1748503925015	1.1498657474105907
935.5857466971223	1.1477694417563218
959.5974818272639	1.1456854522419486
984.2254762644712	1.1436136663014385
1009.485546255737	1.1415539713613396
1035.3939139708057	1.139506254841161
1061.9672179201186	1.137470404153741
1089.2225236402112	1.1354463067055816
1117.177334653274	1.1334338498971837
1145.8496037080351	1.1314329211233518
1175.2577443090936	1.12944340777349
1205.4206425422294	1.1274651972318779
1236.3576692031318	1.1254981768779346
1268.0886922374575	1.1235422340864716
1300.6340895001101	1.121597256227929
1334.0147618420756	1.1196631306685993
1368.2521465330383	1.117739744770841
1403.3682310285456	1.115826985893283
1439.385567090444	1.1139247413910167
1476.3272852698187	1.1120328986157761
1514.2171097615292	1.1101513449161111
1553.0793736400565	1.1082799676375517
1592.939034486305	1.1064186541227659
1633.8216904155763	1.1045672917117022
1675.7535965167915	1.1027257677417328
1718.761681713691	1.100893969547785
1762.873566058704	1.0990717844624691
1808.117578470784	1.097259099816193
1854.522774928366	1.0954558029372805
1902.118957129316	1.0936617811520741
1950.936691629707	1.0918769217850408
2001.0073294739284	1.0901011121588664
2052.363026328477	1.088334239594546
2105.0367631324743	1.0865761914114735
2159.0623672783126	1.0848268549275228
2214.4745343357554	1.0830861174591246
2271.3088503336703	1.0813538663213413
2329.601814613527	1.079629988827941
2389.3908632695943	1.0779143722914561
2450.71439319056	1.0762069040232543
2513.6117867182793	1.0745074713335931
2578.1234369392832	1.0728159615316826
2644.2907736255665	1.071132262327289
2712.15628984097	1.0694562989905738
2781.7635692305207	1.067788064454301
2853.1573140100295	1.0661275587342434
2926.3833736742477	1.0644747818453655
3001.4887744416064	1.0628297338018686
3078.5217494547855	1.061192414617228
3157.5317697562373	1.0595628243042319
3238.569576058922	1.057940962875014
3321.6872113322142	1.056326830341089
3406.938054224256	1.054720426713383
3494.3768533419566	1.0531217520022644
3584.0597624110146	1.0515308062175728
3676.044376338092	1.049947589368644
3770.38976819866	1.0483721014643377
3867.1565271739773	1.0468043425130618
3966.406797461988	1.0452443125227942
4068.204318186599	1.0436920115011061
4172.614464331382	1.0421474394551802
4279.70428872367	1.0406105963918362
4389.542565096463	1.039081482317542
4502.199832255216	1.0375600972384376
4617.748439378351	1.0360464411603483
4736.262592480208	1.0345405140888035
4857.818402066786	1.0330423160290492
4982.4939320142485	1.0315518469860638
5110.369249702076	1.030069106964572
5241.526477432685	1.0285940959690578
5376.049845171082	1.027126814003775
5514.025744637743	1.0256672610727617
5655.542784789793	1.0242154371798506
5800.69184872644	1.0227713423286764
5949.566152054494	1.0213349765226902
6102.261302752078	1.0199063397651669
6258.87536256848	1.0184854320592147
6419.508910000253	1.0170722534077816
6584.26510488317	1.0156668038136667
6753.249754642179	1.0142690832795265
6926.571382241383	1.0128790918078812
7104.341295878429	1.011496829401123
7286.673660467118	1.0101222960615222
7473.685570954898	1.0087554917912325
7665.497127521745	1.0073964165922988
7862.23151270953	1.0060450704666621
8064.015070530395	1.0047014534161631
8270.977387605737	1.0033655654425486
8483.251376387305	1.0020374065474789
8700.973360514714	1.0007169767325268
8924.28316236309	0.9994305314781796
9153.324192837954	0.9981807680242605
9388.243543474337	0.9969352032206833
9629.192080900213	0.9956938141438738
9876.324543723724	0.994456578043356
10129.799641907377	0.9932234723400847
10389.780158692252	0.9919944746247986
10656.433055138827	0.9907695626563888
10929.929577350078	0.9895487143602917
11210.445366446926	0.9883319078268955
11498.160571365699	0.9871191213099709
11793.259964551358	0.9859103332251128
12095.933060619143	0.9847055221482066
12406.374238062199	0.9835046668139081
12724.782864082237	0.9823077461141441
13051.363422624907	0.9811147390966262
13386.325645700266	0.9799256249633849
13729.884648074129	0.9787403830693197
14082.261065415682	0.9775589929207656
14443.681195991629	0.9763814341740752
14814.377145996017	0.9752076866342176
15194.586978609936	0.9740377302533942
15584.55486688773	0.9728715451296681
15984.53125056602	0.9717091115056101
16394.772996897824	0.9705504097669604
16815.5435656138	0.9693954204413056
17247.11317811837	0.9682441241967676
17689.75899102708	0.967096501840712
18143.765274158515	0.9659525343184665
18609.42359309354	0.9648122027120573
19087.0329964213	0.9636754882389562
19576.90020778949	0.962542372250844
20079.339822884405	0.9614128362323869
20594.67451146564	0.9602868618000271
21123.235224587406	0.9591644307007846
21665.361407136734	0.9580455248110746
22221.401215827318	0.9569301261355375
22791.71174278726	0.9558182168058812
23376.659244886738	0.9547097790797352
23976.619378949687	0.9536047953395198
24591.977443003336	0.9525032480913245
25223.12862371812	0.9514051199638025
25870.478250200063	0.950310393707073
26534.44205429486	0.9492190521916383
27215.446437573766	0.9481310784073113
27913.92874517045	0.9470464554621565
28630.337546647912	0.9459651665814396
29365.13292407173	0.9448871951065898
30118.786767478003	0.9438125244941741
30891.7830779231	0.9427411383148827
31684.618278313355	0.9416730202525219
32497.80153221002	0.9406081541030226
33331.85507081761	0.9395465237734555
34187.31452836302	0.9384881132810603
35064.72928608447	0.9374329067522814
35964.6628250465	0.9363808884218164
36887.69308801146	0.9353320426316742
37834.41285059676	0.9342863538302437
38805.430101960534	0.9332438065713698
39801.368435255186	0.9322043855134419
40822.86744810185	0.9311680754184911
41870.58315334553	0.9301348611512966
42945.18840034934	0.9291047276785009
44047.37330710309	0.928077660067736
45177.84570341999	0.9270536434867573
46337.33158551105	0.9260326632025866
47526.57558222301	0.9250147045806646
48746.341433244204	0.9239997530840114
49997.41247958137	0.9229877942723979
51280.59216662805	0.9219788138015216
52596.70456014072	0.9209727974221954
53946.59487545954	0.9199697309795414
55331.13002030922	0.9189696004121957
56751.19915153466	0.9179723917515188
58207.7142461214	0.9169780911208157
59701.61068687351	0.9159866847345638
61233.8478631204	0.9149981588976487
62805.409786845	0.9140125000046064
64417.30572462047	0.9130296945388758
66070.57084576828	0.9120497290720561
67766.26688714827	0.9110725902631743
69505.48283501527	0.9100982648579574
71289.33562437085	0.9091267396881145
73118.97085626671	0.9081580016706238
74995.5635335145	0.9071920378070296
76920.31881528284	0.9062288351827432
78894.47279105578	0.9052683809663529
80919.29327445803	0.9043106624089401
82996.08061745028	0.9033556668434037
85126.16854542645	0.9024033816837879
87310.92501373793	0.9014537944246206
89551.7530862041	0.9005068926402551
91850.09183616574	0.8995626639842219
94207.41727067043	0.8986210961885825
96625.24327837079	0.8976821770632933
99105.12260175418	0.8967458944955736
101648.6478343205	0.895812236449282
104257.45244335961	0.8948811909642957
106933.21181897183	0.8939527461558989
109677.64435001135	0.8930268902141764
112492.51252765034	0.8921036114034113
115379.62407725856	0.8911828980614912
118340.83311933701	0.8902647385993187
121378.04136024206	0.8893491215002284
124493.19931347777	0.8884360353194085
127688.30755232407	0.8875254686833287
130965.4179946189	0.8866174102891738
134326.63522050844	0.8857118489042833
137774.1178240267	0.8848087733655939
141310.07979935425	0.8839081725790909
144936.79196266033	0.8830100355192615
148656.58341043073	0.8821143512285571
152471.8430152338	0.8812211088168563
156385.02095986484	0.8803302974609366
160398.6303108703	0.8794419064039496
164515.24863244992	0.878555924954902
168737.51964179077	0.8776723424881401
173068.15490687397	0.8767911484428407
177509.93558786233	0.8759123323225059
182065.71422317336	0.875035883694464
186738.416561404	0.8741617921893728
191531.04344025927	0.8732900475007299
196446.67271371084	0.8724206393843856
201488.46122860827	0.8715535576580639
206659.64685203286	0.8706887922008818
211963.55055067062	0.8698263329528798
217403.57852355955	0.8689661699145528
222983.22438956547	0.8681082931463866
228706.07143101416	0.867252692768398
234575.79489489092	0.8663993589596805
240596.1643531097	0.8655482819579525
246771.04612334803	0.8646994520591121
253104.40575202997	0.8638528596167927
259600.3105610171	0.863008495041926
266262.9322596708	0.8621663488023066
273096.549623942	0.8613264114221629
280105.5512442377	0.8604886734817293
287294.43834379525	0.8596531256168239
294667.8276693888	0.8588197585184314
302230.45445624396	0.8579885629322858
309987.1754690268	0.8571595296584613
317942.97212089127	0.8563326495509641
326102.9536725644	0.8555079135173299
334472.36051355745	0.8546853125182226
343056.567527567	0.8538648375670388
351861.0875442625	0.853046479729515
360891.5748796489	0.8522302301233391
370153.8289673174	0.851416079917764
379653.79808286694	0.8506040203332256
389397.58316392783	0.8497940426409641
399391.4417282102	0.8489861381626501
409641.79189213563	0.8481802982700105
420155.2164925799	0.8473765143844614
430938.4673144161	0.8465747779767422
441998.4694265398	0.8457750805665545
453342.325629208	0.8449774137222024
464977.32101548865	0.8441817690602371
476910.9276497979	0.8433881382451048
489150.8093664913	0.8425965129887978
501704.826691645	0.8418068850505072
514581.04189111973	0.8410192462362805
527787.7241482035	0.8402335883986816
541333.3548741167	0.8394499034364539
555226.6331548473	0.8386681832941856
569476.4813377424	0.8378884199619785
584092.050761501	0.8371106054751203
599082.7276332027	0.8363347319137596
614458.1390562117	0.8355607914025819
630228.1592127435	0.8347887761104911
646402.915705134	0.834018678250292
662992.7960598287	0.8332504900783769
680008.4543983416	0.8324842038944132
697460.8182793787	0.8317198120410354
715361.0957165922	0.8309573069035383
733720.7823764142	0.8301966809095749
752551.668960673	0.8294379265288543
771865.8487786397	0.8286810362728437
791675.7255134064	0.8279260026944745
811994.0211876398	0.8271728183878465
832833.7843337198	0.8264214759879396
854208.3983735959	0.8256719681703245
876131.59021368	0.824924287650878
898617.4390603823	0.8241784271854993
921680.3854618407	0.8234343795698291
945335.2405817395	0.8226921376389719
969597.1957111029	0.8219516942672198
994481.8320242724	0.8212130423677789
1.0200051305852063e6	0.8204761748924977
1.046183482610628e6	0.8197410848315984
1.0730336999965368e6	0.8190077652134106
1.1005730261149518e6	0.8182762091041061
1.1288191468876805e6	0.8175464096074372
1.1577902021443422e6	0.816818359864476
1.1875047972718403e6	0.8160920530533582
1.2179820151629064e6	0.8153674823890252
1.249241428471215e6	0.8146446411229724
1.281303112181078e6	0.8139235225429966
1.3141876564996843e6	0.8132041199729481
1.3479161800803111e6	0.812486426772482
1.382510343584812e6	0.8117704363368137
1.4179923635942463e6	0.8110561420964758
1.454385026876462e6	0.8103435375170779
1.4917117050199532e6	0.8096326160990653
1.5299963694431991e6	0.8089233713774844
1.569263606789272e6	0.8082157969217455
1.6095386347154866e6	0.8075098863353912
1.6508473180883953e6	0.8068056332558643
1.6932161855943212e6	0.8061030313542783
1.7366724467762623e6	0.8054020743351904
1.7812440095079741e6	0.804702755936376
1.8269594979166526e6	0.8040050699286042
1.8738482707654685e6	0.8033090101154168
1.9219404403079713e6	0.8026145703329068
1.9712668916263056e6	0.8019217444495024
2.0218593024658773e6	0.801230526365748
2.0737501635789422e6	0.800540910014091
2.1269727995903897e6	0.7998528893586679
2.1815613903989606e6	0.7991664583950939
2.2375509931278713e6	0.7984816111502527
2.294977564638671e6	0.7977983416820883
2.3538779846229027e6	0.7971166440793999
2.4142900792865613e6	0.7964365124616363
2.476252645642251e6	0.7957579409786935
2.5398054764248896e6	0.7950809238107133
2.6049893856467777e6	0.7944054551678841
2.6718462348087076e6	0.7937315292902422
2.7404189597836016e6	0.7930591404474754
2.8107515983902295e6	0.7923882829387289
2.88288931867448e6	0.7917189510924114
2.9568784479166716e6	0.791051139266003
3.032766502383137e6	0.7903848418458658
3.1106022178414925e6	0.7897200532470542
3.1904355808589617e6	0.7890567679131288
3.2723178609041763e6	0.7883949803159698
3.3563016432726556e6	0.7877346849555926
3.442440862857448e6	0.7870758763599657
3.5307908387863445e6	0.7864185490848292
3.621408309948305e6	0.7857626977135144
3.714351471431421e6	0.7851083168567652
3.8096800118962023e6	0.7844554011525614
3.907455151907885e6	0.7838039452659438
4.007739683252817e6	0.7831539438888377
4.1105980092636114e6	0.7825053917398819
4.216096186179411e6	0.7818582835642557
4.32430196556749e6	0.78121261413351
4.435284837833896e6	0.780568378245397
4.5491160768504925e6	0.7799255707237036
4.66586878572753e6	0.7792841864180838
4.785617943760774e6	0.7786442202038955
4.908440454583865e6	0.7780056669820349
5.034415195556158e6	0.7773685216787751
5.163623068418316e6	0.7767327792456044
5.296147051247748e6	0.7760984346590669
5.432072251747847e6	0.7754654829206028
5.571485961904534e6	0.7748339190563917
5.714477714045776e6	0.7742037381171957
5.861139338339614e6	0.7735749351782047
6.011565021768314e6	0.7729475053388825
6.165851368615682e6	0.7723214437228133
6.324097462506796e6	0.7716967454775512
6.486404930040365e6	0.7710734057744691
6.652878006053777e6	0.7704514198086096
6.823623600563426e6	0.7698307827985365
6.998751367422785e6	0.7692114899861887
7.178373774743057e6	0.7685935366367334
7.362606177120692e6	0.7679769180384216
7.551566889718903e6	0.7673616295024446
7.745377264250163e6	0.7667476663627915
7.944161766909333e6	0.7661350239761068
8.148048058306392e6	0.7655236977215514
8.357167075450965e6	0.7649136830006616
8.571653115840625e6	0.7643049752372123
8.791643923707912e6	0.7636975698770785
9.017280778480276e6	0.7630914623880996
9.24870858551071e6	0.7624866482599437
9.486075969136579e6	0.7618831230039746
9.729535368127454e6	0.761280882153117
9.979243133581957e6	0.7606799212617245
1.0235359629337523e7	0.7600802359054495
1.0498049334956737e7	0.759481821681112
1.0767480951357521e7	0.7588846742065707
1.1043827509153618e7	0.7582887891205937
1.132726647977604e7	0.7576941620827325
1.161797988944598e7	0.7571007887731949
1.1916154436073612e7	0.7565086648927192
1.2221981609156325e7	0.75591778616245
1.2535657812754596e7	0.7553281483238141
1.2857384491623506e7	0.7547397471383991
1.3187368260582313e7	0.7541525783878295
1.3525821037203383e7	0.7535666378736471
1.3872960177907135e7	0.7529819214171904
1.4229008617549242e7	0.7523984248594765
1.4594195012591347e7	0.7518161440610805
1.4968753887945209e7	0.7512350749020209
1.5352925787586255e7	0.7506552132816403
1.5746957429031929e7	0.7500765551184917
1.6151101861785814e7	0.7494990963502228
1.6565618629847262e7	0.7489228329334615
1.6990773938391745e7	0.7483477608437035
1.7426840824730117e7	0.7477738760751996
1.7874099333654393e7	0.7472011746408436
1.833283669728442e7	0.746629652572062
1.8803347519529603e7	0.7460593059187047
1.9285933965286043e7	0.7454901307489341
1.978090595448819e7	0.7449221231491179
2.0288581361141548e7	0.7443552792237214
2.080928621746272e7	0.7437895950952004
2.134335492326011e7	0.7432250669038951
2.1891130460686974e7	0.742661690807925
2.245296461450687e7	0.7420994629830838
2.302921819801141e7	0.7415383796227364
2.3620261284737594e7	0.7409784369377154
2.422647344613071e7	0.740419631156218
2.4848243995307732e7	0.7398619585237058
2.5485972237075847e7	0.7393054153028034
2.6140067724369455e7	0.7387499977731973
2.681095052126687e7	0.7381957022315375
2.749905147275837e7	0.7376425249913386
2.8204812481436674e7	0.7370904623828817
2.8928686791290622e7	0.7365395107531162
2.967113927878044e7	0.7359896664655644
3.0432646751384616e7	0.7354409259002247
3.1213698253807705e7	0.7348932854534767
3.2014795382049046e7	0.7343467415379861
3.2836452605529927e7	0.733801290582611
3.3679197597489394e7	0.7332569290323084
3.4543571573858246e7	0.7327136533480424
3.543012964083262e7	0.7321714600066905
3.633944115136556e7	0.7316303455009537
3.727209007080948e7	0.7310903063392649
3.822867535194116e7	0.7305513390456996
3.920981131961442e7	0.7300134401598853
4.02161280652822e7	0.7294766062369139
4.12482718516457e7	0.7289408338472525
4.230690552768697e7	0.7284061195766561
4.3392708954356335e7	0.7278724600260809
4.45063794411823e7	0.727339851811597
4.564863219408707e7	0.7268082915643039
4.682020077469791e7	0.726277775930244
4.802183757144365e7	0.7257483015703187
4.925431428274374e7	0.7252198651602036
5.051842241259628e7	0.7246924633902668
5.181497377888871e7	0.7241660929654837
5.314480103475078e7	0.7236407506053558
5.450875820329023e7	0.7231164330438292
5.5907721226049975e7	0.722593137029213
5.73425885255454e7	0.7220708593240985
5.88142815822352e7	0.7215495967052795
6.0323745526302524e7	0.7210293459636722
6.187194974462154e7	0.7205101039042368
6.34598885033062e7	0.7199918673458987
6.508858158623215e7	0.7194746331214705
6.675907494994904e7	0.7189583980775743
6.847244139539832e7	0.7184431590745662
7.022978125687519e7	0.717928912986458
7.203222310866815e7	0.7174156567008424
7.388092448983726e7	0.7169033871188176
7.577707264759053e7	0.7163921011549128
7.772188529974446e7	0.7158817957370127
7.971661141674767e7	0.715372467806285
8.176253202377845e7	0.7148641143171063
8.386096102342445e7	0.7143567322369894
8.601324603948238e7	0.713850318546511
8.822076928240794e7	0.7133448702392401