# Internal run number: twoLoop 1946
# All dimensionful quantities in GeV
# Rescaling factor from internal to physical units: 1.35858
# Quantity: ghost dressing function G
# Syntax: p^2 [GeV^2], G
# Cutoff in GeV^2, renormalization constant Zt3:           6
1.35858 10, 0.810589
# Renormalization point: 0.00000135858
# Renormalization value: 22.7429
# Lowest/highest points (extrapolated beyond that): 0.00000135858/13585.8
# alpha(mu)=0.05
#
1.3585773063816822e-14	29.999999999999996
1.3993346255731326e-14	29.999999999999996
1.4265061717007662e-14	29.999999999999996
1.467263490892217e-14	29.999999999999996
1.5080208100836673e-14	29.999999999999996
1.5487781292751177e-14	29.999999999999996
1.5759496754027515e-14	29.999999999999996
1.616706994594202e-14	29.999999999999996
1.6574643137856522e-14	29.999999999999996
1.7118074060409195e-14	29.999999999999996
1.7525647252323702e-14	29.999999999999996
1.7933220444238206e-14	29.999999999999996
1.8476651366790878e-14	29.999999999999996
1.8884224558705382e-14	29.999999999999996
1.9427655481258055e-14	29.999999999999996
1.983522867317256e-14	29.999999999999996
2.037865959572523e-14	29.999999999999996
2.0922090518277904e-14	29.999999999999996
2.1465521440830577e-14	29.999999999999996
2.200895236338325e-14	29.999999999999996
2.2552383285935925e-14	29.999999999999996
2.3095814208488598e-14	29.999999999999996
2.377510286167944e-14	29.999999999999996
2.4318533784232112e-14	29.999999999999996
2.499782243742295e-14	29.999999999999996
2.5541253359975623e-14	29.999999999999996
2.6220542013166465e-14	29.999999999999996
2.689983066635731e-14	29.999999999999996
2.757911931954815e-14	29.999999999999996
2.839426570337716e-14	29.999999999999996
2.9073554356567994e-14	29.999999999999996
2.975284300975884e-14	29.999999999999996
3.0567989393587847e-14	29.999999999999996
3.138313577741686e-14	29.999999999999996
3.219828216124587e-14	29.999999999999996
3.3013428545074875e-14	29.999999999999996
3.382857492890388e-14	29.999999999999996
3.464372131273289e-14	29.999999999999996
3.5594725427200073e-14	29.999999999999996
3.654572954166725e-14	29.999999999999996
3.7496733656134426e-14	29.999999999999996
3.84477377706016e-14	29.999999999999996
3.9398741885068785e-14	29.999999999999996
4.034974599953596e-14	29.999999999999996
4.143660784464131e-14	29.999999999999996
4.252346968974666e-14	29.999999999999996
4.361033153485199e-14	29.999999999999996
4.469719337995734e-14	29.999999999999996
4.578405522506269e-14	29.999999999999996
4.7006774800806203e-14	29.999999999999996
4.822949437654972e-14	29.999999999999996
4.945221395229323e-14	29.999999999999996
5.0674933528036746e-14	29.999999999999996
5.2033510834418423e-14	29.999999999999996
5.339208814080011e-14	29.999999999999996
5.4750665447181796e-14	29.999999999999996
5.6109242753563473e-14	29.999999999999996
5.760367779058333e-14	29.999999999999996
5.909811282760317e-14	29.999999999999996
6.059254786462303e-14	29.999999999999996
6.208698290164288e-14	29.999999999999996
6.371727566930089e-14	29.999999999999996
6.53475684369589e-14	29.999999999999996
6.71137189352551e-14	29.999999999999996
6.874401170291312e-14	29.999999999999996
7.05101622012093e-14	29.999999999999996
7.241217043014365e-14	29.999999999999996
7.417832092843985e-14	29.999999999999996
7.60803291573742e-14	29.999999999999996
7.811819511694671e-14	29.999999999999996
8.002020334588107e-14	29.999999999999996
8.20580693054536e-14	29.999999999999996
8.423179299566429e-14	29.999999999999996
8.640551668587498e-14	29.999999999999996
8.857924037608569e-14	29.999999999999996
9.088882179693453e-14	29.999999999999996
9.31984032177834e-14	29.999999999999996
9.564384236927042e-14	29.999999999999996
9.808928152075745e-14	29.999999999999996
1.0053472067224448e-13	29.999999999999996
1.0311601755436968e-13	29.999999999999996
1.0583317216713304e-13	29.999999999999996
1.0855032677989641e-13	29.999999999999996
1.1126748139265976e-13	29.999999999999996
1.141204937360613e-13	29.999999999999996
1.1710936381010102e-13	29.999999999999996
1.200982338841407e-13	29.999999999999996
1.2322296168881857e-13	29.999999999999996
1.2634768949349643e-13	29.999999999999996
1.2960827502881249e-13	29.999999999999996
1.3286886056412852e-13	29.999999999999996
1.3626530383008271e-13	29.999999999999996
1.3979760482667508e-13	29.999999999999996
1.4346576355390564e-13	29.999999999999996
1.4713392228113618e-13	29.999999999999996
1.5093793873900489e-13	29.999999999999996
1.547419551968736e-13	29.999999999999996
1.5868182938538047e-13	29.999999999999996
1.6275756130452554e-13	29.999999999999996
1.6696915095430875e-13	29.999999999999996
1.713165983347301e-13	29.999999999999996
1.7566404571515149e-13	29.999999999999996
1.8014735082621106e-13	29.999999999999996
1.8476651366790878e-13	29.999999999999996
1.8952153424024467e-13	29.999999999999996
1.944124125432187e-13	29.999999999999996
1.9943914857683093e-13	29.999999999999996
2.0446588461044316e-13	29.999999999999996
2.0976433610533172e-13	29.999999999999996
2.1506278760022029e-13	29.999999999999996
2.206329545563852e-13	29.999999999999996
2.2633897924318823e-13	29.999999999999996
2.321808616606295e-13	29.999999999999996
2.380227440780707e-13	29.999999999999996
2.441363419567883e-13	29.999999999999996
2.5038579756614404e-13	29.999999999999996
2.569069686367761e-13	29.999999999999996
2.634281397074082e-13	29.999999999999996
2.7022102623931656e-13	29.999999999999996
2.771497705018631e-13	29.999999999999996
2.842143724950479e-13	29.999999999999996
2.91550689949509e-13	29.999999999999996
2.9902286513460823e-13	29.999999999999996
3.0676675578098386e-13	29.999999999999996
3.1464650415799756e-13	29.999999999999996
3.226621102656495e-13	29.999999999999996
3.309494318345778e-13	29.999999999999996
3.395084688647823e-13	29.999999999999996
3.482033636256251e-13	29.999999999999996
3.571699738477443e-13	29.999999999999996
3.662724418005015e-13	29.999999999999996
3.756466252145351e-13	29.999999999999996
3.852925240898451e-13	29.999999999999996
3.9521013842643135e-13	29.999999999999996
4.0539946822429397e-13	29.999999999999996
4.1572465575279476e-13	29.999999999999996
4.2645741647321006e-13	29.999999999999996
4.3732603492426353e-13	29.999999999999996
4.4860222656723145e-13	29.999999999999996
4.601501336714758e-13	29.999999999999996
4.719697562369964e-13	29.999999999999996
4.840610942637933e-13	29.999999999999996
4.964241477518667e-13	29.999999999999996
5.091947744318545e-13	29.999999999999996
5.222371165731187e-13	29.999999999999996
5.356870319062973e-13	29.999999999999996
5.494086627007523e-13	29.999999999999996
5.635378666871217e-13	29.999999999999996
5.779387861347675e-13	29.999999999999996
5.927472787743279e-13	29.999999999999996
6.079633446058028e-13	29.999999999999996
6.23586983629192e-13	29.999999999999996
6.39618195844496e-13	29.999999999999996
6.560569812517143e-13	29.999999999999996
6.729033398508472e-13	29.999999999999996
6.901572716418945e-13	29.999999999999996
7.078187766248564e-13	29.999999999999996
7.26023712530371e-13	29.999999999999996
7.446362216277999e-13	29.999999999999996
7.637921616477817e-13	29.999999999999996
7.833556748596779e-13	29.999999999999996
8.034626189941268e-13	29.999999999999996
8.241129940511284e-13	29.999999999999996
8.453068000306827e-13	29.999999999999996
8.669081792021514e-13	29.999999999999996
8.89188847026811e-13	29.999999999999996
9.120129457740233e-13	29.999999999999996
9.353804754437883e-13	29.999999999999996
9.594272937667439e-13	29.999999999999996
9.840175430122523e-13	29.999999999999996
1.0092870809109516e-12	29.999999999999996
1.0352359074628419e-12	29.999999999999996
1.0617281649372846e-12	29.999999999999996
1.0890355687955566e-12	29.999999999999996
1.117022261307019e-12	29.999999999999996
1.1456882424716725e-12	29.999999999999996
1.175033512289517e-12	29.999999999999996
1.2051939284911904e-12	29.999999999999996
1.2361694910766925e-12	29.999999999999996
1.2678243423153857e-12	29.999999999999996
1.3004301976685463e-12	29.999999999999996
1.3337153416748973e-12	29.999999999999996
1.3679514897957159e-12	29.999999999999996
1.4031386420310014e-12	29.999999999999996
1.4391409406501158e-12	29.999999999999996
1.4760942433836978e-12	29.999999999999996
1.5139985502317467e-12	29.999999999999996
1.5528538611942629e-12	29.999999999999996
1.592660176271246e-12	29.999999999999996
1.6335533531933348e-12	29.999999999999996
1.6753975342298906e-12	29.999999999999996
1.7184644348421898e-12	29.999999999999996
1.7624823395689561e-12	29.999999999999996
1.8077229638714663e-12	29.999999999999996
1.85418630774972e-12	29.999999999999996
1.9017365134730786e-12	29.999999999999996
1.950509438772181e-12	29.999999999999996
2.000640941377665e-12	29.999999999999996
2.0519951635588927e-12	29.999999999999996
2.1047079630465017e-12	29.999999999999996
2.158643482109855e-12	29.999999999999996
2.2140734362102276e-12	29.999999999999996
2.270861967616982e-12	29.999999999999996
2.329144934060756e-12	29.999999999999996
2.38892233554155e-12	29.999999999999996
2.4501941720593637e-12	29.999999999999996
2.513096301344836e-12	29.999999999999996
2.5776287233979655e-12	29.999999999999996
2.6437914382187533e-12	29.999999999999996
2.7117203035378376e-12	29.999999999999996
2.7812794616245797e-12	29.999999999999996
2.8526047702096183e-12	29.999999999999996
2.9258320870235907e-12	29.999999999999996
3.0009614120664978e-12	29.999999999999996
3.077992745338339e-12	29.999999999999996
3.1569260868391147e-12	29.999999999999996
3.2380331520301014e-12	29.999999999999996
3.321042225450022e-12	29.999999999999996
3.406360880290792e-12	29.999999999999996
3.493717401091134e-12	29.999999999999996
3.583383503312325e-12	29.999999999999996
3.675359186954365e-12	29.999999999999996
3.769644452017253e-12	29.999999999999996
3.866375156231629e-12	29.999999999999996
3.9656871573281306e-12	29.999999999999996
4.0674445975761186e-12	29.999999999999996
4.1717833347062315e-12	29.999999999999996
4.278975084179746e-12	29.999999999999996
4.388748130535386e-12	29.999999999999996
4.5013741892344275e-12	29.999999999999996
4.6168532602768704e-12	29.999999999999996
4.735321201393353e-12	29.999999999999996
4.856913870314514e-12	29.999999999999996
4.981631267040352e-12	29.999999999999996
5.109473391570869e-12	29.999999999999996
5.240576101636701e-12	29.999999999999996
5.375075254968488e-12	29.999999999999996
5.512970851566228e-12	29.999999999999996
5.654534606891199e-12	29.999999999999996
5.799630663212763e-12	29.999999999999996
5.948530735992196e-12	29.999999999999996
6.1010989674988586e-12	29.999999999999996
6.257742930924666e-12	29.999999999999996
6.418326768538981e-12	29.999999999999996
6.582986338072441e-12	29.999999999999996
6.751993354986322e-12	29.999999999999996
6.9253478192806246e-12	29.999999999999996
7.103049730955349e-12	29.999999999999996
7.28537080547177e-12	29.999999999999996
7.47231104282989e-12	29.999999999999996
7.664142158490984e-12	29.999999999999996
7.860728294724413e-12	29.999999999999996
8.062477024722093e-12	29.999999999999996
8.269388348484024e-12	29.999999999999996
8.481733981471481e-12	29.999999999999996
8.699378065953825e-12	29.999999999999996
8.922592317392335e-12	29.999999999999996
9.151648451248289e-12	29.999999999999996
9.38654646752168e-12	29.999999999999996
9.627422223943153e-12	29.999999999999996
9.87454743597398e-12	29.999999999999996
1.0127922103614163e-11	29.999999999999996
1.038781794232498e-11	29.999999999999996
1.0654506667567704e-11	29.999999999999996
1.0927852421611698e-11	29.999999999999996
1.1208398635379517e-11	29.999999999999996
1.1496009451140517e-11	29.999999999999996
1.1791092442086621e-11	29.999999999999996
1.209364760821782e-11	29.999999999999996
1.2404082522726033e-11	29.999999999999996
1.2722397185611263e-11	29.999999999999996
1.304899917006542e-11	29.999999999999996
1.3383888476088505e-11	29.999999999999996
1.3727336819141794e-11	29.999999999999996
1.4079615914686562e-11	29.999999999999996
1.4440997478184092e-11	29.999999999999996
1.4811617367365015e-11	29.999999999999996
1.5191747297690607e-11	29.999999999999996
1.558165898462215e-11	29.999999999999996
1.5981624143620917e-11	29.999999999999996
1.6391778632417548e-11	29.999999999999996
1.6812394166473317e-11	29.999999999999996
1.724387831898014e-11	29.999999999999996
1.7686502805399292e-11	29.999999999999996
1.814040348346141e-11	29.999999999999996
1.8605987926358412e-11	29.999999999999996
1.9083527849551577e-11	29.999999999999996
1.957329496850217e-11	29.999999999999996
2.007556099867148e-11	29.999999999999996
2.059086937098205e-11	29.999999999999996
2.1119355943164524e-11	29.999999999999996
2.166129243068018e-11	29.999999999999996
2.22173581221822e-11	29.999999999999996
2.2787553017670593e-11	29.999999999999996
2.337228469033727e-11	29.999999999999996
2.397223242883542e-11	29.999999999999996
2.4587396233165046e-11	29.999999999999996
2.5218455391979338e-11	29.999999999999996
2.586568162073957e-11	29.999999999999996
2.6529482492637662e-11	29.999999999999996
2.721040143859616e-11	29.999999999999996
2.7908710174076343e-11	29.999999999999996
2.8625087987731403e-11	29.999999999999996
2.935967073729198e-11	29.999999999999996
3.01132735691419e-11	29.999999999999996
3.08860323410118e-11	29.999999999999996
3.1678762199285513e-11	29.999999999999996
3.2491734859424315e-11	29.999999999999996
3.3325629610081387e-11	29.999999999999996
3.4180989882179296e-11	29.999999999999996
3.505822324890995e-11	29.999999999999996
3.595800899892653e-11	29.999999999999996
3.688089056315161e-11	29.999999999999996
3.782741137250773e-11	29.999999999999996
3.879825071564808e-11	29.999999999999996
3.979395202349521e-11	29.999999999999996
4.0815330442432963e-11	29.999999999999996
4.186279354565324e-11	29.999999999999996
4.293729233727051e-11	29.999999999999996
4.4039234390476697e-11	29.999999999999996
4.5169434851655614e-11	29.999999999999996
4.6328708867191107e-11	29.999999999999996
4.751773572573636e-11	29.999999999999996
4.8737330573675185e-11	29.999999999999996
4.9988172699660806e-11	29.999999999999996
5.127107725007703e-11	29.999999999999996
5.2586995229038324e-11	29.999999999999996
5.3936605925197885e-11	29.999999999999996
5.532086034267018e-11	29.999999999999996
5.6740709485569674e-11	29.999999999999996
5.81969685002802e-11	29.999999999999996
5.969058839091623e-11	29.999999999999996
6.122252016159222e-11	29.999999999999996
6.279385067415327e-11	29.999999999999996
6.440539507498322e-11	29.999999999999996
6.605837608365781e-11	29.999999999999996
6.775374470429151e-11	29.999999999999996
6.949258779872942e-11	29.999999999999996
7.12761280865473e-11	29.999999999999996
7.310545242959023e-11	29.999999999999996
7.498164768970333e-11	29.999999999999996
7.6906072444193e-11	29.999999999999996
7.887994941263493e-11	29.999999999999996
8.090436545687428e-11	29.999999999999996
8.29806791542174e-11	29.999999999999996
8.511038493970134e-11	29.999999999999996
8.729484139063244e-11	29.999999999999996
8.953513536885582e-11	29.999999999999996
9.183316888260045e-11	29.999999999999996
9.419002879371139e-11	29.999999999999996
9.660734539495632e-11	29.999999999999996
9.908674897910288e-11	29.999999999999996
1.0162986983891874e-10	29.999999999999996
1.0423820240944094e-10	29.999999999999996
1.0691351284116777e-10	29.999999999999996
1.0965743142686684e-10	29.999999999999996
1.1247172431703649e-10	29.999999999999996
1.1535829351990565e-10	29.999999999999996
1.183189051859726e-10	29.999999999999996
1.2135559718119696e-10	29.999999999999996
1.2447013565607695e-10	29.999999999999996
1.2766469433430286e-10	29.999999999999996
1.3094117522410355e-10	29.999999999999996
1.3430175204916926e-10	29.999999999999996
1.3774859853319025e-10	29.999999999999996
1.412840242575873e-10	29.999999999999996
1.4491006708832e-10	29.999999999999996
1.4862917246453987e-10	29.999999999999996
1.524436499676677e-10	29.999999999999996
1.5635608089458568e-10	29.999999999999996
1.6036904654217588e-10	29.999999999999996
1.6448485649185922e-10	29.999999999999996
1.68706363755979e-10	29.999999999999996
1.730361496314174e-10	29.999999999999996
1.7747706713051787e-10	29.999999999999996
1.8203210512335438e-10	29.999999999999996
1.8670384490680906e-10	29.999999999999996
1.9149568292414788e-10	29.999999999999996
1.9641033632998363e-10	29.999999999999996
2.0145120156758223e-10	29.999999999999996
2.0662140336474834e-10	29.999999999999996
2.1192433816474795e-10	29.999999999999996
2.1736340241084704e-10	29.999999999999996
2.229419925463115e-10	29.999999999999996
2.286637767298686e-10	29.999999999999996
2.3453242312024557e-10	29.999999999999996
2.405517357339002e-10	29.999999999999996
2.467253827295599e-10	29.999999999999996
2.5305757569687424e-10	29.999999999999996
2.595523903677625e-10	29.999999999999996
2.662137666164132e-10	29.999999999999996
2.7304605189020664e-10	29.999999999999996
2.80053729494254e-10	29.999999999999996
2.872412827336663e-10	29.999999999999996
2.9461333077128525e-10	29.999999999999996
3.021746286276831e-10	29.999999999999996
3.099299313234323e-10	29.999999999999996
3.178842655945664e-10	29.999999999999996
3.2604265817711903e-10	29.999999999999996
3.344105433803157e-10	29.999999999999996
3.429932196556514e-10	29.999999999999996
3.5179598545462086e-10	29.999999999999996
3.608248185173723e-10	29.999999999999996
3.7008542486859233e-10	29.999999999999996
3.795836463906986e-10	29.999999999999996
3.8932559668156974e-10	29.999999999999996
3.993176610545457e-10	29.999999999999996
4.0956608896523595e-10	29.999999999999996
4.2007753744244167e-10	29.999999999999996
4.308587993726948e-10	29.999999999999996
4.4191680350025785e-10	29.999999999999996
4.5325847856939335e-10	29.999999999999996
4.648914326130172e-10	29.999999999999996
4.768227302331223e-10	29.999999999999996
4.890603870358167e-10	29.999999999999996
5.016121469117464e-10	29.999999999999996
5.144858896092885e-10	29.999999999999996
5.276901741654734e-10	29.999999999999996
5.412332879018699e-10	29.999999999999996
5.551240615709694e-10	29.999999999999996
5.693711900675328e-10	29.999999999999996
5.839840475749742e-10	29.999999999999996
5.989720082767076e-10	29.999999999999996
6.143445822138776e-10	29.999999999999996
6.301116870008207e-10	29.999999999999996
6.462833761096045e-10	29.999999999999996
6.628702464432184e-10	29.999999999999996
6.798827590469219e-10	29.999999999999996
6.973319183968962e-10	29.999999999999996
7.15228864827054e-10	29.999999999999996
7.335851462444995e-10	29.999999999999996
7.524125822717981e-10	29.999999999999996
7.717231283892461e-10	29.999999999999996
7.915294193657927e-10	29.999999999999996
8.118439541126567e-10	29.999999999999996
8.3267991082971e-10	29.999999999999996
8.540504677168245e-10	29.999999999999996
8.759696181202559e-10	29.999999999999996
8.984513553862599e-10	29.999999999999996
9.215100804342844e-10	29.999999999999996
9.45160465899238e-10	29.999999999999996
9.694179995624135e-10	29.999999999999996
9.942980333473732e-10	29.999999999999996
1.0198165984663323e-9	29.999999999999996
1.045990133704698e-9	29.999999999999996
1.0728353495633385e-9	29.999999999999996
1.1003696358317763e-9	29.999999999999996
1.128610518157263e-9	29.999999999999996
1.1575762014757041e-9	29.999999999999996
1.1872852982961977e-9	29.999999999999996
1.2177568287010323e-9	29.999999999999996
1.249010492061151e-9	29.999999999999996
1.2810662594629574e-9	29.999999999999996
1.3139447812815086e-9	29.999999999999996
1.3476669796073228e-9	29.999999999999996
1.3822548633927634e-9	29.999999999999996
1.417730305732463e-9	29.999999999999996
1.4541162665828998e-9	29.999999999999996
1.4914359776160128e-9	29.999999999999996
1.5297136215078554e-9	29.999999999999996
1.5689735167922122e-9	29.999999999999996
1.609241068864712e-9	29.999999999999996
1.650542226551907e-9	29.999999999999996
1.6929032103958103e-9	29.999999999999996
1.736351463658011e-9	29.999999999999996
1.7809147013155593e-9	29.999999999999996
1.8266218610650805e-9	29.999999999999996
1.8735018806032015e-9	29.999999999999996
1.9215851920615844e-9	29.999999999999996
1.970902499287354e-9	29.999999999999996
2.0214855929894793e-9	29.999999999999996
2.0733668073078525e-9	29.999999999999996
2.126579699101941e-9	29.999999999999996
2.181158096946673e-9	29.999999999999996
2.2371374597097467e-9	29.999999999999996
2.2945533821165884e-9	29.999999999999996
2.3534429533276618e-9	29.999999999999996
2.413843805934354e-9	29.999999999999996
2.475794931105359e-9	29.999999999999996
2.5393359992980223e-9	29.999999999999996
2.604507903689266e-9	29.999999999999996
2.671352352602396e-9	29.999999999999996
2.7399124129380253e-9	29.999999999999996
2.8102321026008796e-9	29.999999999999996
2.882356390499801e-9	29.999999999999996
2.9563318758363983e-9	29.999999999999996
3.0322059729586636e-9	29.999999999999996
3.110027318934166e-9	29.999999999999996
3.1898459094077803e-9	29.999999999999996
3.2717129627439562e-9	29.999999999999996
3.3556813275999136e-9	29.999999999999996
3.4418045319215223e-9	29.999999999999996
3.5301382773783447e-9	29.999999999999996
3.620738944928596e-9	29.999999999999996
3.7136649533964496e-9	29.999999999999996
3.808975808467926e-9	29.999999999999996
3.906732917837273e-9	29.999999999999996
4.006998911918315e-9	29.999999999999996
4.1098381872753745e-9	29.999999999999996
4.2153169066232725e-9	29.999999999999996
4.323502727111867e-9	29.999999999999996
4.434465072041513e-9	29.999999999999996
4.548275266720797e-9	29.999999999999996
4.665006402608801e-9	29.999999999999996
4.784733337315108e-9	29.999999999999996
4.907533238030719e-9	29.999999999999996
5.033484630523944e-9	29.999999999999996
5.162668621859974e-9	29.999999999999996
5.295168085254497e-9	29.999999999999996
5.431068203504625e-9	29.999999999999996
5.570456197273426e-9	29.999999999999996
5.71342146094766e-9	29.999999999999996
5.86005597021097e-9	29.999999999999996
6.010453874470689e-9	29.999999999999996
6.164711632715567e-9	29.999999999999996
6.322928556946704e-9	29.999999999999996
6.485205997031155e-9	29.999999999999996
6.651648291706049e-9	29.999999999999996
6.8223623610053985e-9	29.999999999999996
6.997457706260099e-9	29.999999999999996
7.177046953528848e-9	29.999999999999996
7.361245310167229e-9	29.999999999999996
7.550171108258624e-9	29.999999999999996
7.743945668756497e-9	29.999999999999996
7.94269343734211e-9	29.999999999999996
8.146541984424533e-9	29.999999999999996
8.355622412713833e-9	29.999999999999996
8.570068813790148e-9	29.999999999999996
8.790018947392346e-9	29.999999999999996
9.015614105560289e-9	29.999999999999996
9.246999112634841e-9	29.999999999999996
9.484322596973316e-9	29.999999999999996
9.727736990949494e-9	29.999999999999996
9.977398530953607e-9	29.999999999999996
1.0233467800823266e-8	29.999999999999996
1.0496108916697087e-8	29.999999999999996
1.0765490749734253e-8	29.999999999999996
1.1041786246825864e-8	29.999999999999996
1.1325172838168133e-8	29.999999999999996
1.1615832437262385e-8	29.999999999999996
1.191395184848825e-8	29.999999999999996
1.2219722495388194e-8	29.999999999999996
1.2533340692382992e-8	29.999999999999996
1.2855007916487178e-8	29.999999999999996
1.3184930671451323e-8	29.999999999999996
1.3523320895335222e-8	29.999999999999996
1.3870395960507898e-8	29.999999999999996
1.4226378537789866e-8	29.999999999999996
1.4591497411599518e-8	29.999999999999996
1.496598707237994e-8	29.999999999999996
1.5350087988314357e-8	29.999999999999996
1.574404674118388e-8	29.999999999999996
1.614811656979842e-8	29.999999999999996
1.656255669070803e-8	29.999999999999996
1.6987633385064763e-8	29.999999999999996
1.7423619726907203e-8	29.999999999999996
1.7870795583160465e-8	29.999999999999996
1.8329448157067115e-8	29.999999999999996
1.879987198818718e-8	29.999999999999996
1.9282369224113597e-8	29.999999999999996
1.9777249756329955e-8	29.999999999999996
2.0284831220210483e-8	29.999999999999996
2.080543981016644e-8	29.999999999999996
2.133940987207293e-8	29.999999999999996
2.1887084174984354e-8	29.999999999999996
2.2448814454565338e-8	29.999999999999996
2.3024961548948448e-8	29.999999999999996
2.3615895398734216e-8	29.999999999999996
2.4221995454564323e-8	29.999999999999996
2.4843651084694757e-8	29.999999999999996
2.5481261439138152e-8	29.999999999999996
2.6135235993094648e-8	29.999999999999996
2.680599481866737e-8	29.999999999999996
2.7493968584862444e-8	29.999999999999996
2.8199599101019918e-8	29.999999999999996
2.892333972438691e-8	29.999999999999996
2.966565495254449e-8	29.999999999999996
3.042702164612718e-8	29.999999999999996
3.120792875710757e-8	29.999999999999996
3.2008877872227164e-8	29.999999999999996
3.2830383212996423e-8	29.999999999999996
3.367297245084115e-8	29.999999999999996
3.453718657124475e-8	29.999999999999996
3.542358082475233e-8	29.999999999999996
3.6332724183539814e-8	29.999999999999996
3.7265200835848943e-8	29.999999999999996
3.822160923498318e-8	29.999999999999996
3.920256386545819e-8	29.999999999999996
4.0208694563713226e-8	29.999999999999996
4.124064760497292e-8	29.999999999999996
4.229908556738961e-8	29.999999999999996
4.338468828304741e-8	29.999999999999996
4.449815297381994e-8	29.999999999999996
4.564019465894355e-8	29.999999999999996
4.6811546562590506e-8	29.999999999999996
4.801296133658853e-8	29.999999999999996
4.924521024527447e-8	29.999999999999996
5.0509084659929285e-8	29.999999999999996
5.1805396466351254e-8	29.999999999999996
5.3134977793140564e-8	29.999999999999996
5.449868291370745e-8	29.999999999999996
5.589738729526816e-8	29.999999999999996
5.7331989500853116e-8	29.999999999999996
5.880341051001832e-8	29.999999999999996
6.031259534913809e-8	29.999999999999996
6.186051349897828e-8	29.999999999999996
6.344815875883848e-8	29.999999999999996
6.507655074098713e-8	29.999999999999996
6.67467352782347e-8	29.999999999999996
6.845978510322231e-8	29.999999999999996
7.02168001201372e-8	29.999999999999996
7.201890876329004e-8	29.999999999999996
7.386726854054588e-8	29.999999999999996
7.576306616918184e-8	29.999999999999996
7.770751934203763e-8	29.999999999999996
7.970187672751555e-8	29.999999999999996
8.174741919230007e-8	29.999999999999996
8.384546034478867e-8	29.999999999999996
8.599734748609617e-8	29.999999999999996
8.820446269691631e-8	29.999999999999996
9.046822338095283e-8	29.999999999999996
9.279008321592357e-8	29.999999999999996
9.517153351213776e-8	29.999999999999996
9.761410348421145e-8	29.999999999999996
1.001193618813603e-7	29.999999999999996
1.0268891739497282e-7	29.999999999999996
1.0532442042476079e-7	29.999999999999996
1.0802756348633253e-7	29.999999999999996
1.1080008243391237e-7	29.999999999999996
1.1364375795477579e-7	29.999999999999996
1.1656041611268031e-7	29.999999999999996
1.1955193011401595e-7	29.999999999999996
1.226202211229517e-7	29.999999999999996
1.2576725948415496e-7	29.999999999999996
1.2899506635308447e-7	29.999999999999996
1.3230571464699427e-7	29.999999999999996
1.3570133053936891e-7	29.999999999999996
1.3918409454678508e-7	29.999999999999996
1.4275624343091998e-7	29.999999999999996
1.4642007128541326e-7	29.999999999999996
1.5017793103030175e-7	29.999999999999996
1.5403223590645484e-7	29.999999999999996
1.5798546124172473e-7	29.999999999999996
1.6204014567366614e-7	29.999999999999996
1.6619889332325988e-7	29.999999999999996
1.7046437501763265e-7	29.999999999999996
1.7483932992034955e-7	29.999999999999996
1.7932656756928014e-7	29.999999999999996
1.839289700503222e-7	29.999999999999996
1.8864949267669036e-7	29.999999999999996
1.9349116711364373e-7	29.999999999999996
1.9845710287292115e-7	29.999999999999996
2.0355048880717625e-7	29.999999999999996
2.08774596234705e-7	29.999999999999996
2.1413278002630776e-7	29.999999999999996
2.1962848105072847e-7	29.999999999999996
2.2526522889180907e-7	29.999999999999996
2.3104664334292464e-7	29.999999999999996
2.3697643739585366e-7	29.999999999999996
2.4305841914278576e-7	29.999999999999996
2.4929649449347687e-7	29.999999999999996
2.55694669620688e-7	29.999999999999996
2.622570534056246e-7	29.999999999999996
2.689878601550911e-7	29.999999999999996
2.758914125903609e-7	29.999999999999996
2.8297214415675795e-7	29.999999999999996
2.902346021483844e-7	29.999999999999996
2.976834505611331e-7	29.999999999999996
3.053234730815575e-7	29.999999999999996
3.131595760757419e-7	29.999999999999996
3.2119679212160233e-7	29.999999999999996
3.2944028272604115e-7	29.999999999999996
3.3789534185724823e-7	29.999999999999996
3.4656739947700163e-7	29.999999999999996
3.5546202466539575e-7	29.999999999999996
3.645849298324306e-7	29.999999999999996
3.739419735710246e-7	29.999999999999996
3.835391651403194e-7	29.999999999999996
3.93382667862123e-7	29.999999999999996
4.0347880333249967e-7	29.999999999999996
4.138340552257866e-7	29.999999999999996
4.244550740496139e-7	29.999999999999996
4.353486802696327e-7	29.999999999999996
4.465218701513977e-7	29.999999999999996
4.579818191568104e-7	29.999999999999996
4.6973588669913943e-7	29.999999999999996
4.817916215773298e-7	29.999999999999996
4.941567659158777e-7	29.999999999999996
5.068392607349965e-7	29.999999999999996
5.198472508414955e-7	29.999999999999996
5.331890898555165e-7	29.999999999999996
5.468733463241306e-7	29.999999999999996
5.609088080687867e-7	29.999999999999996
5.753044887064813e-7	29.999999999999996
5.900696334916423e-7	29.999999999999996
6.052137246145798e-7	29.999999999999996
6.207464875867988e-7	29.999999999999996
6.366778977621717e-7	29.999999999999996
6.530181861788197e-7	29.999999999999996
6.69777847031288e-7	29.999999999999996
6.869676431048559e-7	29.999999999999996
7.045986140628567e-7	29.999999999999996
7.226820824244199e-7	29.999999999999996
7.412296617159338e-7	29.999999999999996
7.602532631280742e-7	29.999999999999996
7.797651036672684e-7	29.999999999999996
7.997777141713024e-7	29.999999999999996
8.203039467814941e-7	29.999999999999996
8.413569835017323e-7	29.999999999999996
8.62950344757512e-7	29.999999999999996
8.850978979549726e-7	29.999999999999996
9.078138664475082e-7	29.999999999999996
9.311128383665189e-7	29.999999999999996
9.550097766748841e-7	29.999999999999996
9.795200279977146e-7	29.999999999999996
1.0046593330833972e-6	29.999999999999996
1.030443836449495e-6	29.999999999999996
1.0568900969796487e-6	29.999999999999996
1.0840150987921967e-6	29.999999999999996
1.1118362617012188e-6	29.999999999999996
1.1403714524927293e-6	29.999999999999996
1.1696389967442982e-6	29.999999999999996
1.1996576903729594e-6	29.999999999999996
1.2304468113189752e-6	29.999999999999996
1.2620261325881776e-6	29.999999999999996
1.2944159347508816e-6	29.999999999999996
1.3276370185766514e-6	29.999999999999996
1.361710719027649e-6	29.9999865902148
1.3966589183009747e-6	29.999831598727106
1.4325040603654458e-6	29.999662886511384
1.4692691652266568e-6	29.999480453077098
1.5069778435996156e-6	29.999284297921161
1.5456543122606659e-6	29.999074420527563
1.5853234095352698e-6	29.998850820367128
1.6260106110575026e-6	29.998613496897107
1.6677420463446988e-6	29.998362449560865
1.7105445157796656e-6	29.998097677787509
1.754445507185327e-6	29.997819180991538
1.7994732141655193e-6	29.997526958572458
1.8456565536306347e-6	29.997221009914416
1.8930251849535647e-6	29.996901334385768
1.9416095285822077e-6	29.996567931338731
1.9914407854671236e-6	29.996220800108915
2.042550957711911e-6	29.995859940014935
2.094972868544292e-6	29.995485350357974
2.1487401836457767e-6	29.995097030421299
2.2038874326171837e-6	29.994694979469859
2.260450031531025e-6	29.994279196749783
2.318464305076314e-6	29.993849681487905
2.3779675103336704e-6	29.993406432891256
2.4389978608221367e-6	29.992949450146586
2.5015945505459985e-6	29.992478732419833
2.56579777926432e-6	29.991994278855579
2.6316487789832037e-6	29.991496088576522
2.6991898393611855e-6	29.990984160682903
2.768464335831783e-6	29.990458494251929
2.839516756775045e-6	29.989919088337217
2.9123927325911034e-6	29.989365941968135
2.987139064637869e-6	29.988799054149247
3.0638037555273097e-6	29.9882184238596
3.142436039557577e-6	29.987624050052155
3.223086415183006e-6	29.987015931653062
3.3058066763972545e-6	29.986394067560998
3.390649946561869e-6	29.985758456646462
3.4776707126424442e-6	29.985109097751042
3.5669248599881924e-6	29.984445989686687
3.658469707926674e-6	29.983769131234975
3.7523640472605295e-6	29.983078521146272
3.848668177492499e-6	29.982374158139002
3.94744394581659e-6	29.981656040898784
4.04875478638096e-6	29.9809241680776
4.152665761860386e-6	29.980178538292979
4.2592436043494375e-6	29.979419150127043
4.368556758836952e-6	29.978646002125664
4.480675426952224e-6	29.97785909279752
4.595671611798058e-6	29.977058418461571
4.713619164957539e-6	29.97624375596887
4.8345938326856655e-6	29.975414476368702
4.958673305904992e-6	29.974569906776477
5.08593726911441e-6	29.97370937426566
5.216467451879234e-6	29.972832205866709
5.350347681679854e-6	29.97193772856598
5.487663937167964e-6	29.971025269304612
5.6285044035965225e-6	29.970094154977374
5.7729595296082794e-6	29.96914371243151
5.92112208511117e-6	29.968173268465524
6.073087221055716e-6	29.967182149827941
6.22895253029929e-6	29.966169683216055
6.388818110644105e-6	29.965135195274634
6.552786628554482e-6	29.964078012594555
6.720963385591289e-6	29.962997461711517
6.8934563860690875e-6	29.961892869104577
7.070376405935999e-6	29.960763561194732
7.2518370642348775e-6	29.959608864343469
7.4379548963306195e-6	29.958428104851265
7.628849427816776e-6	29.957220608956021
7.824643252633742e-6	29.955985702831505
8.025462110779383e-6	29.954722712585731
8.231434969144378e-6	29.953430964259255
8.442694104793022e-6	29.952109783823527
8.659375189738432e-6	29.950758497179162
8.881617377755647e-6	29.949376430154064
9.109563394183594e-6	29.947962908501676
9.343359627357326e-6	29.946517257899053
9.583156222621581e-6	29.945038803944978
9.82910717878977e-6	29.94352687215796
0.000010081370446912544	29.941980787974192
0.000010340108032171097	29.94039987674552
0.000010605486097400751	29.938783463737302
0.000010877675069875137	29.937130874126208
0.000011156849751215095	29.935441432998029
0.000011443189428792014	29.933714465345318
0.000011736877991886201	29.931949296065142
0.000012038104049067941	29.930145249956574
0.000012347061049382613	29.9283016517183
0.00001266394740706807	29.926417825946089
0.000012988966628445774	29.924493097130149
0.000013322327442615925	29.922526789652522
0.000013664243936092464	29.920518227784367
0.000014014935689747687	29.918466735683129
0.000014374627919832548	29.91637163738973
0.000014743551622801015	29.914232256825603
0.000015121943723938415	29.912047917789732
0.000015510047228706957	29.909817930002138
0.0000159081113796614	29.90754118089766
0.000016316391816081907	29.905216070306771
0.00001673515073781843	29.902840970824364
0.00001716465707470534	29.90041425490789
0.000017605186658149723	29.897934294874005
0.000018057022398969147	29.895399462895067
0.00001852045446876174	29.892808130995579
0.000018995780486438845	29.890158671048514
0.00001948330570937686	29.887449454771598
0.000019983343228916495	29.884678853723475
0.000020496214172383236	29.881845239299732
0.00002102224790864008	29.878946982728984
0.00002156178225961802	29.875982455068627
0.000022115163717552567	29.872950027200734
0.000022682747667382847	29.869848069827672
0.000023264898614992587	29.866674953467683
0.00002386199042129299	29.863429048450399
0.000024474406542011626	29.860108724912163
0.00002510254027481765	29.85671235279127
0.000025746795010658597	29.853238301823161
0.000026407584494063795	29.849684941535397
0.00002708533308806694	29.846050641242549
0.000027780476046600846	29.84233377004103
0.000028493459795043673	29.838532696803707
0.000029224742215655984	29.834645790174427
0.000029974792942527917	29.830671418562446
0.00003074409366263989	29.826607950136619
0.0000315331384257541	29.822453752819637
0.00003234243396109887	29.818207194281893
0.00003317250000315554	29.813866641935405
0.00003402386962532497	29.809430462927452
0.00003489708958228911	29.804897024134171
0.00003579272066133903	29.80026469215391
0.00003671133804212621	29.795531833300494
0.000037653531666195566	29.790696813596234
0.00003861990661616439	29.785757998764925
0.00003961108350359616	29.780713754224518
0.0000406276988685581	29.775562445079725
0.000041670405587466145	29.770302436114378
0.00004273987329288527	29.764932091783681
0.00004383678880338339	29.759449776206235
0.00004496185656493311	29.753853853155839
0.000046115799102638676	29.748142686053193
0.00004729935748550529	29.74231463795731
0.000048513291801805295	29.736368071556811
0.0000497583816474867	29.730301349160907
0.000051035426626944806	29.724112832690313
0.000052345246866020994	29.717800789100892
0.00005368868353926656	29.711362186315846
0.00005506659940984133	29.70479304852784
0.000056479879383541543	29.698089378290213
0.00005792943107750021	29.691247177728958
0.00005941618540247345	29.684262448532842
0.000060941097161022024	29.677131191943328
0.00006250514566090899	29.669849408744294
0.00006410933534330586	29.662413099251481
0.00006575469642866029	29.654818263301742
0.00006744228557777967	29.64706090024206
0.00006917318657071238	29.639137008918368
0.00007094851100233922	29.631042587664084
0.00007276939899698518	29.622773634288386
0.00007463701993974155	29.614326146064346
0.00007655257322816671	29.605696119716708
0.000078517289042192	29.596879551409447
0.00008053242913413431	29.587872436733079
0.00008259928763908749	29.578670770691694
0.00008471919190623582	29.569270547689747
0.00008689350335095369	29.55966776151854
0.00008912361832905006	29.549858405342459
0.0000914109690338371	29.539838471684888
0.00009375702441602282	29.529603952413883
0.00009616329112615628	29.519150838727544
0.00009863131448370065	29.508475121139064
0.00010116267946784366	29.497572789461511
0.00010375901173670233	29.486439832792264
0.00010642197867057454	29.475072239497191
0.0001091532904427695	29.463465997194458
0.00011195470111828938	29.451617092738079
0.00011482800978008983	29.439521512201061
0.00011777506168427824	29.427175240858268
0.00012079774944547244	29.414574263169023
0.0001238980142520482	29.401714562759146
0.00012707784711276965	29.388592122402937
0.00013033929013561813	29.375202924004558
0.0001336844378388193	29.361542948579231
0.00013711543849678575	29.347608176233976
0.0001406344955185294	29.33339458614801
0.00014424386886411418	29.318898156552827
0.00014794587649466585	29.304114864711806
0.0001517428958619159	29.289040686899533
0.0001556373654348349	29.273671598380666
0.0001596317862651213	29.258003573388475
0.00016372872359412638	29.242032585102898
0.00016793080849985783	29.225754605628318
0.0001722407395865063	29.209165605970814
0.00017666128471785424	29.19226122355769
0.00018119528279483843	29.175034631274166
0.00018584564557848896	29.157477894287346
0.0001906153595597394	29.139583071352529
0.0001955074878778734	29.121342220065223
0.00020052517228733756	29.102747396839572
0.00020567163517522832	29.083790656886535
0.0002109501816313564	29.064464054191838
0.00021636420157007278	29.04475964149367
0.00022191717190779645	29.024669470260157
0.00022761265879556446	29.004185590666587
0.00023345431990945737	28.98330005157241
0.00023944590679971536	28.962004900498073
0.00024559126729976747	28.940292183601542
0.0002518943479970761	28.918153945654769
0.0002583591967682422	28.895582230019784
0.0002649899653783716	28.872569078624789
0.00027179091214701075	28.849106531939963
0.00027876640468337075	28.825186628953098
0.00028592092269097424	28.800801407145173
0.0002932590608445786	28.775942902465736
0.0003007855317410061	28.750603149308102
0.000308505168925103	28.724774180484594
0.0003164229299947679	28.698448027201522
0.00032454389978396256	28.671616719034194
0.0003328732936285961	28.64427228390182
0.00034141646071582523	28.616406748042422
0.0003501788875193533	28.588012135987601
0.00035916620132249243	28.559080470537474
0.0003683841738325231	28.529603772735459
0.0003778387248871645	28.499574061843248
0.0003875359262564171	28.468983355315743
0.00039748200554154417	28.437823668776133
0.0004076833501748586	28.40608701599108
0.00041814651152153996	28.373765408846058
0.0004288782090871483	28.340850857320898
0.00043988533483273727	28.307335369465427
0.0004511749576010991	28.273210951375571
0.000462754327656179	28.23846960716952
0.0004746308813395987	28.203103338964329
0.0004868122458457842	28.167104146852878
0.0004993062441207235	28.130464028881175
0.00051212089988585	28.093174981026152
0.0005252644427904467	28.055228997173963
0.0005387453136973271	28.01661806909874
0.0005525721701034228	27.977334186442072
0.0005667538916993536	27.937369336692953
0.000581299586072599	27.896715505168643
0.000596218594556174	27.855364633421768
0.0006115204982274264	27.813308482137298
0.0006272151240614417	27.770538761802431
0.000643312551242042	27.727047180675942
0.0006598231176340481	27.682825444774661
0.0006767574264233266	27.637865257860721
0.0006941263529251634	27.592158321429753
0.0007119410515695257	27.545696334700679
0.0007302129630633449	27.498470994606578
0.0007489538217389262	27.450473995787281
0.0007681756630888893	27.401697030583385
0.0007878908314960661	27.352131789032015
0.0008081119881609346	27.301769958864284
0.000828852119232434	27.250603225504754
0.0008501245441484039	27.198623272072709
0.0008719429241887823	27.145821779385717
0.0008943212712490242	27.092190425965313
0.0009172739568390466	27.037720888045126
0.0009408157213124522	26.982404839581353
0.0009649616833326871	26.926233952266063
0.0009897273495826588	26.869199895543158
0.0010151286247229703	26.811294336627224
0.0010411818216062494	26.752508940525622
0.0010679036717530005	26.69283537006368
0.0010953113360972733	26.632265285913409
0.0011234224160064905	26.570790346625763
0.0011522549645865774	26.508402208666723
0.0011818274982742932	26.445092526457323
0.0012121590087299469	26.380852952417946
0.0012432689750329368	26.315675137016854
0.001275177376191667	26.249550728823568
0.0013079047039744943	26.182471374566809
0.0013414719760691802	26.114428719197782
0.0013759007495808997	26.045414405958571
0.0014112131348764155	25.975420076456285
0.0014474318097829778	25.904437370742862
0.0014845800341526788	25.832457927401233
0.001522681664800013	25.75947338363769
0.001561761170822551	25.685475375381053
0.0016018436493156043	25.610455537388887
0.0016429548414891638	25.534405503361
0.001685121149199475	25.457316906060665
0.001728369651904492	25.379181377443921
0.0017727281240540733	25.299990548797108
0.0018182250529276947	25.219736050883405
0.0018648896569278294	25.138409514098321
0.0019127519043458385	25.056002568634927
0.00196184253260622	24.972506855086102
0.0020121930680074168	24.887918426734661
0.0020638358459680135	24.802244579328491
0.002116804031792048	24.715494371278492
0.002171131641969194	24.627676858967575
0.0022268535660190545	24.538801096805635
0.0022840055888984465	24.448876137288192
0.0023426244139821474	24.357911031059316
0.0024027476866340727	24.265914826978548
0.0024644140183837024	24.172896572192485
0.002527663011722158	24.078865312210624
0.0025925352855357157	23.983830090986196
0.002659072501190767	23.8877999510017
0.00272731738928991	23.790783933359613
0.0027973137771128997	23.692791077878407
0.002869106616763384	23.593830423193896
0.002942742014037311	23.493911006866419
0.003018267258032172	23.393041865493657
0.003095730851516499	23.291232034829864
0.003175182542078515	23.18849054991091
0.00325667335407457	23.084826445186376
0.003340255621396942	22.980248754657904
0.00342598302108327	22.874766512024852
0.0035139106077881456	22.76838875083698
0.003604094849139679	22.661124504654694
0.003696593662003189	22.5529828072169
0.0037914664496756533	22.443972692616988
0.003888774140035235	22.33410319548684
0.003988579224669266	22.223383351189625
0.004090945799006751	22.111822196021095
0.004195939603480818	21.999428767420262
0.004303628065748	21.886212104189195
0.004414080343989901	21.772181246722681
0.004527367371327937	21.657345237247856
0.004643561901376029	21.541713120074103
0.004762738554964249	21.425293941853582
0.0048849738680605955	21.308096751852918
0.005010346340922149	21.190130602235925
0.0051389364885097	21.071404548358355
0.005270826892193573	20.951927649074314
0.005406102252788679	20.831708967055473
0.005544849444950048	20.710757569122706
0.005687157572963625	20.589082526591195
0.005833118027970087	20.466692915628897
0.005982824546656329	20.343597817629131
0.0061363732714541696	20.219806319597389
0.00629386281228361	20.095327514553173
0.006455394309880194	19.97017050194675
0.006621071500748731	19.844344478756174
0.006791000783783438	19.717864215387479
0.0069652912885975905	19.590753187507786
0.007144054945607766	19.463035628670422
0.007327406557915497	19.334735772947749
0.007515463875035484	19.205877854934567
0.007708347668514158	19.076486109744227
0.00790618180949044	18.946584772997156
0.00810909334824615	18.816198080800955
0.00831721259579891	18.685350269721617
0.008530673207588315	18.554065576744879
0.008749612269310321	18.422368239227389
0.008974170384954808	18.29028249483645
0.009204491767101794	18.157832581478022
0.009440724329536201	18.025042737211624
0.009683019782238074	17.891937200151823
0.009931533728813094	17.758540208354717
0.01018642576642083	17.62487599968917
0.01044785958826948	17.490968811691005
0.010716003088740815	17.35684288139981
0.010991028471212713	17.222522445176594
0.0112731123586494	17.088031738501652
0.01156243590702946	16.953394995750894
0.01185918492168572	16.818636449949874
0.01216354997663044	16.683780332503638
0.012475726536942755	16.548850872901454
0.012795915084297949	16.413872298394544
0.013124321245717802	16.278868833645625
0.01346115592562566	16.143864700348267
0.013806635441290328	16.008884116814823
0.014160981661746466	15.873951297530727
0.014524422150279978	15.739090452673761
0.01489719031057114	15.604325787595876
0.015279525536587114	15.469681502266221
0.015671673366322754	15.335181790672561
0.016073885639485936	15.200850840179664
0.01648642065923183	15.066712830841714
0.016909543358044905	14.932791934667094
0.017343525467881885	14.799112314832396
0.01778864569467866	14.665698124843825
0.018245189897337297	14.532573507642731
0.01871345127130624	14.39976259465311
0.019193730536871914	14.267289504767767
0.0196863361322839	14.135178343270402
0.02019158441183509	14.003453200690766
0.02070979984902674	13.872138151589196
0.021241315244947042	13.7412572532679
0.021786471941998186	13.610834544404916
0.02234562004310848	13.48089373015457
0.02291911863657055	13.351451522661385
0.023507336026650005	13.222517781675991
0.02411064997011257	13.094102078822596
0.024729447918821958	12.966213985288549
0.0253641272685637	12.838863071514004
0.02601509561425526	12.712058906852636
0.02668277101170558	12.585811059201207
0.027367582246093435	12.460129094596938
0.02806996910733573	12.335022576780313
0.028790382672523207	12.210501066722182
0.029529285595604977	12.086574122112621
0.030287152404507377	11.963251296810268
0.031064469805879406	11.840542140249553
0.03186173699765776	11.718456196804258
0.03267946598965561	11.597003005104764
0.033518181932377204	11.476192097307312
0.03437842345427471	11.356032998312381
0.03526074300765615	11.236535224930465
0.03616570722347597	11.117708284992146
0.037093897275227	10.999561676400562
0.03804590925217514	10.882104886123143
0.03902235454216981	10.765347389120418
0.04002386022428297	10.649298647208676
0.04105106947152092	10.533968107854134
0.04210464196387567	10.419365202895245
0.04318525431197445	10.305499347190631
0.04429360049160343	10.192379937189116
0.04543039228938284	10.08001634941921
0.0465963597598817	9.968417938894403
0.047792251694461725	9.857594037431419
0.04901883610215704	9.747553951877675
0.05027690070289304	9.638306962244991
0.05156725343336624	9.529862319745611
0.052890722965904906	9.422229244727484
0.05424815924064772	9.31541692450487
0.055640434011381266	9.209434511080712
0.057068441405384474	9.104291118757367
0.058533098497643266	8.99999582163149
0.060035345899801466	8.896557650969845
0.061576148364227284	8.793985592461745
0.06315649540358301	8.69228858334481
0.06477740192629643	8.591475509399748
0.06643990888834017	8.491555201810764
0.06814508396174185	8.39253643388736
0.06989402222024685	8.294427917644125
0.07168784684258413	8.19723830023428
0.07352770983377567	8.100976160233692
0.07541479276496343	8.005649408080943
0.07735030753221982	7.9112593882186895
0.07933549713483594	7.817803411478318
0.08137163647358153	7.725278707251866
0.08346003316945672	7.633682481085431
0.08560202840345052	7.543011913625554
0.0877989977778592	7.453264159530091
0.09005235219970276	7.364436346343548
0.09236353878682149	7.276525573336201
0.09473404179722021	7.189528910307146
0.09716538358227128	7.1034433963507615
0.09965912556437465	7.018266038586796
0.10221686923971557	6.933993810853743
0.1048402572067524	6.850623652365887
0.10753097422110618	6.768152466333822
0.11029074827751788	6.6865771185490495
0.11312135171958013	6.605894435932612
0.11602460237794386	6.526101205048612
0.11900236473774331	6.447194170582758
0.12205655113597658	6.369170033787066
0.12518912298962276	6.292025450891088
0.12840209205527342	6.215757031481015
0.1316975217210974	6.140361336847392
0.13507752833195785	6.065834878303013
0.13854428254854556	5.992174115472047
0.14210001074138714	5.919375454552308
0.14574699642063454	5.847435246552094
0.14948758170255144	5.776349785503635
0.15332416881363015	5.706115306655315
0.15725922163332037	5.636727984644717
0.16129526727634363	5.568183931655254
0.16543489771562533	5.500479195558741
0.16968077144687144	5.433609758047132
0.17403561519587518	5.367571532756184
0.17850222566963161	5.302360363384666
0.18308347135240507	5.237972021812363
0.1877822943478819	5.174402206220913
0.1926017122686126	5.111646539221193
0.19754482017393518	5.049700565991744
0.2026147925576469	4.9885597524323915
0.20781488538667728	4.928219483338064
0.2131484381920962	4.86867506059738
0.21861887621377418	4.809921701421484
0.22422971260009905	4.751954536608183
0.22998455066413423	4.694768608847256
0.2358870861976948	4.638358871072473
0.24194110984480113	4.582720184866618
0.24815050953605938	4.527847318925449
0.25451927298550775	4.473735195931312
0.26105149025155755	4.4203801462382115
0.2677513563636462	4.367778940622065
0.2746231740163175	4.315928214322436
0.281671356332431	4.264824463262769
0.2889004296973042	4.214464041394676
0.29631503666557546	4.16484315813431
0.3039199389426902	4.115957875900697
0.31172002044288766	4.067804107766626
0.3197202904256893	4.020377615232471
0.32792588671286627	3.9736740061339257
0.33634207898798896	3.9276887326943646
0.34497427218064053	3.882417089733104
0.3538280099375046	3.837854213040473
0.3629089781825187	3.793995077931087
0.3722230087684201	3.7508344979862973
0.3817760832219862	3.7083671239971654
0.391574336585413	3.66658744311882
0.4016240613562789	3.625489778247232
0.4119317115286161	3.5850682876291047
0.422503906737715	3.5453169647152816
0.4333474365112829	3.5062296382679707
0.444469264629732	3.467799972731432
0.4558765335983484	3.430021468875708
0.4675765692342654	3.392887464722124
0.47957688537113363	3.356391136759115
0.4918851886845652	3.3205255014559794
0.5045093836413926	3.285283417081842
0.51745757757598	3.250657585836064
0.5307380858967865	3.2166405562958555
0.5443594374265885	3.18322472618572
0.558330379879725	3.150402345472737
0.572659885479948	3.1181655197904843
0.5873571567224236	3.086506214193625
0.6024316322836463	3.0554162572439125
0.6178929930829964	3.024887345427501
0.6337511684999041	2.9949110479020513
0.6500163427505372	2.9654788115712303
0.6666989614281862	2.936581966482691
0.6838097382114676	2.908211731544694
0.7013596617447331	2.880359220554986
0.7193600026950235	2.8530154485345562
0.7378223209901792	2.8261713383573426
0.756758473242676	2.799817727665984
0.7761806203640329	2.7739453760621253
0.7961012353746031	2.7485449725588436
0.816533111413844	2.723607143281252
0.8374893699561267	2.6991224594777323
0.8589834692374497	2.6750829732959773
0.8810292128983747	2.6514860391960378
0.9036407588488331	2.6283299108192106
0.9268326283603965	2.605612509059907
0.9506197153919508	2.583331427422072
0.9750172961546594	2.561483937951728
1.000041038922467	2.5400669977379975
1.0257070140943343	2.519077255972997
1.0520317045147567	2.498511061558661
1.0790320160591578	2.4783644712466084
1.1067252884909178	2.458633258295002
1.1351293065971029	2.439312921624285
1.1642623116099533	2.4203986954518095
1.1941430129214867	2.4018855593833766
1.22479060009883	2.383768248937873
1.2562247552078443	2.3660412664795967
1.2884656654530828	2.34869889253107
1.3215340361420997	2.3317351974377822
1.3554511039825785	2.3151440533547802
1.390238650720637	2.298919146523964
1.4259190171292178	2.2830539898096576
1.4625151173554247	2.2675419354592146
1.5000504536361892	2.2523761880545035
1.538549131391507	2.237549817619602
1.578035874705108	2.223055772849447
1.6185360422023656	2.2088868944239564
1.6600756433358281	2.195035928371897
1.7026813550886	2.1814955394489473
1.7463805391064868	2.1682583244944333
1.7912012592697601	2.1553168257316875
1.8371722997160245	2.142663543977386
1.884323183325515	2.130290951726009
1.9326841906808974	2.118191506076265
1.982286379513585	2.1063576614673734
2.033161604649284	2.094781882194083
2.0853425384653024	2.0834566546706696
2.138862691872973	2.072374499415351
2.193756435838508	2.0615279827281063
2.2500590234563274	2.0509097280363346
2.307806612588753	2.040512426884535
2.3670362890868337	2.030328849545775
2.427786090607042	2.020351855234582
2.4900950310393837	2.0105744019026197
2.5540031255622857	2.0009895556004875
2.619551416340625	1.9915904993907656
2.6867819988831796	1.9823705417994266
2.755738049076728	1.973323124794561
2.8264638509138136	1.9644418393437615
2.89900482493213	1.9557218198214037
2.9734075573839824	1.9471612057680217
3.0497198301541864	1.938758400526435
3.1279906514459195	1.9305116873947497
3.208270287254003	1.922419242038111
3.290610293646154	1.9144791446310003
3.375063549872521	1.9066893917085612
3.4616842923251028	1.8990479077070943
3.550528149368589	1.891552556175578
3.6416521770653785	1.8842011506417524
3.7351148958172335	1.8769914651181017
3.8309763279474836	1.8699212442346957
3.929298036247618	1.8629882129876212
4.030143163513443	1.8561900860933622
4.133576473095663	1.8495245769412005
4.23966439049135	1.8429894061372472
4.34847504600268	1.8365823096353615
4.460078318490807	1.8303010464516511
4.574545880252368	1.8241434059608055
4.69195124304793	1.8181072147738397
4.812369805311552	1.8121903431982205
4.935878900572321	1.8063907112825812
5.062557847118271	1.8007062944494876
5.1924879989351425	1.7951351287207926
5.3257527979522585	1.7896753155412346
5.462437827629649	1.7843250262068442
5.60263086792013	1.7790825059057296
5.74642195164219	1.7739460773795452
5.893903422299452	1.7689141442147787
6.04516999338447	1.7639851937736146
6.200318809204147	1.7591577997747994
6.359449507266485	1.7544306245354093
6.522664282268212	1.7498024208849448
6.690067951725099	1.745272033763499
6.861768023286232	1.7408384015161706
7.037874763776167	1.7365005568960654
7.218501270008746	1.7322576277885093
7.403763541418867	1.7281088376691844
7.593780554557856	1.7240535058090423
7.788674339500791	1.7200910472388589
7.988570058215248	1.7162209724862825
8.19359608494088	1.71244288709821
8.403884088632234	1.7087564909611734
8.619569117517113	1.7051615774323472
8.840789685825719	1.7016580322935464
9.0676878627451	1.6982458325404546
9.300409363656959	1.6949250450190152
9.539103643716695	1.6916957093659786
9.783923993834794	1.6885533388954697
10.035027639120932	1.685487840120674
10.292575839855006	1.6824895230394592
10.5567339950492	1.679549499447084
10.827671748668639	1.6766596451551712
11.105563098577495	1.6738125630890681
11.39058650828162	1.6710015472864095
11.682925021538562	1.6682205478161622
11.98276637990986	1.665464136633956
12.29030314332948	1.6627274743863405
12.605732813767153	1.6600062781734595
12.92925796206497	1.6572967902768159
13.261086358030138	1.6545957478560003
13.601431103865643	1.6519003536157708
13.950510771025979	1.6492082474424266
14.308549540584645	1.6465174790062231
14.675777347205191	1.6438264813244903
15.052430026806242	1.6411340452782128
15.438749468016981	1.6384392950730664
15.834983767519036	1.6357416646342846
16.241387389376314	1.633040874923252
16.658221328452964	1.6303369121623874
17.085753278026036	1.6276300069536698
17.524257801699296	1.6249206142750607
17.9740165097303	1.6222093943381237
18.43531823988177	1.619497194289288
18.908459242915175	1.616785030736452
19.393743372844252	1.614074073081974
19.891482282072662	1.6113656276425685
20.401995621538696	1.6086611225361485
20.925611245996567	1.6059620933153111
21.462665424567593	1.6032701693268345
22.01350305669369	1.6005870607763826
22.57847789363416	1.5979145464774414
23.157952765646307	1.595254462263439
23.752299814998103	1.5926086900419791
24.361900734959615	1.5899791474701608
24.98714701492907	1.587367778230039
25.62844019184898	1.5847765428834193
26.286192108076683	1.582207410285349
26.960825175871257	1.5796623495358975
27.652772648669632	1.577143322450065
28.362478899323786	1.5746522765259376
29.090399705480813	1.5721911383915201
29.837002542285344	1.5697618077110393
30.6027668825953	1.5673661515318325
31.388184504901425	1.5650059990533474
32.19375980915165	1.5626830640563023
33.020010140678984	1.5603978011160402
33.86746612244425	1.558149679639119
34.73667199580439	1.5559381988110979
35.62818597002902	1.5537629092932301
36.542580580784794	1.5516234036460785
37.48044305782183	1.5495193073397955
38.442375702095134	1.5474502703274176
39.42899627256747	1.5454159591580434
40.440938382936885	1.5434160496073495
41.478851908547796	1.5414502198034228
42.54340340374373	1.539518143826485
43.63527652993424	1.5376194857616532
44.755172494645265	1.5357538941844573
45.90381050183951	1.533920997059421
47.081928213792224	1.5321203970326087
48.29028222482432	1.5303516670995878
49.52964854719054	1.528614346630888
50.80082310943992	1.526907937737564
52.10462226756449	1.52523190196008
53.441883329270105	1.523585657264265
54.81346509169958	1.5219685753286827
56.22024839295613	1.520379979108281
57.66313667778531	1.518819140659737
59.1430565777711	1.5172852792144595
60.66095850642517	1.5157775594857135
62.21781726954646	1.5142950901968628
63.81463269124991	1.5128369228182135
65.45243025605785	1.5114020505004473
67.1322617674733	1.5099894071930997
68.85520602345258	1.5085978669370204
70.62236950921881	1.5072262433201922
72.43488710785141	1.5058732890867512
74.29392282911597	1.5045376958894612
76.20067055699626	1.503218094176334
78.1563548164168	1.5019130532024807
80.16223155963817	1.500621081158687
82.21958897283825	1.4993406254085826
84.32974830339082	1.498070072826647
86.49406470838203	1.4968077502296568
88.7139281248983	1.4955519248945268
90.99076416265346	1.4943008051558293
93.3260350195214	1.4930525410766131
95.72124042057216	1.491805225186438
98.17791858120202	1.4905568932808624
100.69764719498589	1.489305525276902
103.28204444687904	1.4880490461192641
105.93277005242938	1.486785326732422
108.65152632365395	1.4855124990901065
111.44005926227568	1.4842313828987626
114.30015968101294	1.4829440865208063
117.23366435365506	1.4816525688143696
120.24245719464646	1.4803586347687585
123.32847046894953	1.4790639432299788
126.49368603295339	1.4777700143251176
129.74013660723926	1.4764782365953086
133.06990708200257	1.4751898738468037
136.48513585598357	1.4739060717294086
139.98801620975644	1.472627864051331
143.5807977142729	1.4713561788392342
147.26578767554648	1.4700918441520858
151.04535261642053	1.4688355936571373
154.92191979635905	1.4675880719761658
158.8979787702539	1.4663498398098775
162.97608298722895	1.4651213788481543
167.15885143047697	1.4639030964736197
171.4489702991932	1.4626953302657686
175.8491947336645	1.461498352312724
180.3623505846392	1.4603123733374528
184.99133622810058	1.4591375466450895
189.73912442662916	1.4579739718978149
194.6087642385235	1.4568216987235414
199.60338297592682	1.4556807301644679
204.72618821320003	1.4545510259713907
209.98046984685377	1.4534325057494546
215.36960220833421	1.4523250519608844
220.8970462310424	1.4512285127900235
226.56635167295988	1.4501427048758782
232.3811593963345	1.449067415917169
238.34520370585776	1.4480024071547428
244.46231474686107	1.446947415736051
250.73642096505174	1.4459021569662227
257.1715516293943	1.4448663264501407
263.7718394197251	1.443839602129757
270.54152308078767	1.442821646220759
277.4849501443724	1.4418121070525611
284.6065797213397	1.4408106208154459
291.91098536527977	1.4398168132185682
299.40285800968087	1.4388303010623995
307.08700898046646	1.4378506937290647
314.96837308587055	1.4368775945939096
323.0520117855929	1.4359106023615158
331.34311644130383	1.4349493123292758
339.8470116505581	1.4339933175815216
348.5691586662983	1.433042210117096
357.5151589040948	1.4320955819131593
366.6907575394139	1.4311530580929557
376.10184719719354	1.4302144269791217
385.7544717361388	1.4292795284734905
395.6548301301134	1.428348203908975
405.8092804491644	1.427420296955231
416.2243439427013	1.4264956544866687
426.90670922749933	1.425574127396899
437.86323658316076	1.4246555713619788
449.1009623578193	1.4237398475547178
460.62710348694304	1.4228268233122328
472.4490621280824	1.4219163727588602
484.5744304145865	1.4210083773864375
497.0109953313039	1.4201027265939083
509.76674371545147	1.4191993181881115
522.8498673857961	1.418298058847564
536.2687684034976	1.4173988645509537
550.0320644679476	1.416501660972016
564.1485944511314	1.415606383842376
578.6274240739897	1.4147129792839002
593.4778517284873	1.4138214041120274
608.7094144490801	1.4129316261114881
624.3318940374813	1.4120436242857761
640.355323344577	1.4111573890816682
656.7899927135924	1.4102729225900514
673.646456588594	1.409390238724245
690.9355402926451	1.4085093633769799
708.6683469798758	1.4076303345571288
726.8562647660041	1.406753202507251
745.5109740418345	1.4058780298029654
764.6444549745036	1.4050048914351176
784.2689952011976	1.404133874875677
804.3971977203572	1.4032650801282585
825.0419889853765	1.4023986197641152
846.2166272060842	1.4015346189444235
867.9347108632224	1.4006732154296426
890.2101874414868	1.3998145595767002
913.0573623866591	1.3989588143247131
936.4909082926889	1.398106155169936
960.5258743244976	1.3972567701305871
985.1776958826562	1.3964108597021827
1010.462204516065	1.3955686368039706
1036.3956380891111	1.3947303267170421
1062.9946512096972	1.3938961670146628
1090.2763259249436	1.3930664074853463
1118.2581826913536	1.392241310049166
1146.958191626602	1.3914211486677786
1176.3947840500302	1.3906062092486136
1206.5868643193269	1.3897967894430427
1237.5538219710697	1.3889930669236998
1269.3155441727693	1.388194840878219
1301.8924284945479	1.387401851569761
1335.305396008543	1.386613852379989
1369.5759047246038	1.38583060957735
1404.725963370717	1.385051902087634
1440.778145527164	1.3842775212668645
1477.7556041233715	1.3835072706765916
1515.6820863069229	1.38274096586163
1554.5819486940784	1.3819784341303052
1594.4801730117654	1.3812195143372425
1635.4023821409467	1.3804640566687396
1677.374856571859	1.3797119224307615
1720.4245512814575	1.3789629838395863
1764.5791130440878	1.3782171238151293
1809.8668981863639	1.3774742357769683
1856.3169907978438	1.3767342234430875
1903.9592214089619	1.3759970006313638
1952.8241861483996	1.3752624910637958
2002.9432663920509	1.3745306281734964
2054.3486489164134	1.3738013549144488
2107.0733465690746	1.373074623574036
2161.151219469795	1.372350395588337
2216.6169967556157	1.3716286413601952
2273.506298884218	1.3709093400800583
2331.855660509528	1.3701924795495695
2391.7025539445326	1.3694780560079236
2453.0854132261534	1.3687660739609604
2516.0436587979184	1.3680565460129939
2580.617722825944	1.367349492701362
2646.8490751647514	1.3666449423336804
2714.7802499893837	1.3659429308277882
2784.454873111221	1.3652435015543634
2855.917689994667	1.364546705182193
2929.214594492997	1.3638525995260784
3004.392658321582	1.363161249397351
3081.5001612877572	1.36247272645698
3160.5866222963446	1.3617871090712463
3241.702831150921	1.361104482169964
3324.9008811714766	1.3604249371072146
3410.2342026489678	1.359748571524583
3497.7575971586202	1.3590754892168526
3587.5272727537345	1.3584058000001513
3679.6008800629847	1.3577396195824998
3774.0375493139013	1.3570770694367578
3870.897928306717	1.356418276675918
3970.244221362638	1.3557633739307366
4072.140229271998	1.3551124979246556
4176.651390267408	1.3544656686233882
4283.844822048636	1.3538226914867593
4393.789364885884	1.3531833543396459
4506.555625829605	1.3525474502667907
4622.216024054655	1.3519147774834335
4740.844837368394	1.3512851392090968
4862.518249912207	1.350658343544437
4987.314401087615	1.3500342033510981
5115.313435737749	1.349412536134491
5246.597555616915	1.348793163929431
5381.251072180914	1.3481759131885604
5519.360460732586	1.3475606146734964
5661.014415956629	1.3469471033486318
5806.3039088799405	1.3463352182775266
5955.322245293594	1.3457248025218345
6108.16512567463	1.3451157030426928
6264.930706645317	1.3445077706045234
6425.719664010012	1.343900859681186
6590.635257409598	1.3432948283644257
6759.783396635711	1.3426895382745578
6933.272709646476	1.3420848544733393
7111.2146123281245	1.341480645378974
7293.723380046765	1.340876782683195
7480.916221036999	1.340273141270382
7672.91335167357	1.339669599138656
7869.838073675143	1.3390660373229102
8071.8168532892005	1.3384623398197268
8278.979402509758	1.3378583935141346
8491.45876237903	1.337254088108162
8709.39138842701	1.336649316051146
8932.917238304399	1.3360439724717472
9162.179861664008	1.3354379551116362
9397.32649234935	1.3348311642608082
9638.508142948825	1.3342235026944866
9885.879701777334	1.3336148756115749
10139.600032346209	1.3330051905746216
10399.83207538647	1.332394357451263
10666.742953490058	1.3317822883571027
10940.504078437407	1.331168897599999
11221.291261278828	1.3305541016257187
11509.2848252416	1.3299378189649311
11804.669721534303	1.3293199701815082
12107.635648124082	1.3287004778220919
12418.377171561522	1.3280792663669074
12737.093851932614	1.3274562621817894
13063.990371017115	1.3268313934713842
13399.276663736933	1.3262045902335116
13743.168052977282	1.3256132427388754
14095.885387868486	1.325067254505761
14457.655185616275	1.3245225879017257
14828.709776973064	1.3239792370834451
15209.287455441787	1.323437196245074
15599.632630309641	1.3228964596179305
15999.995983608746	1.322357021470187
16410.63463110635	1.3218188761065586
16831.81228742567	1.3212820178680007
17263.79943540526	1.320746441131406
17706.87349980423	1.3202121403093057
18161.319025466848	1.3196791098495735
18627.427860058448	1.319147344235133
19105.499341492072	1.3186168379836685
19595.840490164483	1.3180875856473377
20098.76620612738	1.317559581812488
20614.599471317564	1.3170328210993747
21143.671556978163	1.3165072981618844
21686.322236402448	1.3159830076872592
22242.900003139173	1.315459944395823
22813.762294796823	1.3149381030407128
23399.275722591716	1.3144174784076121
23999.816306788874	1.3138980653144856
24615.769718183914	1.3133798586113177
25247.531525783477	1.312862853179853
25895.507450841335	1.3123470439333416
26560.113627416085	1.311832425816283
27241.77686961428	1.3113189938041754
27940.93494569338	1.3108067429032673
28658.036859198375	1.3102956681503106
29393.543137315795	1.309785764612317
30147.92612662624	1.3092770273863155
30921.670296448636	1.3087694515991142
31715.272549968493	1.308263032407063
32529.242543353426	1.307757764995819
33364.103013056585	1.3072536445801144
34220.39011152159	1.3067506664035264
35098.653751501966	1.30624882573825
35999.45795921983	1.305748117884872
36923.38123658596	1.3052485381721475
37871.01693271785	1.3047500819567792
38842.97362499088	1.3042527446231988
39839.875509872094	1.3037565215833495
40862.36280378184	1.303261408276471
41911.09215424519	1.3027674001688878
42986.737061593776	1.302274492753798
44089.98831149358	1.3017826815510636
45221.5544185704	1.3012919621070067
46382.162081422946	1.300802329994202
47572.55664931174	1.3003137808112752
48793.50260082881	1.299826310182703
50045.78403484927	1.2993399137586126
51330.205174084986	1.2988545872145867
52647.590881559816	1.2983703262514668
53998.78719034381	1.2978871265951608
55384.661846879346	1.2974049839964512
56806.10486825388	1.2969238942308057
58264.029113772696	1.29644385309819
59759.370871205094	1.2959648564228803
61293.09045807287	1.2954869000532798
62866.172838370716	1.2950099798617372
64479.62825511869	1.2945340917443635
66134.49287914457	1.2940592316208548
67831.82947452003	1.293585395434314
69572.72808107223	1.2931125791510747
71358.30671441676	1.2926407787605279
73189.71208395225	1.292169990274948
75068.12032928501	1.2917002097293229
76994.73777555091	1.2912314331811845
78970.80170812785	1.2907636567104404
80997.58116722576	1.2902968764192073
83076.37776287306	1.289831088431647
85208.52651081618	1.289366288893803
87395.39668987817	1.2889024739734374
89638.39272131553	1.2884396398598728
91938.95507074734	1.2879777827638312
94298.56117322834	1.2875168989172787
96718.72638207054	1.2870569845732673
99201.00494200968	1.2865980360057823
101746.99098735204	1.286140049509588
104358.3195657342	1.2856830214000763
107036.66768816482	1.2852269480131162
109783.75540600842	1.284771825704905
112601.3469156143	1.2843176508518195
115491.25169129083	1.283864419850272
118455.3256473657	1.2834121291165619
121495.47233006202	1.2829607750867353
124613.644139969	1.2825103542164398
127811.8435858818	1.282060862980785
131092.12457083017	1.2816122978742017
134456.59371110375	1.2811646554103038
137907.41168913586	1.2807179321217497
141446.7946411027	1.2802721245601072
145077.01558014526	1.279827229295718
148800.40585610853	1.279383242917564
152619.35665275008	1.2789401620331335
156536.32052336878	1.278497983268292
160553.8129658556	1.2780567032671488
164674.41403815855	1.2776163186919307
168900.77001520788	1.277176826222852
173235.59508837678	1.2767382225579884
177681.67310854697	1.2763005044131503
182241.85937391687	1.2758636685217588
186919.08246368633	1.275427711634722
191716.34611881568	1.2749926305203119
196636.73117104094	1.274558421964043
201683.39752140568	1.2741250827685522
206859.58616956265	1.2736926097534786
212168.62129517173	1.273260999755346
217613.912392703	1.2728302496274444
223198.95646103736	1.2724003562397144
228927.34024925408	1.2719713164786317
234802.74256007234	1.2715431272470927
240828.93661239414	1.2711157854643005
247009.7924644919	1.2706892880656528
253349.27949937584	1.2702636320026308
259851.4689739667	1.2698388142426882
266520.53663367423	1.269414831769141
273360.7653940901	1.2689916815810602
280376.5480914943	1.2685693606931634
287572.3903039728	1.268147866135707
294952.9132449194	1.267727194954382
302522.85673081066	1.2673073442102065
310287.0822251369	1.266888310979425
318250.5759604753	1.2664700923534014
326418.4521406709	1.2660526854385188
334795.95622521336	1.2656360873560781
343388.4682978933	1.2652202952421954
352201.506521939	1.2648053062477036
361240.73068380455	1.2643911175380538
370511.9458279241	1.2639777262932146
380021.1059847362	1.2635651297075778
389774.31799441314	1.2631533249898599
399777.8454287011	1.262742309363006
410038.11261342873	1.2623320800640963
420561.70875423675	1.2619226343442504
431355.39216822287	1.2615139694685353
442426.0946241654	1.2611060827158709
453780.9257941378	1.2606989713789396
465427.17781940155	1.2602926327640946
477372.329993451	1.2598870641912692
489624.0535652674	1.259482262993887
502190.21666582767	1.2590782265187745
515078.88936108624	1.2586749521260703
528298.3488346066	1.2582724371891396
541857.0847032261	1.2578706790944865
555763.8044691234	1.2574696752416683
570027.4391118522	1.25706942304321
584657.1488238554	1.2566699199245193
599662.328893204	1.2562711633238024
615052.6157372904	1.2558731506919822
630837.8930914201	1.2554758794926133
647028.2983561889	1.2550793472018016
663634.2291077921	1.2546835513081223
680666.3497753921	1.2542884893125394
698135.598489907	1.2538941587283263
716053.1941085258	1.2535005570809843
734430.6434195366	1.2531076819081661
753279.7485320352	1.2527155307595972
772612.6144553404	1.2523241011969968
792441.6568728855	1.2519333907940022
812779.610115655	1.2515433971360932
833639.5353402266	1.2511541178205141
855034.8289167588	1.2507655504562012
876979.2310321981	1.2503776926637058
899486.8345143227	1.2499905420751225
922572.0938822163	1.2496040963340145
946249.8346290849	1.2492183530953407
970535.2627432537	1.2488333100253846
995443.9744735578	1.2484489648016817
1.0209919663453199e6	1.2480653151129488
1.0471956454334568e6	1.2476823586590136
1.0740718398991749e6	1.247300093150744
1.1016378097971315e6	1.2469185163099799
1.129911258159916e6	1.246537625869463
1.1589103423670891e6	1.2461574195727696
1.1886536858059422e6	1.2457778951742418
1.2191603898315206e6	1.2453990504389212
1.2504500460336811e6	1.245020883142481
1.2825427488188962e6	1.2446433910711603
1.3154591083150196e6	1.244266572021699
1.3492202636072007e6	1.2438904238012711
1.3838478963135846e6	1.2435149442274216
1.4193642445093452e6	1.2431401311280006
1.4557921170081282e6	1.2427659823411004
1.4931549080099708e6	1.242392495714993
1.531476612125257e6	1.2420196691080654
1.5707818397841637e6	1.2416475003887593
1.611095833041646e6	1.2412759874355075
1.6524444817879961e6	1.2409051281366743
1.6948543403755517e6	1.2405349203904927
1.7383526446720185e6	1.2401653621050057
1.7829673295515336e6	1.2397964511980053
1.8287270468345576e6	1.2394281855969729
1.8756611836883256e6	1.2390605632390213
1.9237998814994115e6	1.2386935820708345
1.9731740552307363e6	1.2383272400486107
2.0238154132752873e6	1.2379615351380044
2.0757564778195256e6	1.2375964653140683
2.129030605729272e6	1.2372320285611977
2.1836720099717206e6	1.2368682228730727
2.239715781587151e6	1.2365050462526028
2.297197912224695e6	1.2361424967118717
2.356155317256338e6	1.235780572272081
2.4166258594842167e6	1.2354192709634964
2.4786483734562807e6	1.2350585908253928
2.542262690406169e6	1.234698529906001
2.607509663833005e6	1.2343390862624521
2.6744311957377978e6	1.233980257960727
2.7430702635330805e6	1.2336220430756026
2.813470947643381e6	1.233264439690598
2.8856784598138626e6	1.2329074458979243
2.959739172145617e6	1.2325510597984324
3.035700646876028e6	1.232195279501561
3.113611666923647e6	1.231840103125287
3.1935222672168044e6	1.2314855287960738
3.2754837668263805e6	1.231131554648822
3.3595488019231316e6	1.230778178826819
3.4457713595810966e6	1.2304253994816905
3.534206812448356e6	1.2300732147733497
3.624911954307603e6	1.2297216228699508
3.717945036549605e6	1.2293706219478393
3.813365805582499e6	1.2290202101915035
3.91123554120135e6	1.2286703857935288
4.011617095942292e6	1.2283211469545485
4.1145749354469785e6	1.2279724918831976
4.22017517986269e6	1.2276244187960668
4.328485646305157e6	1.2272769259176541
4.439575892410998e6	1.226930011480322
4.553517261008231e6	1.2265836737242493
4.670382925932961e6	1.2262379108973869
4.790247939022107e6	1.2258927212554123
4.913189278312029e6	1.2255481030616855
5.039285897474475e6	1.2252040545872045
5.168618776520983e6	1.2248605741105614
5.301270973808797e6	1.2245176599178977
5.437327679381304e6	1.2241753103028628
5.576876269677815e6	1.2238335235665692
5.720006363647092e6	1.2234922980175504
5.866809880301266e6	1.2231516319717186
6.017381097746603e6	1.222811523752322
6.171816713729739e6	1.2224719716899037
6.33021590773738e6	1.2221329741222597
6.492680404690056e6	1.2217945293943966
6.659314540270306e6	1.2214566358584928
6.830225327927952e6	1.221119291873856
7.005522527604599e6	1.2207824958068834
7.185318716222238e6	1.2204462460310215
7.369729359980614e6	1.220110540926726
7.55887288851063e6	1.2197753788814236
7.752870770930362e6	1.21944075828947
7.951847593853375e6	1.2191066775521133
8.155931141398777e6	1.2187731350774549
8.365252477255275e6	1.218440129280409
8.57994602885086e6	1.2181076585826673
8.800149673683036e6	1.217775721412659
9.026004827864306e6	1.2174443162055137
9.257656536940867e6	1.2171134414030245
9.495253569041522e6	1.2167830954536092
9.738948510417288e6	1.216453276812276
9.988897863433598e6	1.2161239839405842
1.0245262147076808e7	1.2157952153066094
1.0508206000040596e7	1.2154669693849067
1.0777898286457635e7	1.2151392446564755
1.10545122043456e7	1.214812039608722
1.1338225396835689e7	1.214485352735427
1.1629220066256275e7	1.2141591825367066
1.192768309114401e7	1.2138335275189813
1.2233806146258846e7	1.2135083861949385
1.2547785825678399e7	1.2131837570834991
1.2869823769052029e7	1.2128596387097834
1.3200126791094666e7	1.2125360296050767
1.3538907014405038e7	1.2122129283067955
1.3886382005691703e7	1.211890333358454
1.4242774915495908e7	1.2115682433096318
1.4608314621499816e7	1.2112466567159392
1.4983235875513732e7	1.210925572138985
1.5367779454234732e7	1.2106049881463445
1.5762192313875142e7	1.210284903311526
1.6166727748758858e7	1.2099653162139394
1.6581645553989146e7	1.2096462254388636
1.7007212192290198e7	1.2093276295774151
1.7443700965131354e7	1.2090095272265167
1.789139218824244e7	1.2086919169888657
1.8350573371634964e7	1.2083747974729024
1.882153940424231e7	1.2080581672927801
1.930459274329946e7	1.2077420250683342
1.9800043608582273e7	1.2074263694250507
2.030821018163338e7	1.2071111989940368
2.0829418810099676e7	1.2067965124119908
2.136400421731512e7	1.2064823083211715
2.191230971726142e7	1.2061685853693693
2.2474687435047284e7	1.2058553422098761
2.3051498533044677e7	1.2055425775014559
2.364311344282981e7	1.2052302899083165
2.424991210307587e7	1.204918478100079
2.4872284203552913e7	1.2046071407517511
2.5510629435388543e7	1.2042962765436964
2.6165357747751396e7	1.2039858841616082
2.683688961112404e7	1.203675962296479
2.7525656287330978e7	1.203366509644574
2.8232100106497943e7	1.2030575249074034
2.895667475111823e7	1.2027490067916935
2.9699845547411475e7	1.2024409540093608
3.046208976415822e7	1.2021333652774835
3.1243896919205185e7	1.2018262393182744
3.2045769093835775e7	1.201519574859055
3.2868221255210955e7	1.201213370632228
3.3711781587083474e7	1.2009076253752506
3.4576991829001054e7	1.2006023378306085
3.546440762421391e7	1.2002975067457897
3.6374598876513615e7	1.1999931308732572
3.730815011622777e7	1.1996892089704254
3.826566087560949e7	1.1993857397996321
3.924774607385954e7	1.1990827221281144
4.025503641203274e7	1.1987801547279828
4.128817877807698e7	1.198478036376195
4.234783666226913e7	1.1981763658545332
4.343469058331127e7	1.1978751419495768
4.4549438525365755e7	1.1975743634526783
4.5692796386303656e7	1.19727402915994
4.686549843745933e7	1.1969741378721872
4.8068297795182586e7	1.1966746883949464
4.930196690449657e7	1.1963756795384193
5.0567298035165265e7	1.1960771101174592
5.186510379049465e7	1.1957789789515483
5.319621762919e7	1.1954812848647725
5.456149440061028e7	1.1951840266857985
5.596181089375614e7	1.194887203247851
5.739806640034984e7	1.1945908133886882
5.8871183292364284e7	1.19429485595058
6.038210761437824e7	1.193999329780284
6.193180969113031e7	1.1937042337290236
6.3521284750668176e7	1.1934095666524644
6.51515535634883e7	1.1931153274106927
6.68236630980836e7	1.1928215148681922
6.85386871933116e7	1.1925281278938222
7.029772724801886e7	1.192235165360796
7.21019129283687e7	1.191942626146658
7.395240289331791e7	1.191650509133262
7.585038553871538e7	1.1913588132067505
7.77970797604951e7	1.1910675372575321
7.979373573746164e7	1.1907766801802602
8.18416357341604e7	1.1904862408738128
8.39420949243568e7	1.1901962182412693
8.609646223564653e7	1.189906611189892
8.830612121574837e7	1.189617418631103
9.057249092102475e7	1.1893286394804645
9.289702682780944e7	1.1890402726576583
9.528122176712067e7	1.1887523170864651
9.772660688337027e7	1.1884647716947434
1.0023475261767101e8	1.1881776354144102
1.0280726971638502e8	1.187890907181421
1.0544581026555185e8	1.1876045859357485
1.0815206875187236e8	1.1873186706213643
1.1092778315091558e8	1.1870331601862179
1.1377473604325868e8	1.1867480535822175
1.1669475575926757e8	1.1864633497652113
1.1968971755326678e8	1.1861790476949663
1.2276154480783577e8	1.1858951463351504
1.2591221026901865e8	1.1856116446533134
1.2914373731322995e8	1.1853285416208668
1.3245820124668461e8	1.1850458362130651
1.3585773063816863e8	1.184763527408989