# Internal run number: twoLoop 1946
# All dimensionful quantities in GeV
# Rescaling factor from internal to physical units: 1.35858
# Quantity: gluon dressing function Z
# Syntax: p^2 [GeV^2], Z
# Cutoff in GeV^2, renormalization constant Z3:           6
1.35858 10, 1.22627
# Renormalization point 1: 13585.8
# Renormalization value Z at point 1: 0.903593
# Renormalization point 2: 0.00000135858
# Renormalization value D at point 2: 7.98123
# Lowest/highest points (extrapolated beyond that): 0.00000135858/13585.8
# alpha(mu)=0.05
#
1.3585773063816822e-14	1.2e-13
1.3993346255731326e-14	1.231e-13
1.4265061717007662e-14	1.262e-13
1.467263490892217e-14	1.295e-13
1.5080208100836673e-14	1.328e-13
1.5487781292751177e-14	1.362e-13
1.5759496754027515e-14	1.397e-13
1.616706994594202e-14	1.433e-13
1.6574643137856522e-14	1.47e-13
1.7118074060409195e-14	1.507e-13
1.7525647252323702e-14	1.546e-13
1.7933220444238206e-14	1.586e-13
1.8476651366790878e-14	1.626e-13
1.8884224558705382e-14	1.668e-13
1.9427655481258055e-14	1.711e-13
1.983522867317256e-14	1.755e-13
2.037865959572523e-14	1.8e-13
2.0922090518277904e-14	1.846e-13
2.1465521440830577e-14	1.894e-13
2.200895236338325e-14	1.942e-13
2.2552383285935925e-14	1.992e-13
2.3095814208488598e-14	2.043e-13
2.377510286167944e-14	2.096e-13
2.4318533784232112e-14	2.149e-13
2.499782243742295e-14	2.205e-13
2.5541253359975623e-14	2.261e-13
2.6220542013166465e-14	2.319e-13
2.689983066635731e-14	2.379e-13
2.757911931954815e-14	2.44e-13
2.839426570337716e-14	2.502e-13
2.9073554356567994e-14	2.567e-13
2.975284300975884e-14	2.632e-13
3.0567989393587847e-14	2.7e-13
3.138313577741686e-14	2.769e-13
3.219828216124587e-14	2.84e-13
3.3013428545074875e-14	2.913e-13
3.382857492890388e-14	2.988e-13
3.464372131273289e-14	3.065e-13
3.5594725427200073e-14	3.143e-13
3.654572954166725e-14	3.224e-13
3.7496733656134426e-14	3.307e-13
3.84477377706016e-14	3.392e-13
3.9398741885068785e-14	3.479e-13
4.034974599953596e-14	3.568e-13
4.143660784464131e-14	3.66e-13
4.252346968974666e-14	3.753e-13
4.361033153485199e-14	3.85e-13
4.469719337995734e-14	3.949e-13
4.578405522506269e-14	4.05e-13
4.7006774800806203e-14	4.154e-13
4.822949437654972e-14	4.26e-13
4.945221395229323e-14	4.37e-13
5.0674933528036746e-14	4.482e-13
5.2033510834418423e-14	4.597e-13
5.339208814080011e-14	4.715e-13
5.4750665447181796e-14	4.836e-13
5.6109242753563473e-14	4.96e-13
5.760367779058333e-14	5.087e-13
5.909811282760317e-14	5.218e-13
6.059254786462303e-14	5.352e-13
6.208698290164288e-14	5.489e-13
6.371727566930089e-14	5.63e-13
6.53475684369589e-14	5.775e-13
6.71137189352551e-14	5.923e-13
6.874401170291312e-14	6.075e-13
7.05101622012093e-14	6.231e-13
7.241217043014365e-14	6.391e-13
7.417832092843985e-14	6.555e-13
7.60803291573742e-14	6.723e-13
7.811819511694671e-14	6.895e-13
8.002020334588107e-14	7.072e-13
8.20580693054536e-14	7.254e-13
8.423179299566429e-14	7.44e-13
8.640551668587498e-14	7.631e-13
8.857924037608569e-14	7.827e-13
9.088882179693453e-14	8.028e-13
9.31984032177834e-14	8.234e-13
9.564384236927042e-14	8.445e-13
9.808928152075745e-14	8.662e-13
1.0053472067224448e-13	8.884e-13
1.0311601755436968e-13	9.112e-13
1.0583317216713304e-13	9.346e-13
1.0855032677989641e-13	9.586e-13
1.1126748139265976e-13	9.832e-13
1.141204937360613e-13	1.0084e-12
1.1710936381010102e-13	1.0343e-12
1.200982338841407e-13	1.0609e-12
1.2322296168881857e-13	1.0881e-12
1.2634768949349643e-13	1.116e-12
1.2960827502881249e-13	1.1446e-12
1.3286886056412852e-13	1.174e-12
1.3626530383008271e-13	1.2042e-12
1.3979760482667508e-13	1.2351e-12
1.4346576355390564e-13	1.2668e-12
1.4713392228113618e-13	1.2993e-12
1.5093793873900489e-13	1.3326e-12
1.547419551968736e-13	1.3668e-12
1.5868182938538047e-13	1.4019e-12
1.6275756130452554e-13	1.4379e-12
1.6696915095430875e-13	1.4748e-12
1.713165983347301e-13	1.5126e-12
1.7566404571515149e-13	1.5514e-12
1.8014735082621106e-13	1.5913e-12
1.8476651366790878e-13	1.6321e-12
1.8952153424024467e-13	1.674e-12
1.944124125432187e-13	1.717e-12
1.9943914857683093e-13	1.761e-12
2.0446588461044316e-13	1.8062e-12
2.0976433610533172e-13	1.8526e-12
2.1506278760022029e-13	1.9001e-12
2.206329545563852e-13	1.9489e-12
2.2633897924318823e-13	1.9989e-12
2.321808616606295e-13	2.0502e-12
2.380227440780707e-13	2.1028e-12
2.441363419567883e-13	2.1568e-12
2.5038579756614404e-13	2.2121e-12
2.569069686367761e-13	2.2689e-12
2.634281397074082e-13	2.3272e-12
2.7022102623931656e-13	2.3869e-12
2.771497705018631e-13	2.4481e-12
2.842143724950479e-13	2.511e-12
2.91550689949509e-13	2.5754e-12
2.9902286513460823e-13	2.6415e-12
3.0676675578098386e-13	2.7093e-12
3.1464650415799756e-13	2.7788e-12
3.226621102656495e-13	2.8502e-12
3.309494318345778e-13	2.9233e-12
3.395084688647823e-13	2.9983e-12
3.482033636256251e-13	3.0753e-12
3.571699738477443e-13	3.1542e-12
3.662724418005015e-13	3.2352e-12
3.756466252145351e-13	3.3182e-12
3.852925240898451e-13	3.4034e-12
3.9521013842643135e-13	3.4907e-12
4.0539946822429397e-13	3.5803e-12
4.1572465575279476e-13	3.6722e-12
4.2645741647321006e-13	3.7664e-12
4.3732603492426353e-13	3.8631e-12
4.4860222656723145e-13	3.9622e-12
4.601501336714758e-13	4.0639e-12
4.719697562369964e-13	4.1682e-12
4.840610942637933e-13	4.2752e-12
4.964241477518667e-13	4.3849e-12
5.091947744318545e-13	4.4975e-12
5.222371165731187e-13	4.6129e-12
5.356870319062973e-13	4.7313e-12
5.494086627007523e-13	4.8527e-12
5.635378666871217e-13	4.9773e-12
5.779387861347675e-13	5.105e-12
5.927472787743279e-13	5.236e-12
6.079633446058028e-13	5.3704e-12
6.23586983629192e-13	5.5082e-12
6.39618195844496e-13	5.6496e-12
6.560569812517143e-13	5.7946e-12
6.729033398508472e-13	5.9433e-12
6.901572716418945e-13	6.0958e-12
7.078187766248564e-13	6.2523e-12
7.26023712530371e-13	6.4128e-12
7.446362216277999e-13	6.5773e-12
7.637921616477817e-13	6.7462e-12
7.833556748596779e-13	6.9193e-12
8.034626189941268e-13	7.0969e-12
8.241129940511284e-13	7.279e-12
8.453068000306827e-13	7.4658e-12
8.669081792021514e-13	7.6574e-12
8.89188847026811e-13	7.854e-12
9.120129457740233e-13	8.0555e-12
9.353804754437883e-13	8.2623e-12
9.594272937667439e-13	8.4743e-12
9.840175430122523e-13	8.6918e-12
1.0092870809109516e-12	8.9149e-12
1.0352359074628419e-12	9.1437e-12
1.0617281649372846e-12	9.3784e-12
1.0890355687955566e-12	9.6191e-12
1.117022261307019e-12	9.8659e-12
1.1456882424716725e-12	1.01192e-11
1.175033512289517e-12	1.03789e-11
1.2051939284911904e-12	1.06452e-11
1.2361694910766925e-12	1.09184e-11
1.2678243423153857e-12	1.11987e-11
1.3004301976685463e-12	1.14861e-11
1.3337153416748973e-12	1.17809e-11
1.3679514897957159e-12	1.20832e-11
1.4031386420310014e-12	1.23933e-11
1.4391409406501158e-12	1.27114e-11
1.4760942433836978e-12	1.30376e-11
1.5139985502317467e-12	1.33723e-11
1.5528538611942629e-12	1.37155e-11
1.592660176271246e-12	1.40675e-11
1.6335533531933348e-12	1.44285e-11
1.6753975342298906e-12	1.47988e-11
1.7184644348421898e-12	1.51786e-11
1.7624823395689561e-12	1.55682e-11
1.8077229638714663e-12	1.59677e-11
1.85418630774972e-12	1.63775e-11
1.9017365134730786e-12	1.67979e-11
1.950509438772181e-12	1.7229e-11
2.000640941377665e-12	1.76712e-11
2.0519951635588927e-12	1.81247e-11
2.1047079630465017e-12	1.85899e-11
2.158643482109855e-12	1.9067e-11
2.2140734362102276e-12	1.95563e-11
2.270861967616982e-12	2.00582e-11
2.329144934060756e-12	2.0573e-11
2.38892233554155e-12	2.1101e-11
2.4501941720593637e-12	2.16426e-11
2.513096301344836e-12	2.2198e-11
2.5776287233979655e-12	2.27678e-11
2.6437914382187533e-12	2.33521e-11
2.7117203035378376e-12	2.39514e-11
2.7812794616245797e-12	2.45661e-11
2.8526047702096183e-12	2.51966e-11
2.9258320870235907e-12	2.58433e-11
3.0009614120664978e-12	2.65066e-11
3.077992745338339e-12	2.71868e-11
3.1569260868391147e-12	2.78846e-11
3.2380331520301014e-12	2.86003e-11
3.321042225450022e-12	2.93343e-11
3.406360880290792e-12	3.00871e-11
3.493717401091134e-12	3.08593e-11
3.583383503312325e-12	3.16513e-11
3.675359186954365e-12	3.24637e-11
3.769644452017253e-12	3.32968e-11
3.866375156231629e-12	3.41514e-11
3.9656871573281306e-12	3.50279e-11
4.0674445975761186e-12	3.59269e-11
4.1717833347062315e-12	3.68489e-11
4.278975084179746e-12	3.77947e-11
4.388748130535386e-12	3.87647e-11
4.5013741892344275e-12	3.97595e-11
4.6168532602768704e-12	4.078e-11
4.735321201393353e-12	4.18266e-11
4.856913870314514e-12	4.29001e-11
4.981631267040352e-12	4.40011e-11
5.109473391570869e-12	4.51304e-11
5.240576101636701e-12	4.62886e-11
5.375075254968488e-12	4.74766e-11
5.512970851566228e-12	4.86951e-11
5.654534606891199e-12	4.99449e-11
5.799630663212763e-12	5.12267e-11
5.948530735992196e-12	5.25414e-11
6.1010989674988586e-12	5.38899e-11
6.257742930924666e-12	5.5273e-11
6.418326768538981e-12	5.66916e-11
6.582986338072441e-12	5.81465e-11
6.751993354986322e-12	5.96389e-11
6.9253478192806246e-12	6.11695e-11
7.103049730955349e-12	6.27394e-11
7.28537080547177e-12	6.43496e-11
7.47231104282989e-12	6.60011e-11
7.664142158490984e-12	6.76951e-11
7.860728294724413e-12	6.94324e-11
8.062477024722093e-12	7.12144e-11
8.269388348484024e-12	7.30421e-11
8.481733981471481e-12	7.49168e-11
8.699378065953825e-12	7.68395e-11
8.922592317392335e-12	7.88116e-11
9.151648451248289e-12	8.08343e-11
9.38654646752168e-12	8.29089e-11
9.627422223943153e-12	8.50367e-11
9.87454743597398e-12	8.72192e-11
1.0127922103614163e-11	8.94576e-11
1.038781794232498e-11	9.17536e-11
1.0654506667567704e-11	9.41084e-11
1.0927852421611698e-11	9.65237e-11
1.1208398635379517e-11	9.9001e-11
1.1496009451140517e-11	1.015418e-10
1.1791092442086621e-11	1.041479e-10
1.209364760821782e-11	1.068208e-10
1.2404082522726033e-11	1.095624e-10
1.2722397185611263e-11	1.123743e-10
1.304899917006542e-11	1.152584e-10
1.3383888476088505e-11	1.182165e-10
1.3727336819141794e-11	1.212505e-10
1.4079615914686562e-11	1.243624e-10
1.4440997478184092e-11	1.275541e-10
1.4811617367365015e-11	1.308278e-10
1.5191747297690607e-11	1.341855e-10
1.558165898462215e-11	1.376293e-10
1.5981624143620917e-11	1.411616e-10
1.6391778632417548e-11	1.447845e-10
1.6812394166473317e-11	1.485004e-10
1.724387831898014e-11	1.523116e-10
1.7686502805399292e-11	1.562207e-10
1.814040348346141e-11	1.602301e-10
1.8605987926358412e-11	1.643424e-10
1.9083527849551577e-11	1.685602e-10
1.957329496850217e-11	1.728863e-10
2.007556099867148e-11	1.773234e-10
2.059086937098205e-11	1.818744e-10
2.1119355943164524e-11	1.865422e-10
2.166129243068018e-11	1.913298e-10
2.22173581221822e-11	1.962402e-10
2.2787553017670593e-11	2.012767e-10
2.337228469033727e-11	2.064425e-10
2.397223242883542e-11	2.117408e-10
2.4587396233165046e-11	2.171751e-10
2.5218455391979338e-11	2.227489e-10
2.586568162073957e-11	2.284657e-10
2.6529482492637662e-11	2.343293e-10
2.721040143859616e-11	2.403433e-10
2.7908710174076343e-11	2.465117e-10
2.8625087987731403e-11	2.528384e-10
2.935967073729198e-11	2.593275e-10
3.01132735691419e-11	2.659831e-10
3.08860323410118e-11	2.728096e-10
3.1678762199285513e-11	2.798112e-10
3.2491734859424315e-11	2.869925e-10
3.3325629610081387e-11	2.943582e-10
3.4180989882179296e-11	3.019128e-10
3.505822324890995e-11	3.096614e-10
3.595800899892653e-11	3.176089e-10
3.688089056315161e-11	3.257603e-10
3.782741137250773e-11	3.341209e-10
3.879825071564808e-11	3.426961e-10
3.979395202349521e-11	3.514913e-10
4.0815330442432963e-11	3.605123e-10
4.186279354565324e-11	3.697648e-10
4.293729233727051e-11	3.792548e-10
4.4039234390476697e-11	3.889884e-10
4.5169434851655614e-11	3.989717e-10
4.6328708867191107e-11	4.092113e-10
4.751773572573636e-11	4.197137e-10
4.8737330573675185e-11	4.304856e-10
4.9988172699660806e-11	4.41534e-10
5.127107725007703e-11	4.528659e-10
5.2586995229038324e-11	4.644887e-10
5.3936605925197885e-11	4.764098e-10
5.532086034267018e-11	4.886368e-10
5.6740709485569674e-11	5.011776e-10
5.81969685002802e-11	5.140403e-10
5.969058839091623e-11	5.272331e-10
6.122252016159222e-11	5.407645e-10
6.279385067415327e-11	5.546432e-10
6.440539507498322e-11	5.68878e-10
6.605837608365781e-11	5.834782e-10
6.775374470429151e-11	5.984532e-10
6.949258779872942e-11	6.138124e-10
7.12761280865473e-11	6.295659e-10
7.310545242959023e-11	6.457236e-10
7.498164768970333e-11	6.622961e-10
7.6906072444193e-11	6.792939e-10
7.887994941263493e-11	6.967279e-10
8.090436545687428e-11	7.146093e-10
8.29806791542174e-11	7.329497e-10
8.511038493970134e-11	7.517608e-10
8.729484139063244e-11	7.710547e-10
8.953513536885582e-11	7.908438e-10
9.183316888260045e-11	8.111407e-10
9.419002879371139e-11	8.319586e-10
9.660734539495632e-11	8.533107e-10
9.908674897910288e-11	8.752109e-10
1.0162986983891874e-10	8.976731e-10
1.0423820240944094e-10	9.207118e-10
1.0691351284116777e-10	9.443418e-10
1.0965743142686684e-10	9.685783e-10
1.1247172431703649e-10	9.934368e-10
1.1535829351990565e-10	1.0189332e-9
1.183189051859726e-10	1.0450841e-9
1.2135559718119696e-10	1.0719061e-9
1.2447013565607695e-10	1.0994165e-9
1.2766469433430286e-10	1.1276329e-9
1.3094117522410355e-10	1.1565735e-9
1.3430175204916926e-10	1.1862569e-9
1.3774859853319025e-10	1.2167021e-9
1.412840242575873e-10	1.2479286e-9
1.4491006708832e-10	1.2799566e-9
1.4862917246453987e-10	1.3128066e-9
1.524436499676677e-10	1.3464997e-9
1.5635608089458568e-10	1.3810575e-9
1.6036904654217588e-10	1.4165022e-9
1.6448485649185922e-10	1.4528567e-9
1.68706363755979e-10	1.4901441e-9
1.730361496314174e-10	1.5283885e-9
1.7747706713051787e-10	1.5676145e-9
1.8203210512335438e-10	1.6078472e-9
1.8670384490680906e-10	1.6491125e-9
1.9149568292414788e-10	1.6914368e-9
1.9641033632998363e-10	1.7348474e-9
2.0145120156758223e-10	1.7793721e-9
2.0662140336474834e-10	1.8250396e-9
2.1192433816474795e-10	1.8718791e-9
2.1736340241084704e-10	1.9199207e-9
2.229419925463115e-10	1.9691953e-9
2.286637767298686e-10	2.0197346e-9
2.3453242312024557e-10	2.0715709e-9
2.405517357339002e-10	2.1247376e-9
2.467253827295599e-10	2.1792688e-9
2.5305757569687424e-10	2.2351996e-9
2.595523903677625e-10	2.2925658e-9
2.662137666164132e-10	2.3514044e-9
2.7304605189020664e-10	2.411753e-9
2.80053729494254e-10	2.4736504e-9
2.872412827336663e-10	2.5371365e-9
2.9461333077128525e-10	2.6022519e-9
3.021746286276831e-10	2.6690385e-9
3.099299313234323e-10	2.7375391e-9
3.178842655945664e-10	2.8077979e-9
3.2604265817711903e-10	2.8798598e-9
3.344105433803157e-10	2.9537711e-9
3.429932196556514e-10	3.0295795e-9
3.5179598545462086e-10	3.1073334e-9
3.608248185173723e-10	3.1870828e-9
3.7008542486859233e-10	3.2688791e-9
3.795836463906986e-10	3.3527746e-9
3.8932559668156974e-10	3.4388233e-9
3.993176610545457e-10	3.5270804e-9
4.0956608896523595e-10	3.6176027e-9
4.2007753744244167e-10	3.7104482e-9
4.308587993726948e-10	3.8056765e-9
4.4191680350025785e-10	3.9033489e-9
4.5325847856939335e-10	4.0035281e-9
4.648914326130172e-10	4.1062783e-9
4.768227302331223e-10	4.2116656e-9
4.890603870358167e-10	4.3197577e-9
5.016121469117464e-10	4.4306239e-9
5.144858896092885e-10	4.5443355e-9
5.276901741654734e-10	4.6609656e-9
5.412332879018699e-10	4.7805889e-9
5.551240615709694e-10	4.9032823e-9
5.693711900675328e-10	5.0291247e-9
5.839840475749742e-10	5.1581968e-9
5.989720082767076e-10	5.2905815e-9
6.143445822138776e-10	5.4263638e-9
6.301116870008207e-10	5.565631e-9
6.462833761096045e-10	5.7084725e-9
6.628702464432184e-10	5.85498e-9
6.798827590469219e-10	6.0052476e-9
6.973319183968962e-10	6.1593718e-9
7.15228864827054e-10	6.3174516e-9
7.335851462444995e-10	6.4795885e-9
7.524125822717981e-10	6.6458867e-9
7.717231283892461e-10	6.8164528e-9
7.915294193657927e-10	6.9913966e-9
8.118439541126567e-10	7.1708302e-9
8.3267991082971e-10	7.354869e-9
8.540504677168245e-10	7.5436312e-9
8.759696181202559e-10	7.7372379e-9
8.984513553862599e-10	7.9358135e-9
9.215100804342844e-10	8.1394855e-9
9.45160465899238e-10	8.3483848e-9
9.694179995624135e-10	8.5626454e-9
9.942980333473732e-10	8.782405e-9
1.0198165984663323e-9	9.0078048e-9
1.045990133704698e-9	9.2389894e-9
1.0728353495633385e-9	9.4761073e-9
1.1003696358317763e-9	9.7193109e-9
1.128610518157263e-9	9.9687562e-9
1.1575762014757041e-9	1.02246036e-8
1.1872852982961977e-9	1.04870172e-8
1.2177568287010323e-9	1.07561657e-8
1.249010492061151e-9	1.10322219e-8
1.2810662594629574e-9	1.1315363e-8
1.3139447812815086e-9	1.16057709e-8
1.3476669796073228e-9	1.19036321e-8
1.3822548633927634e-9	1.22091379e-8
1.417730305732463e-9	1.25224844e-8
1.4541162665828998e-9	1.2843873e-8
1.4914359776160128e-9	1.317351e-8
1.5297136215078554e-9	1.35116071e-8
1.5689735167922122e-9	1.38583815e-8
1.609241068864712e-9	1.42140557e-8
1.650542226551907e-9	1.45788584e-8
1.6929032103958103e-9	1.49530236e-8
1.736351463658011e-9	1.53367918e-8
1.7809147013155593e-9	1.57304094e-8
1.8266218610650805e-9	1.61341291e-8
1.8735018806032015e-9	1.65482103e-8
1.9215851920615844e-9	1.69729188e-8
1.970902499287354e-9	1.74085274e-8
2.0214855929894793e-9	1.78553159e-8
2.0733668073078525e-9	1.83135712e-8
2.126579699101941e-9	1.87835876e-8
2.181158096946673e-9	1.92656669e-8
2.2371374597097467e-9	1.97601188e-8
2.2945533821165884e-9	2.02672607e-8
2.3534429533276618e-9	2.07874183e-8
2.413843805934354e-9	2.13209258e-8
2.475794931105359e-9	2.18681257e-8
2.5393359992980223e-9	2.24293694e-8
2.604507903689266e-9	2.30050174e-8
2.671352352602396e-9	2.35954394e-8
2.7399124129380253e-9	2.42010145e-8
2.8102321026008796e-9	2.48221317e-8
2.882356390499801e-9	2.54591897e-8
2.9563318758363983e-9	2.61125979e-8
3.0322059729586636e-9	2.67827756e-8
3.110027318934166e-9	2.74701535e-8
3.1898459094077803e-9	2.81751728e-8
3.2717129627439562e-9	2.88982864e-8
3.3556813275999136e-9	2.96399587e-8
3.4418045319215223e-9	3.04006659e-8
3.5301382773783447e-9	3.11808966e-8
3.620738944928596e-9	3.19811519e-8
3.7136649533964496e-9	3.28019457e-8
3.808975808467926e-9	3.36438051e-8
3.906732917837273e-9	3.45072707e-8
4.006998911918315e-9	3.53928971e-8
4.1098381872753745e-9	3.6301253e-8
4.2153169066232725e-9	3.72329219e-8
4.323502727111867e-9	3.81885019e-8
4.434465072041513e-9	3.91686068e-8
4.548275266720797e-9	4.01738661e-8
4.665006402608801e-9	4.12049252e-8
4.784733337315108e-9	4.22624464e-8
4.907533238030719e-9	4.33471088e-8
5.033484630523944e-9	4.44596089e-8
5.162668621859974e-9	4.56006613e-8
5.295168085254497e-9	4.67709987e-8
5.431068203504625e-9	4.79713728e-8
5.570456197273426e-9	4.92025543e-8
5.71342146094766e-9	5.0465334e-8
5.86005597021097e-9	5.17605229e-8
6.010453874470689e-9	5.30889526e-8
6.164711632715567e-9	5.44514765e-8
6.322928556946704e-9	5.58489694e-8
6.485205997031155e-9	5.72823288e-8
6.651648291706049e-9	5.87524753e-8
6.8223623610053985e-9	6.0260353e-8
6.997457706260099e-9	6.18069302e-8
7.177046953528848e-9	6.33932003e-8
7.361245310167229e-9	6.50201818e-8
7.550171108258624e-9	6.66889197e-8
7.743945668756497e-9	6.84004856e-8
7.94269343734211e-9	7.01559787e-8
8.146541984424533e-9	7.19565264e-8
8.355622412713833e-9	7.38032851e-8
8.570068813790148e-9	7.56974406e-8
8.790018947392346e-9	7.76402095e-8
9.015614105560289e-9	7.96328394e-8
9.246999112634841e-9	8.16766101e-8
9.484322596973316e-9	8.37728339e-8
9.727736990949494e-9	8.59228571e-8
9.977398530953607e-9	8.81280605e-8
1.0233467800823266e-8	9.03898603e-8
1.0496108916697087e-8	9.2709709e-8
1.0765490749734253e-8	9.50890965e-8
1.1041786246825864e-8	9.75295507e-8
1.1325172838168133e-8	1.00032639e-7
1.1615832437262385e-8	1.025999689e-7
1.191395184848825e-8	1.052331891e-7
1.2219722495388194e-8	1.079339906e-7
1.2533340692382992e-8	1.107041081e-7
1.2855007916487178e-8	1.135453204e-7
1.3184930671451323e-8	1.164594522e-7
1.3523320895335222e-8	1.194483749e-7
1.3870395960507898e-8	1.225140081e-7
1.4226378537789866e-8	1.256583206e-7
1.4591497411599518e-8	1.288833316e-7
1.496598707237994e-8	1.321911122e-7
1.5350087988314357e-8	1.355837868e-7
1.574404674118388e-8	1.390635341e-7
1.614811656979842e-8	1.426325888e-7
1.656255669070803e-8	1.462932431e-7
1.6987633385064763e-8	1.500478477e-7
1.7423619726907203e-8	1.53898814e-7
1.7870795583160465e-8	1.578486151e-7
1.8329448157067115e-8	1.618997874e-7
1.879987198818718e-8	1.660549328e-7
1.9282369224113597e-8	1.703167197e-7
1.9777249756329955e-8	1.74687885e-7
2.0284831220210483e-8	1.79171236e-7
2.080543981016644e-8	1.837696517e-7
2.133940987207293e-8	1.884860855e-7
2.1887084174984354e-8	1.933235662e-7
2.2448814454565338e-8	1.982852004e-7
2.3024961548948448e-8	2.033741746e-7
2.3615895398734216e-8	2.085937569e-7
2.4221995454564323e-8	2.139472994e-7
2.4843651084694757e-8	2.194382401e-7
2.5481261439138152e-8	2.250701054e-7
2.6135235993094648e-8	2.308465121e-7
2.680599481866737e-8	2.367711698e-7
2.7493968584862444e-8	2.428478834e-7
2.8199599101019918e-8	2.490805553e-7
2.892333972438691e-8	2.554731883e-7
2.966565495254449e-8	2.620298878e-7
3.042702164612718e-8	2.687548644e-7
3.120792875710757e-8	2.75652437e-7
3.2008877872227164e-8	2.827270353e-7
3.2830383212996423e-8	2.899832025e-7
3.367297245084115e-8	2.974255988e-7
3.453718657124475e-8	3.050590036e-7
3.542358082475233e-8	3.128883191e-7
3.6332724183539814e-8	3.209185733e-7
3.7265200835848943e-8	3.291549235e-7
3.822160923498318e-8	3.376026589e-7
3.920256386545819e-8	3.462672047e-7
4.0208694563713226e-8	3.551541255e-7
4.124064760497292e-8	3.642691284e-7
4.229908556738961e-8	3.736180672e-7
4.338468828304741e-8	3.832069457e-7
4.449815297381994e-8	3.93041922e-7
4.564019465894355e-8	4.031293122e-7
4.6811546562590506e-8	4.134755946e-7
4.801296133658853e-8	4.240874134e-7
4.924521024527447e-8	4.349715838e-7
5.0509084659929285e-8	4.461350955e-7
5.1805396466351254e-8	4.575851179e-7
5.3134977793140564e-8	4.693290042e-7
5.449868291370745e-8	4.813742964e-7
5.589738729526816e-8	4.937287302e-7
5.7331989500853116e-8	5.064002395e-7
5.880341051001832e-8	5.193969621e-7
6.031259534913809e-8	5.327272445e-7
6.186051349897828e-8	5.463996477e-7
6.344815875883848e-8	5.60422952e-7
6.507655074098713e-8	5.748061633e-7
6.67467352782347e-8	5.895585186e-7
6.845978510322231e-8	6.046894919e-7
7.02168001201372e-8	6.202088005e-7
7.201890876329004e-8	6.361264109e-7
7.386726854054588e-8	6.524525456e-7
7.576306616918184e-8	6.691976892e-7
7.770751934203763e-8	6.863725957e-7
7.970187672751555e-8	7.039882947e-7
8.174741919230007e-8	7.220560993e-7
8.384546034478867e-8	7.405876127e-7
8.599734748609617e-8	7.59594736e-7
8.820446269691631e-8	7.790896756e-7
9.046822338095283e-8	7.990849513e-7
9.279008321592357e-8	8.195934041e-7
9.517153351213776e-8	8.406282048e-7
9.761410348421145e-8	8.622028621e-7
1.001193618813603e-7	8.843312312e-7
1.0268891739497282e-7	9.070275232e-7
1.0532442042476079e-7	9.303063138e-7
1.0802756348633253e-7	9.541825527e-7
1.1080008243391237e-7	9.786715734e-7
1.1364375795477579e-7	1.0037891029e-6
1.1656041611268031e-7	1.0295512718e-6
1.1955193011401595e-7	1.0559746248e-6
1.226202211229517e-7	1.0830761311e-6
1.2576725948415496e-7	1.1108731954e-6
1.2899506635308447e-7	1.1393836692e-6
1.3230571464699427e-7	1.1686258621e-6
1.3570133053936891e-7	1.1986185536e-6
1.3918409454678508e-7	1.2293810052e-6
1.4275624343091998e-7	1.2609329727e-6
1.4642007128541326e-7	1.293294719e-6
1.5017793103030175e-7	1.3264870269e-6
1.5403223590645484e-7	1.3605312129e-6
1.5798546124172473e-7	1.3954491402e-6
1.6204014567366614e-7	1.4312632335e-6
1.6619889332325988e-7	1.4679964926e-6
1.7046437501763265e-7	1.5056725079e-6
1.7483932992034955e-7	1.5443154753e-6
1.7932656756928014e-7	1.5839502113e-6
1.839289700503222e-7	1.6246021698e-6
1.8864949267669036e-7	1.6662974577e-6
1.9349116711364373e-7	1.7090628518e-6
1.9845710287292115e-7	1.7529258164e-6
2.0355048880717625e-7	1.7979145206e-6
2.08774596234705e-7	1.8440578564e-6
2.1413278002630776e-7	1.8913854573e-6
2.1962848105072847e-7	1.9399277173e-6
2.2526522889180907e-7	1.9897158107e-6
2.3104664334292464e-7	2.0407817116e-6
2.3697643739585366e-7	2.0931582149e-6
2.4305841914278576e-7	2.146878957e-6
2.4929649449347687e-7	2.2019784378e-6
2.55694669620688e-7	2.2584920425e-6
2.622570534056246e-7	2.3164560644e-6
2.689878601550911e-7	2.3759077284e-6
2.758914125903609e-7	2.4368852147e-6
2.8297214415675795e-7	2.4994276834e-6
2.902346021483844e-7	2.5635752997e-6
2.976834505611331e-7	2.6293692596e-6
3.053234730815575e-7	2.6968518164e-6
3.131595760757419e-7	2.7660663076e-6
3.2119679212160233e-7	2.8370571834e-6
3.2944028272604115e-7	2.9098700345e-6
3.3789534185724823e-7	2.9845516217e-6
3.4656739947700163e-7	3.061149906e-6
3.5546202466539575e-7	3.1397140793e-6
3.645849298324306e-7	3.220294596e-6
3.739419735710246e-7	3.3029432053e-6
3.835391651403194e-7	3.3877129847e-6
3.93382667862123e-7	3.474658374e-6
4.0347880333249967e-7	3.5638352098e-6
4.138340552257866e-7	3.6553007622e-6
4.244550740496139e-7	3.7491137708e-6
4.353486802696327e-7	3.8453344829e-6
4.465218701513977e-7	3.9440246922e-6
4.579818191568104e-7	4.0452477779e-6
4.6973588669913943e-7	4.1490687462e-6
4.817916215773298e-7	4.2555542716e-6
4.941567659158777e-7	4.3647727397e-6
5.068392607349965e-7	4.4767942912e-6
5.198472508414955e-7	4.5916908671e-6
5.331890898555165e-7	4.7095362546e-6
5.468733463241306e-7	4.8304061349e-6
5.609088080687867e-7	4.9543781311e-6
5.753044887064813e-7	5.081531859e-6
5.900696334916423e-7	5.2119489773e-6
6.052137246145798e-7	5.3457132408e-6
6.207464875867988e-7	5.4829105537e-6
6.366778977621717e-7	5.6236290249e-6
6.530181861788197e-7	5.7679590247e-6
6.69777847031288e-7	5.9159932426e-6
6.869676431048559e-7	6.0678267472e-6
7.045986140628567e-7	6.2235570469e-6
7.226820824244199e-7	6.3832841525e-6
7.412296617159338e-7	6.5471106418e-6
7.602532631280742e-7	6.7151417252e-6
7.797651036672684e-7	6.8874853132e-6
7.997777141713024e-7	7.0642520859e-6
8.203039467814941e-7	7.245555564e-6
8.413569835017323e-7	7.4315121818e-6
8.62950344757512e-7	7.6222413616e-6
8.850978979549726e-7	7.817865591e-6
9.078138664475082e-7	8.0185105009e-6
9.311128383665189e-7	8.2243049467e-6
9.550097766748841e-7	8.4353810909e-6
9.795200279977146e-7	8.6518744879e-6
1.0046593330833972e-6	8.873924171e-6
1.030443836449495e-6	9.1016727419e-6
1.0568900969796487e-6	9.3352664621e-6
1.0840150987921967e-6	9.5748553469e-6
1.1118362617012188e-6	9.8205932617e-6
1.1403714524927293e-6	0.0000100726380209
1.1696389967442982e-6	0.0000103311514891
1.1996576903729594e-6	0.0000105962996853
1.2304468113189752e-6	0.0000108682528893
1.2620261325881776e-6	0.000011147185751
1.2944159347508816e-6	0.0000114332774028
1.3276370185766514e-6	0.0000117267115746
1.361710719027649e-6	0.0000120276785875
1.3966589183009747e-6	0.0000123363901378
1.4325040603654458e-6	0.0000126530271033
1.4692691652266568e-6	0.0000129777929953
1.5069778435996156e-6	0.000013310896552
1.5456543122606659e-6	0.0000136525518729
1.5853234095352698e-6	0.0000140029785564
1.6260106110575026e-6	0.0000143624018414
1.6677420463446988e-6	0.0000147310527517
1.7105445157796656e-6	0.0000151091682449
1.754445507185327e-6	0.0000154969913649
1.7994732141655193e-6	0.0000158947713981
1.8456565536306347e-6	0.0000163027640339
1.8930251849535647e-6	0.0000167212315291
1.9416095285822077e-6	0.0000171504428765
1.9914407854671236e-6	0.0000175906739784
2.042550957711911e-6	0.0000180422078236
2.094972868544292e-6	0.0000185053346697
2.1487401836457767e-6	0.00001898035223
2.2038874326171837e-6	0.0000194675658645
2.260450031531025e-6	0.0000199672887771
2.318464305076314e-6	0.0000204798422165
2.3779675103336704e-6	0.0000210055556832
2.4389978608221367e-6	0.0000215447671414
2.5015945505459985e-6	0.0000220978232366
2.56579777926432e-6	0.0000226650795183
2.6316487789832037e-6	0.0000232469006691
2.6991898393611855e-6	0.0000238436607392
2.768464335831783e-6	0.0000244557433871
2.839516756775045e-6	0.0000250835421265
2.9123927325911034e-6	0.0000257274605793
2.987139064637869e-6	0.0000263879127357
3.0638037555273097e-6	0.0000270653232202
3.142436039557577e-6	0.000027760127565
3.223086415183006e-6	0.0000284727724903
3.3058066763972545e-6	0.0000292037161916
3.390649946561869e-6	0.0000299534286347
3.4776707126424442e-6	0.000030722391858
3.5669248599881924e-6	0.0000315111002828
3.658469707926674e-6	0.0000323200610311
3.7523640472605295e-6	0.0000331497942527
3.848668177492499e-6	0.000034000833459
3.94744394581659e-6	0.0000348737258671
4.04875478638096e-6	0.0000357690327512
4.152665761860386e-6	0.0000366873298046
4.2592436043494375e-6	0.0000376292075096
4.368556758836952e-6	0.0000385952715177
4.480675426952224e-6	0.0000395861430392
4.595671611798058e-6	0.0000406024592441
4.713619164957539e-6	0.0000416448737612
4.8345938326856655e-6	0.0000427140571885
4.958673305904992e-6	0.0000438106973911
5.08593726911441e-6	0.0000449354999286
5.216467451879234e-6	0.0000460891885106
5.350347681679854e-6	0.0000472725054646
5.487663937167964e-6	0.0000484862122154
5.6285044035965225e-6	0.0000497310897772
5.7729595296082794e-6	0.0000510079392587
5.92112208511117e-6	0.0000523175823802
6.073087221055716e-6	0.0000536608620052
6.22895253029929e-6	0.000055038642685
6.388818110644105e-6	0.0000564518112179
6.552786628554482e-6	0.0000579012772222
6.720963385591289e-6	0.0000593879737244
6.8934563860690875e-6	0.0000609128577628
7.070376405935999e-6	0.000062476911006
7.2518370642348775e-6	0.0000640811403881
7.4379548963306195e-6	0.0000657265787598
7.628849427816776e-6	0.0000674142855565
7.824643252633742e-6	0.0000691453474839
8.025462110779383e-6	0.0000709208792207
8.231434969144378e-6	0.0000727420241401
8.442694104793022e-6	0.0000746099550493
8.659375189738432e-6	0.000076525874949
8.881617377755647e-6	0.0000784910178116
9.109563394183594e-6	0.0000805066493798
9.343359627357326e-6	0.0000825740679862
9.583156222621581e-6	0.0000846946053936
9.82910717878977e-6	0.0000868696276574
0.000010081370446912544	0.0000891005360097
0.000010340108032171097	0.0000913887677672
0.000010605486097400751	0.0000937357972615
0.000010877675069875137	0.0000961431367943
0.000011156849751215095	0.0000986123376169
0.000011443189428792014	0.0001011449909346
0.000011736877991886201	0.0001037427289383
0.000012038104049067941	0.0001064072258613
0.000012347061049382613	0.0001091401990646
0.00001266394740706807	0.0001119434101495
0.000012988966628445774	0.0001148186660992
0.000013322327442615925	0.0001177678204503
0.000013664243936092464	0.0001207927744939
0.000014014935689747687	0.0001238954785081
0.000014374627919832548	0.0001270779330229
0.000014743551622801015	0.0001303421901166
0.000015121943723938415	0.000133690354747
0.000015510047228706957	0.0001371245861343
0.0000159081113796614	0.0001406470997122
0.000016316391816081907	0.0001442601687269
0.00001673515073781843	0.0001479661251507
0.00001716465707470534	0.0001517673611685
0.000017605186658149723	0.0001556663307374
0.000018057022398969147	0.000159665551188
0.00001852045446876174	0.0001637676048662
0.000018995780486438845	0.000167975140819
0.00001948330570937686	0.0001722908765231
0.000019983343228916495	0.0001767175996593
0.000020496214172383236	0.0001812581699323
0.00002102224790864008	0.0001859155209387
0.00002156178225961802	0.0001906926620832
0.000022115163717552567	0.0001955926805449
0.000022682747667382847	0.0002006187432941
0.000023264898614992587	0.0002057740991632
0.00002386199042129299	0.0002110620809698
0.000024474406542011626	0.0002164861076966
0.00002510254027481765	0.0002220496867266
0.000025746795010658597	0.0002277564161383
0.000026407584494063795	0.0002336099870594
0.00002708533308806694	0.000239614186082
0.000027780476046600846	0.0002457728977419
0.000028493459795043673	0.0002520901070608
0.000029224742215655984	0.0002585699021564
0.000029974792942527917	0.0002652164769195
0.00003074409366263989	0.0002720341337615
0.0000315331384257541	0.0002790272864335
0.00003234243396109887	0.0002862004629186
0.00003317250000315554	0.0002935583084004
0.00003402386962532497	0.0003011055883079
0.00003489708958228911	0.0003088471914413
0.00003579272066133903	0.0003167881331776
0.00003671133804212621	0.0003249335587619
0.000037653531666195566	0.000333288746683
0.00003861990661616439	0.0003418591121378
0.00003961108350359616	0.0003506502105866
0.0000406276988685581	0.0003596677414003
0.000041670405587466145	0.0003689175516036
0.00004273987329288527	0.0003784056397158
0.00004383678880338339	0.0003881381596921
0.00004496185656493311	0.0003981214249675
0.000046115799102638676	0.0004083619126065
0.00004729935748550529	0.0004188662675618
0.000048513291801805295	0.0004296413070435
0.0000497583816474867	0.0004406940250034
0.000051035426626944806	0.0004520315967355
0.000052345246866020994	0.0004636613840441
0.00005368868353926656	0.0004755909459759
0.00005506659940984133	0.0004878280428365
0.000056479879383541543	0.0005003806372413
0.00005792943107750021	0.000513256899331
0.00005941618540247345	0.0005264652122257
0.000060941097161022024	0.0005400141776247
0.00006250514566090899	0.0005539126215535
0.00006410933534330586	0.0005681696002645
0.00006575469642866029	0.0005827944062942
0.00006744228557777967	0.0005977965746807
0.00006917318657071238	0.0006131858893473
0.00007094851100233922	0.0006289723896548
0.00007276939899698518	0.0006451663771293
0.00007463701993974155	0.0006617784223673
0.00007655257322816671	0.000678819372126
0.000078517289042192	0.000696300356601
0.00008053242913413431	0.0007142327968985
0.00008259928763908749	0.0007326284127062
0.00008471919190623582	0.0007514992301681
0.00008689350335095369	0.0007708575899692
0.00008912361832905006	0.0007907161556362
0.0000914109690338371	0.0008110879220582
0.00009375702441602282	0.0008319862242355
0.00009616329112615628	0.0008534247462608
0.00009863131448370065	0.000875417530541
0.00010116267946784366	0.0008979789872635
0.00010375901173670233	0.0009211239041162
0.00010642197867057454	0.0009448674562664
0.0001091532904427695	0.0009692252166062
0.00011195470111828938	0.000994213166271
0.00011482800978008983	0.0010198477054393
0.00011777506168427824	0.0010461456644209
0.00012079774944547244	0.0010731243150411
0.0001238980142520482	0.0011008013823293
0.00012707784711276965	0.0011291950565198
0.00013033929013561813	0.0011583240053733
0.0001336844378388193	0.0011882073868285
0.00013711543849678575	0.0012188648619914
0.0001406344955185294	0.0012503166084721
0.00014424386886411418	0.0012825833340786
0.00014794587649466585	0.0013156862908775
0.0001517428958619159	0.0013496472896299
0.0001556373654348349	0.0013844887146149
0.0001596317862651213	0.0014202335388497
0.00016372872359412638	0.0014569053397167
0.00016793080849985783	0.0014945283150104
0.0001722407395865063	0.0015331272994131
0.00017666128471785424	0.0015727277883113
0.00018119528279483843	0.0016133560014036
0.00018584564557848896	0.0016550388776921
0.0001906153595597394	0.0016978040726321
0.0001955074878778734	0.0017416799774052
0.00020052517228733756	0.0017866957388311
0.00020567163517522832	0.0018328812798296
0.0002109501816313564	0.0018802673204455
0.00021636420157007278	0.0019288853994535
0.00022191717190779645	0.0019787678965589
0.00022761265879556446	0.0020299480552115
0.00023345431990945737	0.0020824600060485
0.00023944590679971536	0.0021363387909853
0.00024559126729976747	0.0021916203879717
0.0002518943479970761	0.0022483417364324
0.0002583591967682422	0.0023065407634107
0.0002649899653783716	0.0023662564104355
0.00027179091214701075	0.0024275286611314
0.00027876640468337075	0.0024903985695937
0.00028592092269097424	0.0025549082895479
0.0002932590608445786	0.002621101104318
0.0003007855317410061	0.0026890214576244
0.000308505168925103	0.0027587149852359
0.0003164229299947679	0.0028302285474993
0.00032454389978396256	0.0029036102627706
0.0003328732936285961	0.0029789095417745
0.00034141646071582523	0.0030561771229173
0.0003501788875193533	0.0031354651085799
0.00035916620132249243	0.0032168270024186
0.0003683841738325231	0.0033003177477028
0.0003778387248871645	0.0033859937667173
0.0003875359262564171	0.0034739130012595
0.00039748200554154417	0.0035641349542636
0.0004076833501748586	0.0036567207325814
0.00041814651152153996	0.0037517330909531
0.0004288782090871483	0.0038492364772024
0.00043988533483273727	0.0039492970786887
0.0004511749576010991	0.0040519828700522
0.000462754327656179	0.0041573636622891
0.0004746308813395987	0.0042655111531928
0.0004868122458457842	0.0043764989792009
0.0004993062441207235	0.0044904027686857
0.00051212089988585	0.0046073001967307
0.0005252644427904467	0.0047272710414332
0.0005387453136973271	0.0048503972417766
0.0005525721701034228	0.0049767629571158
0.0005667538916993536	0.0051064546283219
0.000581299586072599	0.005239561040632
0.000596218594556174	0.0053761734611653
0.0006115204982274264	0.0055163859612746
0.0006272151240614417	0.0056602952854001
0.000643312551242042	0.0058080008444032
0.0006598231176340481	0.0059596047910169
0.0006767574264233266	0.0061152120974794
0.0006941263529251634	0.0062749306354136
0.0007119410515695257	0.0064388712580178
0.0007302129630633449	0.0066071478846365
0.0007489538217389262	0.0067798775877782
0.0007681756630888893	0.0069571806826557
0.0007878908314960661	0.0071391808193181
0.0008081119881609346	0.0073260050774544
0.000828852119232434	0.007517784063943
0.0008501245441484039	0.0077146520132309
0.0008719429241887823	0.0079167468906219
0.0008943212712490242	0.0081242104985607
0.0009172739568390466	0.0083371885859995
0.0009408157213124522	0.0085558309609376
0.0009649616833326871	0.0087802916062251
0.0009897273495826588	0.0090107287987274
0.0010151286247229703	0.0092473052319473
0.0010411818216062494	0.0094901881422052
0.0010679036717530005	0.0097395494384818
0.0010953113360972733	0.0099955658360282
0.0011234224160064905	0.010258418993855
0.0011522549645865774	0.0105282956562097
0.0011818274982742932	0.0108053877981621
0.0012121590087299469	0.0110898927754129
0.0012432689750329368	0.0113820134784501
0.001275177376191667	0.0116819584911786
0.0013079047039744943	0.0119899422541514
0.0013414719760691802	0.0123061852325361
0.0013759007495808997	0.0126309140889532
0.0014112131348764155	0.0129643618613264
0.0014474318097829778	0.0133067681458891
0.0014845800341526788	0.0136583792854952
0.001522681664800013	0.0140194485633884
0.001561761170822551	0.0143902364025829
0.0016018436493156043	0.0147710105710206
0.0016429548414891638	0.0151620463926668
0.001685121149199475	0.0155636269647159
0.001728369651904492	0.0159760433810811
0.0017727281240540733	0.0163995949623471
0.0018182250529276947	0.0168345894923698
0.0018648896569278294	0.0172813434617119
0.0019127519043458385	0.0177401823181085
0.00196184253260622	0.0182114407252959
0.0020121930680074168	0.0186954633192081
0.0020638358459680135	0.0191926058250187
0.002116804031792048	0.0197032343937557
0.002171131641969194	0.0202277257170157
0.0022268535660190545	0.0207664673377336
0.0022840055888984465	0.0213198579701878
0.0023426244139821474	0.0218883078295057
0.0024027476866340727	0.0224722389709499
0.0024644140183837024	0.023072085639265
0.002527663011722158	0.0236882946283813
0.0025925352855357157	0.0243213256517698
0.002659072501190767	0.0249716517237597
0.00272731738928991	0.0256397595521332
0.0027973137771128997	0.0263261499423184
0.002869106616763384	0.0270313382135188
0.002942742014037311	0.0277558546271131
0.003018267258032172	0.0285002448276822
0.003095730851516499	0.0292650702970164
0.003175182542078515	0.0300509088214763
0.00325667335407457	0.0308583549730792
0.003340255621396942	0.0316880206047037
0.00342598302108327	0.0325405353598039
0.0035139106077881456	0.0334165471970441
0.003604094849139679	0.0343167229302666
0.003696593662003189	0.0352417487842231
0.0037914664496756533	0.0361923309665024
0.003888774140035235	0.037169196256106
0.003988579224669266	0.0381730926091258
0.004090945799006751	0.039204789781996
0.004195939603480818	0.0402650799727949
0.004303628065748	0.0413547784810918
0.004414080343989901	0.0424747243868356
0.004527367371327937	0.0436257812488028
0.004643561901376029	0.0448088378231238
0.004762738554964249	0.0460248088024284
0.0048849738680605955	0.0472746355761526
0.005010346340922149	0.0485592870125688
0.0051389364885097	0.0498797602631061
0.005270826892193573	0.0512370815895457
0.005406102252788679	0.0526323072146803
0.005544849444950048	0.0540665241970471
0.005687157572963625	0.0555408513303448
0.005833118027970087	0.0570564400681693
0.005982824546656329	0.0586144754746984
0.0061363732714541696	0.0602161772019858
0.00629386281228361	0.0618628004945169
0.006455394309880194	0.0635556372217058
0.006621071500748731	0.065296016886756
0.006791000783783438	0.0670853044737655
0.0069652912885975905	0.0689248992483759
0.007144054945607766	0.0708162401540509
0.007327406557915497	0.0727608073609556
0.007515463875035484	0.0747601234184513
0.007708347668514158	0.0768157544374619
0.00790618180949044	0.0789293113033283
0.00810909334824615	0.081102450919785
0.00831721259579891	0.0833368774846803
0.008530673207588315	0.0856343437980808
0.008749612269310321	0.0879966526033831
0.008974170384954808	0.0904256579620759
0.009204491767101794	0.0929232666627742
0.009440724329536201	0.0954914396651673
0.009683019782238074	0.0981321935794973
0.009931533728813094	0.1008476021822014
0.01018642576642083	0.1036397979683278
0.01044785958826948	0.1065109737413452
0.010716003088740815	0.1094633842409399
0.010991028471212713	0.1124993478094039
0.0112731123586494	0.1156212480971852
0.01156243590702946	0.1188315358081803
0.01185918492168572	0.1221327304853102
0.01216354997663044	0.1255274223369286
0.012475726536942755	0.1290182741045648
0.012795915084297949	0.1326080229725116
0.013124321245717802	0.1362994825197113
0.01346115592562566	0.140095544714401
0.013806635441290328	0.1439991819519133
0.014160981661746466	0.1480134491360307
0.014524422150279978	0.152141485804222
0.01489719031057114	0.1563865182970836
0.015279525536587114	0.1607518619722331
0.015671673366322754	0.1652409234628888
0.016073885639485936	0.1698572029812864
0.01648642065923183	0.1746042966670627
0.016909543358044905	0.1794858989806441
0.017343525467881885	0.1845058051416499
0.01778864569467866	0.1896679136122151
0.018245189897337297	0.194976228625105
0.01871345127130624	0.2004348627563735
0.019193730536871914	0.2060480395422736
0.0196863361322839	0.2118200961400135
0.02019158441183509	0.217755486031855
0.02070979984902674	0.2238587817719802
0.021241315244947042	0.2301346777753942
0.021786471941998186	0.2365879931480742
0.02234562004310848	0.2432236698772371
0.02291911863657055	0.2500466732071203
0.023507336026650005	0.2570619832157868
0.02411064997011257	0.264274689160252
0.024729447918821958	0.2716899952986899
0.0253641272685637	0.2793132224898061
0.02601509561425526	0.2871498097583333
0.02668277101170558	0.2952053158224537
0.027367582246093435	0.3034854205786509
0.02806996910733573	0.3119959265393326
0.028790382672523207	0.3207427602182517
0.029529285595604977	0.3297319734585702
0.030287152404507377	0.3389697446980813
0.031064469805879406	0.3484623801659141
0.03186173699765776	0.3582163150046861
0.03267946598965561	0.3682381143118792
0.033518181932377204	0.3785344740938258
0.03437842345427471	0.3891122221254922
0.03526074300765615	0.3999783187088489
0.03616570722347597	0.4111398573223949
0.037093897275227	0.4226040651539924
0.03804590925217514	0.4343783035089406
0.03902235454216981	0.446470068084788
0.04002386022428297	0.4588869891041426
0.04105106947152092	0.4716368312963033
0.04210464196387567	0.4847274937182898
0.04318525431197445	0.4981670094053915
0.04429360049160343	0.5119635448411197
0.04543039228938284	0.5261253992359756
0.0465963597598817	0.5406610036042079
0.047792251694461725	0.5555789196272675
0.04901883610215704	0.5708878382924212
0.05027690070289304	0.5865965782945272
0.05156725343336624	0.6027140841887417
0.052890722965904906	0.6192494242814627
0.05424815924064772	0.6362117882465985
0.055640434011381266	0.6536104844538395
0.057068441405384474	0.671454936995311
0.058533098497643266	0.6897546823967381
0.060035345899801466	0.708519365998861
0.061576148364227284	0.7277587379946853
0.06315649540358301	0.7474826491077778
0.06477740192629643	0.7677010458967137
0.06643990888834017	0.7884239656704337
0.06814508396174185	0.809661530999249
0.06989402222024685	0.8314239438059103
0.07168784684258413	0.8537214790212232
0.07352770983377567	0.87656447778843
0.07541479276496343	0.8999631708745911
0.07735030753221982	0.9239259326806911
0.07933549713483594	0.948459793751991
0.08137163647358153	0.9735714833875787
0.08346003316945672	0.999267419811023
0.08560202840345052	1.0255536830038756
0.0877989977778592	1.0524359864418529
0.09005235219970276	1.0799196477201436
0.09236353878682149	1.1080095580564693
0.09473404179722021	1.13671015066238
0.09716538358227128	1.1660253679758528
0.09965912556437465	1.1959586277505057
0.10221686923971557	1.226512787999745
0.1048402572067524	1.2576901107968523
0.10753097422110618	1.2894922249354555
0.11029074827751788	1.3219200874579764
0.11312135171958013	1.3549739440635695
0.11602460237794386	1.3886532884106855
0.11900236473774331	1.4229568203337977
0.12205655113597658	1.4578824029979653
0.12518912298962276	1.4934270190198087
0.12840209205527342	1.5295867255880815
0.1316975217210974	1.5663566086224907
0.13507752833195785	1.6037307360144724
0.13854428254854556	1.6417021099996258
0.14210001074138714	1.6802626187170568
0.14574699642063454	1.719402987017298
0.14948758170255144	1.7591127265866502
0.15332416881363015	1.7993800854623323
0.15725922163332037	1.8401919970198177
0.16129526727634363	1.881534028520336
0.16543489771562533	1.9233903293140415
0.16968077144687144	1.96574357880122
0.17403561519587518	2.008574934261691
0.17850222566963161	2.051863978669666
0.18308347135240507	2.0955886686192704
0.1877822943478819	2.1397252824931505
0.1926017122686126	2.1842483690145693
0.19754482017393518	2.229130696330553
0.2026147925576469	2.2743432017815453
0.20781488538667728	2.3198549425199615
0.2131484381920962	2.3656330471476124
0.21861887621377418	2.4116426685485512
0.22422971260009905	2.4578469381009365
0.22998455066413423	2.5042069214574774
0.2358870861976948	2.550681576090353
0.24194110984480113	2.5972277108015898
0.24815050953605938	2.643799947405265
0.25451927298550775	2.6903527703505246
0.26105149025155755	2.7368515285744492
0.2677513563636462	2.7832654401013146
0.2746231740163175	2.8295630227498676
0.281671356332431	2.8757121108809462
0.2889004296973042	2.9216798831651056
0.29631503666557546	2.96743289285922
0.3039199389426902	3.0129371006237746
0.31172002044288766	3.0581579099046268
0.3197202904256893	3.1030602048953444
0.32792588671286627	3.147608391087226
0.33634207898798896	3.191766438405343
0.34497427218064053	3.235497926918891
0.3538280099375046	3.278766095104434
0.3629089781825187	3.321533890629588
0.3722230087684201	3.3637640236140993
0.3817760832219862	3.4054190223134975
0.391574336585413	3.4464612911591024
0.4016240613562789	3.4868531710759503
0.4119317115286161	3.526557001987948
0.422503906737715	3.5655351874073906
0.4333474365112829	3.6037502609931242
0.444469264629732	3.641164954949456
0.4558765335983484	3.6777422701250844
0.4675765692342654	3.7134455476593042
0.47957688537113363	3.7482385420102324
0.4918851886845652	3.7820854951883147
0.5045093836413926	3.8149512120065685
0.51745757757598	3.8468011361483434
0.5307380858967865	3.877601426842691
0.5443594374265885	3.907319035927972
0.558330379879725	3.935921785075081
0.572659885479948	3.9633784429338013
0.5873571567224236	3.9896588019583663
0.6024316322836463	4.01473375466242
0.6178929930829964	4.038575369048242
0.6337511684999041	4.061156962951551
0.6500163427505372	4.0824531770403185
0.6666989614281862	4.1024400462050465
0.6838097382114676	4.1210950690778105
0.7013596617447331	4.138397275419211
0.7193600026950235	4.154327291115079
0.7378223209901792	4.168867400529614
0.756758473242676	4.182001605967402
0.7761806203640329	4.193715684004482
0.7961012353746031	4.203997238457541
0.816533111413844	4.212835749771018
0.8374893699561267	4.220222620624842
0.8589834692374497	4.226151442880401
0.8810292128983747	4.230618633463562
0.9036407588488331	4.233622875168825
0.9268326283603965	4.235164969722061
0.9506197153919508	4.235247860979337
0.9750172961546594	4.233876653290767
1.000041038922467	4.231058624943285
1.0257070140943343	4.226803236617692
1.0520317045147567	4.221122134817275
1.0790320160591578	4.214029150247795
1.1067252884909178	4.205540291151386
1.1351293065971029	4.195673731619668
1.1642623116099533	4.1844497949342845
1.1941430129214867	4.171890932005622
1.22479060009883	4.158021695002657
1.2562247552078443	4.14286870628873
1.2884656654530828	4.126460622798899
1.3215340361420997	4.1088280960149275
1.3554511039825785	4.090003727712929
1.390238650720637	4.0700220216771275
1.4259190171292178	4.0489193315898016
1.4625151173554247	4.026733805323214
1.5000504536361892	4.003505325873266
1.538549131391507	3.9792754491873326
1.578035874705108	3.9540873391495346
1.6185360422023656	3.9279856999961065
1.6600756433358281	3.901016706440867
1.7026813550886	3.873227931796918
1.7463805391064868	3.8446682743844183
1.7912012592697601	3.815387882516833
1.8371722997160245	3.785438078358323
1.884323183325515	3.7548712809441174
1.9326841906808974	3.7237409286525143
1.982286379513585	3.6921014014130202
2.033161604649284	3.660007942928796
2.0853425384653024	3.62751658318457
2.138862691872973	3.5946840615019573
2.193756435838508	3.5615677503943326
2.2500590234563274	3.528225580461911
2.307806612588753	3.494715966555749
2.3670362890868337	3.461097735425854
2.427786090607042	3.4274300550548498
2.4900950310393837	3.3937723658637275
2.5540031255622857	3.3601843139613603
2.619551416340625	3.3267256865934747
2.6867819988831796	3.293456349931137
2.755738049076728	3.260436189322481
2.8264638509138136	3.227724975367306
2.89900482493213	3.1953688307096892
2.9734075573839824	3.16338443364246
3.0497198301541864	3.1317838763421957
3.1279906514459195	3.1005783677018237
3.208270287254003	3.069778235594503
3.290610293646154	3.039392930751298
3.375063549872521	3.0094310321693456
3.4616842923251028	2.9799002539647357
3.550528149368589	2.950807453582927
3.6416521770653785	2.922158641278182
3.7351148958172335	2.893958990773277
3.8309763279474836	2.866212851010315
3.929298036247618	2.8389237589041203
4.030143163513443	2.8120944530102783
4.133576473095663	2.7857268880213897
4.23966439049135	2.759822250006391
4.34847504600268	2.734380972309981
4.460078318490807	2.7094027520311514
4.574545880252368	2.684886567002623
4.69195124304793	2.6608306931954373
4.812369805311552	2.637232722476072
4.935878900572321	2.6140895806463775
5.062557847118271	2.5913975457001186
5.1924879989351425	2.569152266232973
5.3257527979522585	2.5473487799465264
5.462437827629649	2.525981532190041
5.60263086792013	2.5050443944875713
5.74642195164219	2.4845306830012817
5.893903422299452	2.4644331768854952
6.04516999338447	2.4447441364893385
6.200318809204147	2.425455321369464
6.359449507266485	2.406558008077482
6.522664282268212	2.388043007690186
6.690067951725099	2.3699006830536526
6.861768023286232	2.3521209657156006
7.037874763776167	2.334693372523127
7.218501270008746	2.3176070218659626
7.403763541418867	2.3008506495479057
7.593780554557856	2.2844126242719036
7.788674339500791	2.268280962726491
7.988570058215248	2.2524433442636593
8.19359608494088	2.23688712516046
8.403884088632234	2.22159935245856
8.619569117517113	2.2065667773779465
8.840789685825719	2.191775868302596
9.0676878627451	2.177212823337724
9.300409363656959	2.1628635824395057
9.539103643716695	2.1487139889219544
9.783923993834794	2.134755751828937
10.035027639120932	2.120988463996183
10.292575839855006	2.107412097286953
10.5567339950492	2.094026452637492
10.827671748668639	2.0808311661963326
11.105563098577495	2.0678257153390334
11.39058650828162	2.055009424553057
11.682925021538562	2.0423814711883446
11.98276637990986	2.0299408910698387
12.29030314332948	2.017686583968996
12.605732813767153	2.0056173189318987
12.92925796206497	1.9937317394622507
13.261086358030138	1.982028368558047
13.601431103865643	1.9705056136013244
13.950510771025979	1.9591617711007743
14.308549540584645	1.9479950312875465
14.675777347205191	1.9370034825648614
15.052430026806242	1.92618511581256
15.438749468016981	1.9155378285479123
15.834983767519036	1.9050594289444136
16.241387389376314	1.8947476397104672
16.658221328452964	1.8846001018302079
17.085753278026036	1.8746143781688096
17.524257801699296	1.8647879569449062
17.9740165097303	1.8551182550728036
18.43531823988177	1.845602621377432
18.908459242915175	1.8362383396849722
19.393743372844252	1.8270226317922693
19.891482282072662	1.8179526603181517
20.401995621538696	1.8090255314399153
20.925611245996567	1.8002382975182052
21.462665424567593	1.791587959613552
22.01350305669369	1.7830714698979044
22.57847789363416	1.7746857339644126
23.157952765646307	1.7664276130387881
23.752299814998103	1.7582939260954527
24.361900734959615	1.7502814518817769
24.98714701492907	1.7423869308535662
25.62844019184898	1.7346070670249838
26.286192108076683	1.7269385297359823
26.960825175871257	1.7193779553403534
27.652772648669632	1.7119219488173434
28.362478899323786	1.704567085309803
29.090399705480813	1.6973099115917039
29.837002542285344	1.6901469474678565
30.6027668825953	1.6830746871085258
31.388184504901425	1.6760896003216166
32.19375980915165	1.6691882220664827
33.020010140678984	1.6623685611418686
33.86746612244425	1.6556298537900782
34.73667199580439	1.6489713553701824
35.62818597002902	1.6423923030781598
36.542580580784794	1.6358919168119106
37.48044305782183	1.6294693999980678
38.442375702095134	1.6231239403820643
39.42899627256747	1.6168547107828484
40.440938382936885	1.6106608698136444
41.478851908547796	1.6045415625700752
42.54340340374373	1.5984959212869598
43.63527652993424	1.5925230659650258
44.755172494645265	1.5866221049687925
45.90381050183951	1.580792135596788
47.081928213792224	1.5750322446252665
48.29028222482432	1.5693415088265141
49.52964854719054	1.5637189954628545
50.80082310943992	1.5581637627573586
52.10462226756449	1.5526748603422924
53.441883329270105	1.5472513296862382
54.81346509169958	1.5418922045008496
56.22024839295613	1.5365965111281354
57.66313667778531	1.5313632689091112
59.1430565777711	1.5261914905346872
60.66095850642517	1.5210801823795685
62.21781726954646	1.5160283448199485
63.81463269124991	1.5110349725357197
65.45243025605785	1.5060990547979312
67.1322617674733	1.501219575742155
68.85520602345258	1.4963955146284325
70.62236950921881	1.4916258460883958
72.43488710785141	1.4869095403601997
74.29392282911597	1.4822455635118115
76.20067055699626	1.477632877653226
78.1563548164168	1.4730704411381061
80.16223155963817	1.4685572087553882
82.21958897283825	1.4640921319112967
84.32974830339082	1.4596741588022608
86.49406470838203	1.4553022345791333
88.7139281248983	1.4509753015031792
90.99076416265346	1.4466922990941866
93.3260350195214	1.4424521642711243
95.72124042057216	1.4382538314856743
98.17791858120202	1.4340962328490166
100.69764719498589	1.4299782982521843
103.28204444687904	1.4258989554803088
105.93277005242938	1.4218571303210494
108.65152632365395	1.4178517970177877
111.44005926227568	1.4138823715441244
114.30015968101294	1.4099484988147368
117.23366435365506	1.4060498241210462
120.24245719464646	1.402185991237856
123.32847046894953	1.3983566425004526
126.49368603295339	1.3945614188778659
129.74013660723926	1.3907999600424426
133.06990708200257	1.3870719044359479
136.48513585598357	1.3833768893323397
139.98801620975644	1.3797145508973896
143.5807977142729	1.376084524245295
147.26578767554648	1.3724864434924462
151.04535261642053	1.3689199418084705
154.92191979635905	1.365384651464708
158.8979787702539	1.3618802038802165
162.97608298722895	1.3584062296654627
167.15885143047697	1.3549623586637938
171.4489702991932	1.3515482199907922
175.8491947336645	1.3481634420716482
180.3623505846392	1.3448076526766153
184.99133622810058	1.3414804789546748
189.73912442662916	1.338181547465472
194.6087642385235	1.3349104842096307
199.60338297592682	1.3316669146575197
204.72618821320003	1.328450463776551
209.98046984685377	1.3252607560570735
215.36960220833421	1.322097415536955
220.8970462310424	1.318960065824895
226.56635167295988	1.3158483301225523
232.3811593963345	1.3127618312455251
238.34520370585776	1.3097001916432702
244.46231474686107	1.3066630334179883
250.73642096505174	1.3036499783425461
257.1715516293943	1.300660647877472
263.7718394197251	1.2976946631870816
270.54152308078767	1.294751645154774
277.4849501443724	1.2918312143975406
284.6065797213397	1.2889329912797218
291.91098536527977	1.2860565959260648
299.40285800968087	1.283201648234097
307.08700898046646	1.2803677678858754
314.96837308587055	1.2775545743591166
323.0520117855929	1.2747616869377583
331.34311644130383	1.2719887247219792
339.8470116505581	1.2692353066376987
348.5691586662983	1.2665010514455817
357.5151589040948	1.2637855777495863
366.6907575394139	1.2610885339527282
376.10184719719354	1.258409719146273
385.7544717361388	1.2557489796665617
395.6548301301134	1.2531061617407773
405.8092804491644	1.250481111476378
416.2243439427013	1.247873674867257
426.90670922749933	1.2452836977995778
437.86323658316076	1.2427110260573158
449.1009623578193	1.2401555053275166
460.62710348694304	1.2376169812052802
472.4490621280824	1.2350952991984938
484.5744304145865	1.232590304732317
497.0109953313039	1.2301018431534427
509.76674371545147	1.2276297597341332
522.8498673857961	1.2251738996760508
536.2687684034976	1.222734108113895
550.0320644679476	1.220310230118849
564.1485944511314	1.2179021107018475
578.6274240739897	1.2155095948166814
593.4778517284873	1.2131325273629399
608.7094144490801	1.2107707531888012
624.3318940374813	1.2084241170936798
640.355323344577	1.2060924638307389
656.7899927135924	1.2037756381092697
673.646456588594	1.201473484596956
690.9355402926451	1.1991858479220117
708.6683469798758	1.196912572675216
726.8562647660041	1.194653503411841
745.5109740418345	1.192408484653483
764.6444549745036	1.1901773608897928
784.2689952011976	1.187959976580123
804.3971977203572	1.1857561761550885
825.0419889853765	1.1835658040180483
846.2166272060842	1.1813887045465048
867.9347108632224	1.1792247220934389
890.2101874414868	1.1770737009885721
913.0573623866591	1.174935485539564
936.4909082926889	1.172809920033148
960.5258743244976	1.1706968487362093
985.1776958826562	1.1685961158968061
1010.462204516065	1.1665075657451411
1036.3956380891111	1.1644310424944773
1062.9946512096972	1.1623663903420134
1090.2763259249436	1.1603134534697075
1118.2581826913536	1.1582720760450649
1146.958191626602	1.1562421022218805
1176.3947840500302	1.1542233761409415
1206.5868643193269	1.1522157419426213
1237.5538219710697	1.1502190593693158
1269.3155441727693	1.1482332344827468
1301.8924284945479	1.1462581818876472
1335.305396008543	1.1442938161787781
1369.5759047246038	1.14234005194144
1404.725963370717	1.1403968037519585
1440.778145527164	1.1384639861781438
1477.7556041233715	1.136541513779731
1515.6820863069229	1.1346293011087913
1554.5819486940784	1.1327272627101268
1594.4801730117654	1.130835313121642
1635.4023821409467	1.1289533668747023
1677.374856571859	1.1270813384944638
1720.4245512814575	1.1252191425001947
1764.5791130440878	1.1233666934055773
1809.8668981863639	1.1215239057189954
1856.3169907978438	1.1196906939438052
1903.9592214089619	1.117866972578592
1952.8241861483996	1.1160526561174167
2002.9432663920509	1.1142476590500485
2054.3486489164134	1.1124518958621832
2107.0733465690746	1.110665281035652
2161.151219469795	1.1088877290486214
2216.6169967556157	1.1071191543757806
2273.506298884218	1.1053594714885193
2331.855660509528	1.1036085948550964
2391.7025539445326	1.1018664389408017
2453.0854132261534	1.1001329182081077
2516.0436587979184	1.098407947116814
2580.617722825944	1.0966914401241836
2646.8490751647514	1.0949833116850731
2714.7802499893837	1.0932834762520593
2784.454873111221	1.09159184827555
2855.917689994667	1.0899083422038998
2929.214594492997	1.0882328724835124
3004.392658321582	1.0865653535589443
3081.5001612877572	1.0849056998729958
3160.5866222963446	1.0832538258668014
3241.702831150921	1.081609645979918
3324.9008811714766	1.0799730746504024
3410.2342026489678	1.078344026314889
3497.7575971586202	1.0767224154086632
3587.5272727537345	1.0751081563657319
3679.6008800629847	1.073501163618885
3774.0375493139013	1.0719013515997613
3870.897928306717	1.0703086347389053
3970.244221362638	1.0687229274658259
4072.140229271998	1.0671441445139787
4176.651390267408	1.0655722291391663
4283.844822048636	1.0640071759785232
4393.789364885884	1.0624489850476753
4506.555625829605	1.0608976563614487
4622.216024054655	1.0593531899339164
4740.844837368394	1.0578155857784324
4862.518249912207	1.0562848439076715
4987.314401087615	1.0547609643336613
5115.313435737749	1.0532439470678177
5246.597555616915	1.0517337921209728
5381.251072180914	1.0502304995034089
5519.360460732586	1.0487340692248825
5661.014415956629	1.0472445012946543
5806.3039088799405	1.0457617957215124
5955.322245293594	1.0442859525137969
6108.16512567463	1.0428169716794238
6264.930706645317	1.0413548532259054
6425.719664010012	1.03989959716037
6590.635257409598	1.0384512034895854
6759.783396635711	1.0370096722199724
6933.272709646476	1.035575003357625
7111.2146123281245	1.0341471969083278
7293.723380046765	1.0327262528775707
7480.916221036999	1.031312171270563
7672.91335167357	1.0299049520922487
7869.838073675143	1.028504595347321
8071.8168532892005	1.0271111010402338
8278.979402509758	1.0257244691752134
8491.45876237903	1.0243446997562715
8709.39138842701	1.0229717927872164
8932.917238304399	1.0216057482716605
9162.179861664008	1.0202465662130344
9397.32649234935	1.0188942466145923
9638.508142948825	1.0175487894794237
9885.879701777334	1.0162101948104612
10139.600032346209	1.0148784626104868
10399.83207538647	1.013553592882142
10666.742953490058	1.0122355856279337
10940.504078437407	1.010924440850241
11221.291261278828	1.0096201585513216
11509.2848252416	1.0083227387333187
11804.669721534303	1.0070321813982674
12107.635648124082	1.005748486548098
12418.377171561522	1.004471654184642
12737.093851932614	1.0032016843096387
13063.990371017115	1.0019385769247404
13399.276663736933	1.0006823320315126
13743.168052977282	0.9994583946974405
14095.885387868486	0.9982696377788807
14457.655185616275	0.9970846798915476
14828.709776973064	0.9959035013026728
15209.287455441787	0.9947260824212589
15599.632630309641	0.993552403796779
15999.995983608746	0.9923824461178925
16410.63463110635	0.9912161902111732
16831.81228742567	0.9900536170398531
17263.79943540526	0.9888947077025791
17706.87349980423	0.987739443432186
18161.319025466848	0.9865878055944775
18627.427860058448	0.9854397756870269
19105.499341492072	0.9842953353379864
19595.840490164483	0.9831544663049134
20098.76620612738	0.9820171504736049
20614.599471317564	0.980883369856949
21143.671556978163	0.9797531065937858
21686.322236402448	0.9786263429477841
22242.900003139173	0.9775030613063254
22813.762294796823	0.976383244179405
23399.275722591716	0.9752668741985424
23999.816306788874	0.9741539341157031
24615.769718183914	0.973044406802233
25247.531525783477	0.9719382752478047
25895.507450841335	0.9708355225593743
26560.113627416085	0.9697361319601489
27241.77686961428	0.968640086788566
27940.93494569338	0.9675473704972838
28658.036859198375	0.9664579666521829
29393.543137315795	0.9653718589313756
30147.92612662624	0.9642890311242297
30921.670296448636	0.9632094671303997
31715.272549968493	0.9621331509588708
32529.242543353426	0.9610600667270095
33364.103013056585	0.9599901986596278
34220.39011152159	0.9589235310880545
35098.653751501966	0.9578600484492195
35999.45795921983	0.9567997352847427
36923.38123658596	0.9557425762400374
37871.01693271785	0.9546885560634202
38842.97362499088	0.9536376596052314
39839.875509872094	0.9525898718169636
40862.36280378184	0.9515451777504
41911.09215424519	0.9505035625567614
42986.737061593776	0.949465011485863
44089.98831149358	0.9484295098852773
45221.5544185704	0.9473970431995085
46382.162081422946	0.9463675969691736
47572.55664931174	0.9453411568301937
48793.50260082881	0.9443177085129906
50045.78403484927	0.9432972378416944
51330.205174084986	0.9422797307333578
52647.590881559816	0.9412651731971803
53998.78719034381	0.940253551333736
55384.661846879346	0.9392448513342142
56806.10486825388	0.9382390594796647
58264.029113772696	0.9372361621402518
59759.370871205094	0.9362361457745155
61293.09045807287	0.9352389969286395
62866.172838370716	0.9342447022357293
64479.62825511869	0.9332532484150926
66134.49287914457	0.9322646222715325
67831.82947452003	0.9312788106946432
69572.72808107223	0.9302958006581165
71358.30671441676	0.9293155792190514
73189.71208395225	0.9283381335172738
75068.12032928501	0.927363450774661
76994.73777555091	0.9263915182944751
78970.80170812785	0.9254223234606986
80997.58116722576	0.9244558537373827
83076.37776287306	0.9234920966679959
85208.52651081618	0.9225310398747847
87395.39668987817	0.9215726710581351
89638.39272131553	0.9206169779959448
91938.95507074734	0.9196639485429988
94298.56117322834	0.9187135706303534
96718.72638207054	0.9177658322647234
99201.00494200968	0.9168207215278773
101746.99098735204	0.9158782265760383
104358.3195657342	0.9149383356392907
107036.66768816482	0.9140010370209911
109783.75540600842	0.9130663190971869
112601.3469156143	0.9121341703160397
115491.25169129083	0.911204579197255
118455.3256473657	0.9102775343315146
121495.47233006202	0.9093530243799194
124613.644139969	0.9084310380734317
127811.8435858818	0.9075115642123289
131092.12457083017	0.9065945916656567
134456.59371110375	0.9056801093706918
137907.41168913586	0.9047681063324069
141446.7946411027	0.9038585716229439
145077.01558014526	0.9029514943810879
148800.40585610853	0.9020468638117499
152619.35665275008	0.9011446691854522
156536.32052336878	0.9002448998378207
160553.8129658556	0.8993475451690792
164674.41403815855	0.8984525946435504
168900.77001520788	0.8975600377891622
173235.59508837678	0.8966698641969558
177681.67310854697	0.8957820635206021
182241.85937391687	0.8948966254759187
186919.08246368633	0.8940135398403962
191716.34611881568	0.8931327964527233
196636.73117104094	0.8922543852123205
201683.39752140568	0.8913782960788769
206859.58616956265	0.8905045190718913
212168.62129517173	0.8896330442702169
217613.912392703	0.888763861811611
223198.95646103736	0.8878969618922885
228927.34024925408	0.8870323347664804
234802.74256007234	0.8861699707459944
240828.93661239414	0.8853098601997814
247009.7924644919	0.8844519935535052
253349.27949937584	0.8835963612891168
259851.4689739667	0.8827429539444306
266520.53663367423	0.8818917621127075
273360.7653940901	0.8810427764422386
280376.5480914943	0.8801959876359366
287572.3903039728	0.8793513864509259
294952.9132449194	0.8785089636981408
302522.85673081066	0.8776687102419249
310287.0822251369	0.8768306169996359
318250.5759604753	0.8759946749412515
326418.4521406709	0.8751608750889811
334795.95622521336	0.87432920851688
343388.4682978933	0.8734996663504676
352201.506521939	0.8726722397663481
361240.73068380455	0.8718469199918354
370511.9458279241	0.8710236983045805
380021.1059847362	0.8702025660322044
389774.31799441314	0.8693835145519311
399777.8454287011	0.8685665352902259
410038.11261342873	0.8677516197224365
420561.70875423675	0.8669387593724383
431355.39216822287	0.8661279458122796
442426.0946241654	0.8653191706618337
453780.9257941378	0.8645124255884529
465427.17781940155	0.8637077023066232
477372.329993451	0.8629049925776258
489624.0535652674	0.8621042882091987
502190.21666582767	0.861305581055203
515078.88936108624	0.8605088630152915
528298.3488346066	0.8597141260345785
541857.0847032261	0.8589213621033163
555763.8044691234	0.8581305632565712
570027.4391118522	0.8573417215739038
584657.1488238554	0.8565548291790508
599662.328893204	0.8557698782396116
615052.6157372904	0.8549868609667368
630837.8930914201	0.8542057696148172
647028.2983561889	0.8534265964811795
663634.2291077921	0.8526493339057803
680666.3497753921	0.851873974270908
698135.598489907	0.8511005100008808
716053.1941085258	0.8503289335617528
734430.6434195366	0.8495592374610197
753279.7485320352	0.8487914142473283
772612.6144553404	0.8480254565101877
792441.6568728855	0.8472613568796827
812779.610115655	0.8464991080261913
833639.5353402266	0.8457387026601031
855034.8289167588	0.8449801335315397
876979.2310321981	0.8442233934300791
899486.8345143227	0.8434684751844814
922572.0938822163	0.8427153716624172
946249.8346290849	0.8419640757701972
970535.2627432537	0.8412145804525062
995443.9744735578	0.8404668786921369
1.0209919663453199e6	0.8397209635097286
1.0471956454334568e6	0.8389768279635049
1.0740718398991749e6	0.8382344651490168
1.1016378097971315e6	0.8374938681988854
1.129911258159916e6	0.8367550302825487
1.1589103423670891e6	0.836017944606009
1.1886536858059422e6	0.8352826044115831
1.2191603898315206e6	0.8345490029776552
1.2504500460336811e6	0.8338171336184302
1.2825427488188962e6	0.8330869896836905
1.3154591083150196e6	0.8323585645585541
1.3492202636072007e6	0.8316318516632354
1.3838478963135846e6	0.830906844452807
1.4193642445093452e6	0.8301835364169641
1.4557921170081282e6	0.8294619210797903
1.4931549080099708e6	0.8287419919995268
1.531476612125257e6	0.8280237427683415
1.5707818397841637e6	0.8273071670121005
1.611095833041646e6	0.8265922583901429
1.6524444817879961e6	0.8258790105950563
1.6948543403755517e6	0.8251674173524532
1.7383526446720185e6	0.8244574724207514
1.7829673295515336e6	0.8237491695909541
1.8287270468345576e6	0.823042502686434
1.8756611836883256e6	0.8223374655627159
1.9237998814994115e6	0.8216340521072655
1.9731740552307363e6	0.8209322562392746
2.0238154132752873e6	0.820232071909454
2.0757564778195256e6	0.8195334930998223
2.129030605729272e6	0.8188365138235002
2.1836720099717206e6	0.8181411281245051
2.239715781587151e6	0.8174473300775482
2.297197912224695e6	0.8167551137878316
2.356155317256338e6	0.8160644733908478
2.4166258594842167e6	0.815375403052182
2.4786483734562807e6	0.8146878969673151
2.542262690406169e6	0.8140019493614266
2.607509663833005e6	0.813317554489202
2.6744311957377978e6	0.8126347066346394
2.7430702635330805e6	0.8119534001108599
2.813470947643381e6	0.8112736292599169
2.8856784598138626e6	0.8105953884526081
2.959739172145617e6	0.8099186720882902
3.035700646876028e6	0.8092434745946933
3.113611666923647e6	0.808569790427737
3.1935222672168044e6	0.8078976140713489
3.2754837668263805e6	0.8072269400372835
3.3595488019231316e6	0.8065577628649437
3.4457713595810966e6	0.8058900771212024
3.534206812448356e6	0.8052238774002256
3.624911954307603e6	0.8045591583232992
3.717945036549605e6	0.8038959145386527
3.813365805582499e6	0.8032341407212891
3.91123554120135e6	0.8025738315728125
4.011617095942292e6	0.8019149818212595
4.1145749354469785e6	0.80125758622093
4.22017517986269e6	0.8006016395522205
4.328485646305157e6	0.7999471366214581
4.439575892410998e6	0.7992940722607372
4.553517261008231e6	0.7986424413277542
4.670382925932961e6	0.7979922387056474
4.790247939022107e6	0.7973434593028352
4.913189278312029e6	0.7966960980528577
5.039285897474475e6	0.796050149914217
5.168618776520983e6	0.7954056098702215
5.301270973808797e6	0.7947624729288292
5.437327679381304e6	0.7941207341224941
5.576876269677815e6	0.7934803885080112
5.720006363647092e6	0.7928414311663656
5.866809880301266e6	0.7922038572025805
6.017381097746603e6	0.791567661745568
6.171816713729739e6	0.7909328399479795
6.33021590773738e6	0.7902993869860581
6.492680404690056e6	0.7896672980594925
6.659314540270306e6	0.7890365683912713
6.830225327927952e6	0.7884071932275386
7.005522527604599e6	0.7877791678374498
7.185318716222238e6	0.787152487513031
7.369729359980614e6	0.786527147569037
7.55887288851063e6	0.7859031433428109
7.752870770930362e6	0.7852804701941454
7.951847593853375e6	0.7846591235051448
8.155931141398777e6	0.7840390986800886
8.365252477255275e6	0.7834203911452939
8.57994602885086e6	0.7828029963489826
8.800149673683036e6	0.7821869097611454
9.026004827864306e6	0.7815721268734106
9.257656536940867e6	0.7809586431989112
9.495253569041522e6	0.7803464542721537
9.738948510417288e6	0.7797355556488893
9.988897863433598e6	0.7791259429059836
1.0245262147076808e7	0.7785176116412891
1.0508206000040596e7	0.7779105574735176
1.0777898286457635e7	0.7773047760421153
1.10545122043456e7	0.7767002630071358
1.1338225396835689e7	0.7760970140491168
1.1629220066256275e7	0.775495024868956
1.192768309114401e7	0.77489429118779
1.2233806146258846e7	0.7742948087468704
1.2547785825678399e7	0.773696573307445
1.2869823769052029e7	0.7730995806506369
1.3200126791094666e7	0.772503826577326
1.3538907014405038e7	0.7719093069080306
1.3886382005691703e7	0.77131601748279
1.4242774915495908e7	0.7707239541610484
1.4608314621499816e7	0.7701331128215397
1.4983235875513732e7	0.7695434893621715
1.5367779454234732e7	0.7689550796999125
1.5762192313875142e7	0.7683678797706782
1.6166727748758858e7	0.7677818855292204
1.6581645553989146e7	0.7671970929490141
1.7007212192290198e7	0.766613498022147
1.7443700965131354e7	0.7660310967592103
1.789139218824244e7	0.76544988518919
1.8350573371634964e7	0.7648698593593571
1.882153940424231e7	0.7642910153351615
1.930459274329946e7	0.7637133492001245
1.9800043608582273e7	0.763136857055733
2.030821018163338e7	0.7625615350213346
2.0829418810099676e7	0.7619873792340325
2.136400421731512e7	0.761414385848582
2.191230971726142e7	0.7608425510372884
2.2474687435047284e7	0.7602718709899028
2.3051498533044677e7	0.7597023419135225
2.364311344282981e7	0.7591339600324889
2.424991210307587e7	0.7585667215882883
2.4872284203552913e7	0.7580006228394518
2.5510629435388543e7	0.7574356600614567
2.6165357747751396e7	0.7568718295466289
2.683688961112404e7	0.7563091276040455
2.7525656287330978e7	0.7557475505594373
2.8232100106497943e7	0.755187094755094
2.895667475111823e7	0.754627756549769
2.9699845547411475e7	0.754069532318583
3.046208976415822e7	0.7535124184529324
3.1243896919205185e7	0.752956411360394
3.2045769093835775e7	0.7524015074646341
3.2868221255210955e7	0.751847703205315
3.3711781587083474e7	0.7512949950380045
3.4576991829001054e7	0.7507433794340848
3.546440762421391e7	0.7501928528806627
3.6374598876513615e7	0.7496434118804801
3.730815011622777e7	0.7490950529518245
3.826566087560949e7	0.7485477726284417
3.924774607385954e7	0.7480015674594478
4.025503641203274e7	0.7474564340092418
4.128817877807698e7	0.7469123688574195
4.234783666226913e7	0.7463693685986877
4.343469058331127e7	0.7458274298427794
4.4549438525365755e7	0.7452865492143678
4.5692796386303656e7	0.7447467233529835
4.686549843745933e7	0.7442079489129304
4.8068297795182586e7	0.7436702225632033
4.930196690449657e7	0.7431335409874047
5.0567298035165265e7	0.7425979008836638
5.186510379049465e7	0.7420632989645546
5.319621762919e7	0.7415297319570157
5.456149440061028e7	0.74099719660227
5.596181089375614e7	0.7404656896557449
5.739806640034984e7	0.7399352078869933
5.8871183292364284e7	0.7394057480796158
6.038210761437824e7	0.7388773070311813
6.193180969113031e7	0.7383498815531506
6.3521284750668176e7	0.7378234684707992
6.51515535634883e7	0.7372980646231411
6.68236630980836e7	0.7367736668628518
6.85386871933116e7	0.7362502720561946
7.029772724801886e7	0.7357278770829444
7.21019129283687e7	0.7352064788363136
7.395240289331791e7	0.7346860742228786
7.585038553871538e7	0.7341666601625056
7.77970797604951e7	0.7336482335882791
7.979373573746164e7	0.7331307914464276
8.18416357341604e7	0.7326143306962533
8.39420949243568e7	0.7320988483100594
8.609646223564653e7	0.7315843412730805
8.830612121574837e7	0.7310708065834103
9.057249092102475e7	0.7305582412519331
9.289702682780944e7	0.7300466423022534
9.528122176712067e7	0.7295360067706271
9.772660688337027e7	0.7290263317058928
1.0023475261767101e8	0.7285176141694032
1.0280726971638502e8	0.7280098512349578
1.0544581026555185e8	0.7275030399887356
1.0815206875187236e8	0.7269971775292279
1.1092778315091558e8	0.7264922609671719
1.1377473604325868e8	0.7259882874254847
1.1669475575926757e8	0.7254852540391986
1.1968971755326678e8	0.7249831579553943
1.2276154480783577e8	0.7244819963331374
1.2591221026901865e8	0.7239817663434137
1.2914373731322995e8	0.723482465169066
1.3245820124668461e8	0.7229840900047294
1.3585773063816863e8	0.7224866380567693