# Internal run number: twoLoop 1930
# All dimensionful quantities in GeV
# Rescaling factor from internal to physical units: 1.67148
# Quantity: ghost dressing function G
# Syntax: p^2 [GeV^2], G
# Cutoff in GeV^2, renormalization constant Zt3:           6
1.67148 10, 0.816717
# Renormalization point: 0.00000167148
# Renormalization value: 37.9048
# Lowest/highest points (extrapolated beyond that): 0.00000167148/16714.8
# alpha(mu)=0.05
#
1.6714787751534846e-14	50.
1.721623138408089e-14	50.
1.7550527139111586e-14	50.
1.8051970771657633e-14	50.
1.8553414404203677e-14	50.
1.9054858036749724e-14	50.
1.938915379178042e-14	50.
1.9890597424326467e-14	50.
2.039204105687251e-14	50.
2.1060632566933905e-14	50.
2.156207619947995e-14	50.
2.2063519832025995e-14	50.
2.273211134208739e-14	50.
2.3233554974633433e-14	50.
2.390214648469483e-14	50.
2.4403590117240873e-14	50.
2.5072181627302267e-14	50.
2.574077313736366e-14	50.
2.6409364647425054e-14	50.
2.7077956157486448e-14	50.
2.7746547667547842e-14	50.
2.841513917760924e-14	50.
2.925087856518598e-14	50.
2.991947007524737e-14	50.
3.0755209462824116e-14	50.
3.142380097288551e-14	50.
3.2259540360462254e-14	50.
3.3095279748039e-14	50.
3.3931019135615735e-14	50.
3.493390640070783e-14	50.
3.5769645788284566e-14	50.
3.660538517586131e-14	50.
3.76082724409534e-14	50.
3.861115970604549e-14	50.
3.9614046971137585e-14	50.
4.061693423622968e-14	50.
4.1619821501321766e-14	50.
4.262270876641385e-14	50.
4.3792743909021297e-14	50.
4.4962779051628734e-14	50.
4.613281419423617e-14	50.
4.7302849336843615e-14	50.
4.847288447945105e-14	50.
4.9642919622058496e-14	50.
5.0980102642181284e-14	50.
5.231728566230407e-14	50.
5.3654468682426846e-14	50.
5.499165170254964e-14	50.
5.632883472267243e-14	50.
5.783316562031056e-14	50.
5.93374965179487e-14	50.
6.084182741558685e-14	50.
6.234615831322498e-14	50.
6.401763708837845e-14	50.
6.568911586353194e-14	50.
6.736059463868543e-14	50.
6.903207341383891e-14	50.
7.087070006650774e-14	50.
7.270932671917658e-14	50.
7.454795337184541e-14	50.
7.638658002451424e-14	50.
7.839235455469843e-14	50.
8.03981290848826e-14	50.
8.257105149258214e-14	50.
8.457682602276632e-14	50.
8.674974843046585e-14	50.
8.908981871568072e-14	50.
9.126274112338026e-14	50.
9.360281140859513e-14	50.
9.611002957132535e-14	50.
9.845009985654022e-14	50.
1.0095731801927047e-13	50.
1.0363168405951604e-13	50.
1.0630605009976162e-13	50.
1.0898041614000719e-13	50.
1.1182193005776811e-13	50.
1.1466344397552905e-13	50.
1.176721057708053e-13	50.
1.2068076756608158e-13	50.
1.2368942936135787e-13	50.
1.2686523903414947e-13	50.
1.3020819658445645e-13	50.
1.3355115413476342e-13	50.
1.3689411168507037e-13	50.
1.404042171128927e-13	50.
1.4408147041823038e-13	50.
1.4775872372356801e-13	50.
1.5160312490642104e-13	50.
1.5544752608927405e-13	50.
1.5945907514964243e-13	50.
1.6347062421001078e-13	50.
1.676493211478945e-13	50.
1.7199516596329356e-13	50.
1.7650815865620796e-13	50.
1.8102115134912237e-13	50.
1.8570129191955214e-13	50.
1.903814324899819e-13	50.
1.9522872093792699e-13	50.
2.0024315726338745e-13	50.
2.0542474146636328e-13	50.
2.1077347354685438e-13	50.
2.1612220562734553e-13	50.
2.2163808558535207e-13	50.
2.273211134208739e-13	50.
2.331712891339111e-13	50.
2.3918861272446364e-13	50.
2.453730841925315e-13	50.
2.515575556605994e-13	50.
2.5807632288369803e-13	50.
2.645950901067966e-13	50.
2.714481530849259e-13	50.
2.784683639405705e-13	50.
2.856557226737305e-13	50.
2.928430814068905e-13	50.
3.003647358950812e-13	50.
3.080535382607872e-13	50.
3.160766363815239e-13	50.
3.2409973450226066e-13	50.
3.3245712837802804e-13	50.
3.409816701313108e-13	50.
3.49673359762109e-13	50.
3.5869934514793776e-13	50.
3.678924784112819e-13	50.
3.774199074296568e-13	50.
3.87114484325547e-13	50.
3.969762090989526e-13	50.
4.071722296273888e-13	50.
4.1770254591085575e-13	50.
4.2840001007183805e-13	50.
4.3943176998785114e-13	50.
4.506306777813794e-13	50.
4.621638813299385e-13	50.
4.740313806335282e-13	50.
4.862331756921487e-13	50.
4.987692665057998e-13	50.
5.114725051969662e-13	50.
5.246771875206788e-13	50.
5.380490177219067e-13	50.
5.519222915556806e-13	50.
5.661298611444852e-13	50.
5.806717264883205e-13	50.
5.955478875871866e-13	50.
6.107583444410832e-13	50.
6.264702449275259e-13	50.
6.425164411689994e-13	50.
6.590640810430189e-13	50.
6.759460166720692e-13	50.
6.933293959336654e-13	50.
7.110470709502923e-13	50.
7.292661895994654e-13	50.
7.479867518811844e-13	50.
7.672087577954494e-13	50.
7.869322073422605e-13	50.
8.071571005216177e-13	50.
8.278834373335209e-13	50.
8.491112177779701e-13	50.
8.708404418549655e-13	50.
8.932382574420221e-13	50.
9.161375166616248e-13	50.
9.39705367391289e-13	50.
9.63774661753499e-13	50.
9.885125476257708e-13	50.
1.0139190250081036e-12	50.
1.039994093900498e-12	50.
1.0665706064254385e-12	50.
1.0939828583379555e-12	50.
1.122063701760534e-12	50.
1.1508131366931742e-12	50.
1.1803983110133908e-12	50.
1.2106520768436687e-12	50.
1.2417415820615236e-12	50.
1.2736668266669553e-12	50.
1.3062606627824482e-12	50.
1.3398573861630332e-12	50.
1.374289848931195e-12	50.
1.4095580510869335e-12	50.
1.4456619926302487e-12	50.
1.4827688214386561e-12	50.
1.5208785375121555e-12	50.
1.5598239929732316e-12	50.
1.5999394835769155e-12	50.
1.6408907135681756e-12	50.
1.6830119787020436e-12	50.
1.726303278978519e-12	50.
1.7705974665200862e-12	50.
1.816061689204261e-12	50.
1.862695947031043e-12	50.
1.910500240000433e-12	50.
1.95947456811243e-12	50.
2.00978607924455e-12	50.
2.061267625519277e-12	50.
2.1142535026916427e-12	50.
2.1684094150066155e-12	50.
2.2240696582192265e-12	50.
2.2812342323294757e-12	50.
2.3397359894598477e-12	50.
2.399742077487858e-12	50.
2.461419644291021e-12	50.
2.524601541991823e-12	50.
2.589454918467778e-12	50.
2.6558126258413716e-12	50.
2.724008959867634e-12	50.
2.7938767726690494e-12	50.
2.865583212123134e-12	50.
2.9391282782298875e-12	50.
3.014511970989309e-12	50.
3.091901438278916e-12	50.
3.1712966800987063e-12	50.
3.252697696448681e-12	50.
3.336271635206355e-12	50.
3.4218513484942134e-12	50.
3.5096039841897716e-12	50.
3.5996966901705443e-12	50.
3.692129466436532e-12	50.
3.786902312987734e-12	50.
3.884015229824152e-12	50.
3.983802512700815e-12	50.
4.085929865862693e-12	50.
4.190898732942332e-12	50.
4.298374818184701e-12	50.
4.408692417344831e-12	50.
4.521851530422722e-12	50.
4.6378521574183735e-12	50.
4.756861446209301e-12	50.
4.879046544673021e-12	50.
5.0042403049320174e-12	50.
5.132609874863805e-12	50.
5.264489550223415e-12	50.
5.399545035255817e-12	50.
5.5381106257160404e-12	50.
5.680186321604087e-12	50.
5.82593927079747e-12	50.
5.9755366211737075e-12	50.
6.128978372732796e-12	50.
6.286264525474741e-12	50.
6.4475622272770514e-12	50.
6.613038626017247e-12	50.
6.782693721695325e-12	50.
6.956861810066318e-12	50.
7.1353757432527106e-12	50.
7.318569817009533e-12	50.
7.506276883459268e-12	50.
7.698998386234464e-12	50.
7.896567177457607e-12	50.
8.099150405006209e-12	50.
8.307082364635302e-12	50.
8.520363056344887e-12	50.
8.738992480134964e-12	50.
8.963304931760561e-12	50.
9.19330041122168e-12	50.
9.429313214273353e-12	50.
9.671176193038061e-12	50.
9.919390791148353e-12	50.
1.017395700860423e-11	50.
1.0435209141160719e-11	50.
1.0702980040940308e-11	50.
1.0977604003698024e-11	50.
1.1259415325188904e-11	50.
1.154841400541294e-11	50.
1.1844767192247654e-11	50.
1.2148809181448071e-11	50.
1.2460539973014195e-11	50.
1.2780293862701058e-11	50.
1.3108405146263687e-11	50.
1.3444706675824568e-11	50.
1.3789867042893763e-11	50.
1.4143719099593755e-11	50.
1.4506764289557093e-11	50.
1.4879002612783773e-11	50.
1.5260935512906342e-11	50.
1.5652562989924806e-11	50.
1.6054386487471704e-11	50.
1.646640600554704e-11	50.
1.688895583990584e-11	50.
1.7322370286303136e-11	50.
1.7766983640493965e-11	50.
1.8222963050355835e-11	50.
1.8690642811643777e-11	50.
1.9170357220112828e-11	50.
1.9662440571518013e-11	50.
2.0167060013736852e-11	50.
2.068454984252437e-11	50.
2.121541150151312e-11	50.
2.175997928645812e-11	50.
2.23184203452369e-11	50.
2.2891236121482e-11	50.
2.347876091094845e-11	50.
2.4081329009391283e-11	50.
2.4699274712565527e-11	50.
2.5333266611981243e-11	50.
2.5983471855515947e-11	50.
2.6650224738924674e-11	50.
2.7334361001594993e-11	50.
2.803588064352691e-11	50.
2.875528510835297e-11	50.
2.949341013546075e-11	50.
3.0250255724850245e-11	50.
3.102665761590904e-11	50.
3.182295010439216e-11	50.
3.2639634633932156e-11	50.
3.347737979603908e-11	50.
3.433651988646797e-11	50.
3.52178906446064e-11	50.
3.6121659218331894e-11	50.
3.7048828494909533e-11	50.
3.7999565622216836e-11	50.
3.897487348751889e-11	50.
3.9975086386570737e-11	50.
4.1001040058759944e-11	50.
4.205340309559658e-11	50.
4.3132676940713185e-11	50.
4.4239697333497335e-11	50.
4.53751328654591e-11	50.
4.653965212810853e-11	50.
4.773409086083321e-11	50.
4.89591176551432e-11	50.
5.021573539830359e-11	50.
5.1504445533946924e-11	50.
5.282641809721582e-11	50.
5.418215453174281e-11	50.
5.557265772479299e-11	50.
5.699893056363146e-11	50.
5.84618087876458e-11	50.
5.996229528410107e-11	50.
6.15012257923849e-11	50.
6.307960319976232e-11	50.
6.469859754137599e-11	50.
6.635904455661346e-11	50.
6.806211428061734e-11	50.
6.980897674853024e-11	50.
7.160063484761727e-11	50.
7.343825861302102e-11	50.
7.532301807988408e-11	50.
7.72562504312266e-11	50.
7.923895855431367e-11	50.
8.127264678004291e-11	50.
8.335848514355694e-11	50.
8.549781082787589e-11	50.
8.769212816389738e-11	50.
8.994277433464154e-11	50.
9.225108652312851e-11	50.
9.461873620813343e-11	50.
9.704722772055392e-11	50.
9.953789824341012e-11	50.
1.0209241925547719e-10	50.
1.0471262938340781e-10	50.
1.074002001059771e-10	50.
1.1015646860620518e-10	50.
1.1298377495437731e-10	50.
1.1588345633351357e-10	50.
1.1885751851814417e-10	50.
1.2190796728279927e-10	50.
1.2503680840200906e-10	50.
1.2824588050242624e-10	50.
1.315373565064585e-10	50.
1.3491324218863598e-10	50.
1.3837571047136643e-10	50.
1.4192710142493503e-10	50.
1.4556958797174952e-10	50.
1.493056773299726e-10	50.
1.5313754242201195e-10	50.
1.5706785761390786e-10	50.
1.610989629759455e-10	50.
1.6523353287416517e-10	50.
1.6947424167460707e-10	50.
1.7382393089118897e-10	50.
1.7828510774207364e-10	50.
1.828607808890563e-10	50.
1.8755379184605474e-10	50.
1.9236731642274175e-10	50.
1.973045304287901e-10	50.
2.023682753781176e-10	50.
2.07562061376152e-10	50.
2.1288906423256615e-10	50.
2.1835279405278787e-10	50.
2.239569280901225e-10	50.
2.2970464215424276e-10	50.
2.356001149420866e-10	50.
2.416466894112044e-10	50.
2.4784854425853387e-10	50.
2.542095238852579e-10	50.
2.6073380698831454e-10	50.
2.674255722646415e-10	50.
2.7428899841117674e-10	50.
2.8132859842061315e-10	50.
2.8854888528564366e-10	50.
2.959545391468387e-10	50.
3.035500729968912e-10	50.
3.1134066842000404e-10	50.
3.193313398525028e-10	50.
3.2752693458283534e-10	50.
3.359328013430822e-10	50.
3.4455445601320144e-10	50.
3.5339741447315094e-10	50.
3.624673597507663e-10	50.
3.7177014202176053e-10	50.
3.8131161146184666e-10	50.
3.910979525424928e-10	50.
4.01135349735167e-10	50.
4.114304889549698e-10	50.
4.219898889691245e-10	50.
4.3282006854485397e-10	50.
4.43928382188769e-10	50.
4.5532185011172517e-10	50.
4.670076596724558e-10	50.
4.789933325254489e-10	50.
4.912867246209477e-10	50.
5.03895524761318e-10	50.
5.168279231925581e-10	50.
5.300922773085436e-10	50.
5.436971116510278e-10	50.
5.576509507617641e-10	50.
5.719631549218933e-10	50.
5.866424158210462e-10	50.
6.016985951839963e-10	50.
6.171412204397618e-10	50.
6.329799861652387e-10	50.
6.492254226767105e-10	50.
6.658877259947055e-10	50.
6.829777607312623e-10	50.
7.005062243505419e-10	50.
7.184846500560928e-10	50.
7.369245710514635e-10	50.
7.558376876880803e-10	50.
7.752362017610015e-10	50.
7.951324822131635e-10	50.
8.155395665790123e-10	50.
8.36470325245117e-10	50.
8.579382971895558e-10	50.
8.799571885382851e-10	50.
9.025412068608939e-10	50.
9.257048940227258e-10	50.
9.494629590370026e-10	50.
9.738309466563325e-10	50.
9.988242344854476e-10	50.
1.0244590358684666e-9	50.
1.0507515641495086e-9	50.
1.0777190355599572e-9	50.
1.105378666331197e-9	50.
1.1337481741382447e-9	50.
1.1628456109518715e-9	50.
1.1926900316301144e-9	50.
1.2233003238831327e-9	50.
1.2546962111604733e-9	50.
1.2868979183553151e-9	50.
1.319926004656593e-9	50.
1.3538018649926287e-9	50.
1.3885470614396217e-9	50.
1.424183991813159e-9	50.
1.4607355553724604e-9	50.
1.498225152820378e-9	50.
1.5366770205991512e-9	50.
1.5761157294467751e-9	50.
1.6165666858406322e-9	50.
1.6580556305538594e-9	50.
1.7006096415426143e-9	50.
1.7442556296151773e-9	50.
1.789021842762848e-9	50.
1.8349368632726815e-9	50.
1.882030443466876e-9	50.
1.9303325028155064e-9	50.
1.979874297971668e-9	50.
2.0306877541799664e-9	50.
2.082805130980762e-9	50.
2.1362601922453136e-9	50.
2.191087036140633e-9	50.
2.2473212651646315e-9	50.
2.3049984818152206e-9	50.
2.3641561272169626e-9	50.
2.424831976790177e-9	50.
2.4870651431382013e-9	50.
2.5508954074558852e-9	50.
2.616364055268974e-9	50.
2.68351270639897e-9	50.
2.7523849864419046e-9	50.
2.823024688141686e-9	50.
2.8954774428688764e-9	50.
2.9697895505855477e-9	50.
3.0460089827325464e-9	50.
3.1241845464901077e-9	50.
3.204366553369363e-9	50.
3.2866063177687095e-9	50.
3.3709568255653204e-9	50.
3.457472232671509e-9	50.
3.546207865034735e-9	50.
3.637221054376985e-9	50.
3.730570135307512e-9	50.
3.826314946766466e-9	50.
3.924516999172774e-9	50.
4.025239307276258e-9	50.
4.128546891601272e-9	50.
4.2345056084115566e-9	50.
4.3431839883368935e-9	50.
4.454651397746451e-9	50.
4.568979710227562e-9	50.
4.686242136550577e-9	50.
4.8065142275561336e-9	50.
4.929873038415766e-9	50.
5.056397797223417e-9	50.
5.186169904995435e-9	50.
5.319272601374826e-9	50.
5.455791298926996e-9	50.
5.595813750287644e-9	50.
5.739429881014872e-9	50.
5.8867317895891906e-9	50.
6.037814416005028e-9	50.
6.19277437173559e-9	50.
6.351711444063753e-9	50.
6.514727593194798e-9	50.
6.681927620847932e-9	50.
6.853418835960517e-9	50.
7.029311221835958e-9	50.
7.2097179375873335e-9	50.
7.394754816693763e-9	50.
7.58454053414828e-9	50.
7.779197275049349e-9	50.
7.978849731713598e-9	50.
8.183626273710957e-9	50.
8.393658446421031e-9	50.
8.609080971033097e-9	50.
8.830032413137616e-9	50.
9.05665451413472e-9	50.
9.289092859825726e-9	50.
9.527496713265257e-9	50.
9.772019181909111e-9	50.
1.0022817217614281e-8	50.
1.0280052118082567e-8	50.
1.0543888858269077e-8	50.
1.081449692612161e-8	50.
1.1092050155432785e-8	50.
1.137672672584003e-8	50.
1.1668709497121349e-8	50.
1.1968186009195313e-8	50.
1.2275348482121066e-8	50.
1.2590394484689829e-8	50.
1.2913525931537644e-8	50.
1.324495058747626e-8	50.
1.3584881231753755e-8	50.
1.3933536159498162e-8	50.
1.4291139181717477e-8	50.
1.4657920126743281e-8	50.
1.5034114505934997e-8	50.
1.541996384797563e-8	50.
1.5815716033167537e-8	50.
1.6221625126284543e-8	50.
1.663795187801557e-8	50.
1.7064963724964643e-8	50.
1.7502934622503012e-8	50.
1.7952146047656407e-8	50.
1.8412886497661424e-8	50.
1.8885451824261265e-8	50.
1.9370145400853618e-8	50.
1.9867278791082177e-8	50.
2.0377170913097235e-8	50.
2.0900149376738725e-8	50.
2.1436550149240456e-8	50.
2.19867175552301e-8	50.
2.2551004945320734e-8	50.
2.3129774696110807e-8	50.
2.3723398544479913e-8	50.
2.433225775473667e-8	50.
2.4956743118618703e-8	50.
2.5597255958179925e-8	50.
2.62542076243469e-8	50.
2.692801983121461e-8	50.
2.7619125324637934e-8	50.
2.8327968049379556e-8	50.
2.9055003149109945e-8	50.
2.9800697467851008e-8	50.
3.05655300514197e-8	50.
3.134999198028016e-8	50.
3.2154587038135226e-8	50.
3.2979832046222165e-8	50.
3.3826256863312706e-8	50.
3.469440505430453e-8	50.
3.558483439166491e-8	50.
3.6498116353987064e-8	50.
3.7434837630321065e-8	50.
3.8395599785878105e-8	50.
3.9381019930621967e-8	50.
4.039173071926904e-8	50.
4.14283813541756e-8	50.
4.249163741818991e-8	50.
4.358218204468738e-8	50.
4.4700715248979025e-8	50.
4.584795576693819e-8	50.
4.702463988496531e-8	50.
4.8231523612910395e-8	50.
4.946938184833361e-8	50.
5.073900971368828e-8	50.
5.204122238917306e-8	50.
5.3376856282767036e-8	50.
5.474676919737761e-8	50.
5.6151840832284165e-8	50.
5.759297328458162e-8	50.
5.907109255351143e-8	50.
6.058714753757425e-8	50.
6.21421118731566e-8	50.
6.373698443597451e-8	50.
6.537278900677777e-8	50.
6.70505766114202e-8	50.
6.87714243508245e-8	50.
7.053643774105256e-8	50.
7.234674987756605e-8	50.
7.420352344100095e-8	50.
7.610795119861126e-8	50.
7.806125583712097e-8	50.
8.006469180135082e-8	50.
8.211954579566196e-8	50.
8.422713761969523e-8	50.
8.638882050266699e-8	50.
8.860598277484789e-8	50.
9.088004853615438e-8	50.
9.321247782329651e-8	50.
9.56047687827005e-8	50.
9.805845767050855e-8	50.
1.0057512035690992e-7	50.
1.0315637299473225e-7	50.
1.058038731894769e-7	50.
1.0851932133650184e-7	50.
1.1130446128961316e-7	50.
1.1416108153110029e-7	50.
1.1709101684321471e-7	50.
1.2009614864246576e-7	50.
1.2317840698539505e-7	50.
1.2633977107002026e-7	50.
1.2958227140875749e-7	50.
1.329079903298648e-7	50.
1.3631906348177318e-7	50.
1.3981768167171327e-7	50.
1.434060915343067e-7	50.
1.470865977044887e-7	50.
1.5086156382039518e-7	50.
1.5473341402769377e-7	50.
1.5870463498535823e-7	50.
1.6277777703570375e-7	50.
1.6695545604301338e-7	50.
1.712403547307213e-7	50.
1.7563522502148287e-7	50.
1.8014288937435785e-7	50.
1.847662426234369e-7	50.
1.8950825381646837e-7	50.
1.9437196838778053e-7	50.
1.993605096626127e-7	50.
2.04477081531481e-7	50.
2.097249699545096e-7	50.
2.1510754496720494e-7	50.
2.2062826318767398e-7	50.
2.2629067049099037e-7	50.
2.3209840284493373e-7	50.
2.380551901543908e-7	50.
2.441648580999821e-7	50.
2.5043132997668876e-7	50.
2.568586305382534e-7	50.
2.634508873343634e-7	50.
2.7021233371931264e-7	50.
2.771473121949589e-7	50.
2.8426027624935065e-7	50.
2.9155579403398057e-7	50.
2.9903855070385525e-7	50.
3.0671335176045337e-7	50.
3.1458512606038695e-7	50.
3.226589288240637e-7	50.
3.3093994497864417e-7	50.
3.39433492835295e-7	50.
3.4814502693070325e-7	50.
3.570801418714772e-7	50.
3.66244575844252e-7	50.
3.756442142929428e-7	50.
3.852850935959982e-7	50.
3.95173405412245e-7	50.
4.053155000238457e-7	50.
4.1571789068214357e-7	50.
4.26387257953507e-7	50.
4.3733045356373125e-7	50.
4.485545055796221e-7	50.
4.600666219191017e-7	50.
4.718741958670883e-7	50.
4.839848102541932e-7	50.
4.964062426383051e-7	50.
5.091464699847306e-7	50.
5.222136745163698e-7	50.
5.356162475581176e-7	50.
5.493627967242223e-7	50.
5.63462150096983e-7	50.
5.779233620769244e-7	50.
5.92755720068713e-7	50.
6.079687493284446e-7	50.
6.235722198167081e-7	50.
6.395761522159081e-7	50.
6.559908241147375e-7	50.
6.72826777529831e-7	50.
6.900948242544981e-7	50.
7.078060538818201e-7	50.
7.259718409920101e-7	50.
7.446038516711791e-7	50.
7.637140513672869e-7	50.
7.8331471291324e-7	50.
8.034184237142507e-7	50.
8.240380949409695e-7	50.
8.451869682154015e-7	50.
8.668786258069251e-7	50.
8.891269979868007e-7	50.
9.119463730570419e-7	50.
9.353514055406621e-7	50.
9.593571262105465e-7	50.
9.83978951951178e-7	50.
1.0092326949517694e-6	50.
1.0351345732365807e-6	50.
1.061701221195234e-6	50.
1.0889497001130303e-6	50.
1.1168975092027115e-6	50.
1.1455625964690688e-6	50.
1.174963371077888e-6	50.
1.2051187142205617e-6	50.
1.2360479919844736e-6	50.
1.2677710672205015e-6	50.
1.3003083125805476e-6	50.
1.333680623889372e-6	50.
1.3679094330149777e-6	50.
1.4030167217418843e-6	50.
1.4390250363129942e-6	50.
1.4759575016371617e-6	50.
1.5138378356639107e-6	50.
1.55269036542963e-6	50.
1.5925400424351799e-6	50.
1.6334124581906425e-6	50.
1.6753338614315556e-6	49.999941788918669
1.7183311741651066e-6	49.999270683963289
1.762432009554957e-6	49.998543142832766
1.8076646894717683e-6	49.997759164702344
1.8540582625451745e-6	49.99691874872623
1.90164252305149e-6	49.996021894037014
1.95044802996857e-6	49.995068599745196
2.000506126364962e-6	49.99405886493858
2.0518489597919494e-6	49.992992688681703
2.104509503177033e-6	49.991870070015238
2.158521575215975e-6	49.990691007955398
2.2139198629377607e-6	49.989455501493282
2.270739943266676e-6	49.988163549594304
2.3290183065901577e-6	49.986815151197476
2.3887923796580505e-6	49.985410305214721
2.450100549484757e-6	49.983949010530289
2.512982188755714e-6	49.982431265999907
2.577477680398128e-6	49.980857070450199
2.643628443823196e-6	49.97922642267779
2.7114769613354678e-6	49.977539321448724
2.7810668058793923e-6	49.975795765497523
2.852442668284425e-6	49.973995753526474
2.9256503865159045e-6	49.972139284204758
3.000736975260226e-6	49.970226356167672
3.0777506555100183e-6	49.968256968015751
3.156740885653646e-6	49.966231118313765
3.2377583940690482e-6	49.964148805590035
3.32085521038039e-6	49.962010028335271
3.406084700057674e-6	49.959814785001775
3.4935015978463132e-6	49.95756307400243
3.5831620435367837e-6	49.955254893709622
3.6751236175671125e-6	49.952890242454323
3.7694453782968634e-6	49.950469118524957
3.8661878994482555e-6	49.947991520166312
3.96541331005451e-6	49.945457445578548
4.0671853330710075e-6	49.94286689291588
4.171569326995109e-6	49.940219860285566
4.278632327987423e-6	49.937516345746651
4.388443092661661e-6	49.934756347308671
4.501072141877383e-6	49.931939862930612
4.6165918068728074e-6	49.929066890519323
4.735076275063336e-6	49.926137427928474
4.856601638012989e-6	49.923151472956974
4.981245939740144e-6	49.920109023347763
5.109089227864786e-6	49.917010076786262
5.2402136039200215e-6	49.913854630898996
5.374703276839394e-6	49.910642683252014
5.512644616778503e-6	49.907374231349444
5.654126210273807e-6	49.904049264143374
5.7992389180757834e-6	49.900666904811054
5.948075931979208e-6	49.897224675616364
6.10073283633358e-6	49.893719925585366
6.25730766821635e-6	49.89015000367484
6.417900980781967e-6	49.886512258770686
6.582615908282411e-6	49.882804039686036
6.7515582315891475e-6	49.879022695159556
6.924836446389472e-6	49.875165573853494
7.102561833054321e-6	49.871230024351888
7.284848527843264e-6	49.867213395158551
7.47181359644957e-6	49.863113034695104
7.663577108882463e-6	49.858926291298985
7.860262217023728e-6	49.854650513221294
8.061995233020076e-6	49.850283048624668
8.268905711018443e-6	49.845821245581185
8.481126530405645e-6	49.841262452069962
8.698793980552348e-6	49.836604015975055
8.922047848732846e-6	49.831843285082911
9.15103151021778e-6	49.826977607080096
9.385892019202563e-6	49.822004329550779
9.626780204917432e-6	49.816920799974248
9.873850767236022e-6	49.811724365722263
0.00001012726237612835	49.806412374056428
0.000010387177774122472	49.800982172125508
0.000010653763880604756	49.795431106962638
0.00001092719189862737	49.789756525482453
0.000011207637425393045	49.783955774478216
0.000011495280564745572	49.778026200618783
0.000011790306042836155	49.771965150445595
0.000012092903326798395	49.765769970369561
0.000012403266746264794	49.759438006667807
0.000012721595618727673	49.752966605480388
0.000013048094376905845	49.746353112807007
0.000013382972700122849	49.739594874503524
0.000013726445649529586	49.732689236278425
0.000014078733805165576	49.725633543689213
0.000014440063408870398	49.718425142138777
0.000014810666508699445	49.71106137687157
0.000015190781108019845	49.70353959296969
0.000015580651318952202	49.695857135349044
0.000015980527518486713	49.68801134875519
0.000016390666509279446	49.679999577759176
0.00001681133168529585	49.67181916675338
0.00001724279320029585	49.663467459947078
0.000017685328141333324	49.654941801362035
0.000018139220706935753	49.646239534827913
0.000018604762389963992	49.637358003977617
0.000019082252163814994	49.628294503647133
0.00001957199667547764	49.61904485822388
0.000020074310441931464	49.609603194166254
0.000020589516051727	49.599963543333907
0.00002111794437341921	49.590119937368961
0.000021659934766675218	49.580066407690985
0.0000222158353010709	49.569796985491763
0.000022786002979233293	49.559305701729961
0.000023370803966334653	49.548586587125669
0.000023970613825269482	49.537633672154875
0.000024585817757180357	49.526440987043799
0.000025216810850006805	49.515002561762984
0.000025863998331380044	49.503312426021509
0.00002652779582887223	49.491364609260792
0.000027208629637265924	49.479153140648478
0.00002790693699217515	49.466672049072074
0.000028623166350853835	49.453915363132545
0.00002935777768019161	49.440877111137588
0.000030111242751729796	49.427551321095045
0.000030884045445703425	49.413932020705872
0.00003167668206026478	49.4000132373572
0.000032489661631738736	49.385788998115096
0.00003332350626056114	49.371253329717234
0.00003417875144641028	49.356400258565429
0.00003505594643336728	49.341223810717963
0.00003595565456109375	49.325718011881719
0.00003687845362770989	49.30987688740435
0.000037824936260194104	49.293694462265947
0.000038795710295647397	49.2771647610709
0.000039791399170915	49.260281808039309
0.00004081264232340704	49.243039626998282
0.00004186009560161369	49.225432241373206
0.000042934431686317836	49.207453674178708
0.00004403634052283948	49.189097948009334
0.000045166529763643334	49.170359085030292
0.00004632572522298102	49.151231106967693
0.00004751467134340083	49.131708035099038
0.000048734131672954906	49.111783890242904
0.00004998488935678111	49.091452692749023
0.00005126774763888102	49.070708462487744
0.000052583530378606805	49.049545218839526
0.00005393308257951716	49.027956980684095
0.00005531727093244073	49.005937766389373
0.00005673698437124281	48.983481593800334
0.000058193134644638256	48.96058248022748
0.00005968665690104187	48.937234442435191
0.00006121851028946503	48.913431496629741
0.00006278967857562279	48.88916765844727
0.00006440117077308428	48.864436683357802
0.00006605402179197351	48.839228761547879
0.0000677492931032152	48.813531493228822
0.0000694880734201637	48.787332419764901
0.00007127147939828401	48.760619081914648
0.00007310065635154768	48.733379019818948
0.00007497677898838485	48.705599772989174
0.00007690105216635683	48.677268880295046
0.00007887471166504809	48.648373879952302
0.0000808990249806871	48.61890230951029
0.00008297529213948792	48.588841705839336
0.00008510484653288828	48.558179605117985
0.00008728905577334648	48.526903542820101
0.00008952932257353948	48.495001053701742
0.00009182708564611975	48.462459671787997
0.00009418382062854453	48.429266930359503
0.00009660104103030285	48.395410361939042
0.00009908029920488044	48.360877498277802
0.00010162318734679686	48.325655870341542
0.00010423133851438323	48.2897330082967
0.00010690642767813391	48.253096441496297
0.00010965017279630292	48.215733698465705
0.0001124643359185815	48.17763230688832
0.00011535072431785626	48.138779793591127
0.00011831119164971418	48.099163684530119
0.00012134763914470824	48.058771504775606
0.00012446201682736702	48.017590778497507
0.00012765632477013795	47.975609028950394
0.0001309326143769161	47.932813778458581
0.00013429298970050343	47.889192548401134
0.00013773960879433388	47.844732859196654
0.0001412746850981293	47.799422230288229
0.00014490048885915774	47.753248180128132
0.00014861934859059867	47.706198226162648
0.00015243365256668086	47.658259884816651
0.00015634585035643127	47.60942067147846
0.00016035845439703794	47.559668100484373
0.00016447404160682707	47.508989685103472
0.00016869525504119707	47.457372937522266
0.00017302480558850083	47.404805368829422
0.0001774654737127296	47.35127448900063
0.00018202011123748225	47.296767806883381
0.00018669164317857453	47.241272830181984
0.0001914830696222799	47.184777065442489
0.00019639746765137437	47.127268018038038
0.00020143799332216175	47.068733192153942
0.0002066078836908072	47.009160090773307
0.00021191045889198848	46.948536215662614
0.00021734912427153535	46.886848818434785
0.00022292737257339286	46.824083305024367
0.00022864878618241116	46.760224251594927
0.000234517039424802	46.695256229131431
0.00024053590092843366	46.62916380737817
0.00024670923604263115	46.561931554828831
0.0002530410093203218	46.493544038717012
0.0002595352870648678	46.423985825007357
0.0002661962399405813	46.353241478387261
0.00027302814565177116	46.281295562259167
0.00028003539168948373	46.208132638733716
0.0002872224781494487	46.133737268623364
0.00029459402062223343	46.058094011436999
0.0003021547531571091	45.981187425375282
0.00030990953130196876	45.903002067326895
0.0003178633352223071	45.823522492865756
0.00032602127289926066	45.742733256249153
0.00033438858340955073	45.660618910417071
0.0003429706402906714	45.577164006992511
0.00035177295499149043	45.492353096283047
0.00036080118041177266	45.406170727283772
0.0003700611145326321	45.318601447681246
0.0003795587041394163	45.229629803859339
0.0003893000486418713	45.139240340906063
0.0003992914039902493	45.047417602622389
0.0004095391866933763	44.954146131532404
0.00042004997793934867	44.859410468895547
0.0004308305278220348	44.763195154720293
0.00044188775967555344	44.665484727780218
0.0004532287745210759	44.566263725631693
0.0004648608556269547	44.465516684634068
0.00047679147318618935	44.363228139971916
0.0004890282891134039	44.259382625679748
0.0005015791619658469	44.153964674669183
0.0005144521519899205	44.046958818758732
0.0005276555262977504	43.93834958870648
0.0005411977641761363	43.82812151424536
0.0005550875625322299	43.716259124121862
0.0005693338414784471	43.602746946137579
0.0005839457500614614	43.48756950719423
0.0005989326721371175	43.3707113333422
0.0006143042323974494	43.252156949832731
0.0006300703025516417	43.131890881173867
0.0006462410076651131	43.009897651190549
0.0006628267326625717	42.886161783088703
0.000679838128997048	42.760667799524022
0.0006972861214899202	42.633400222675036
0.0007151819153476153	42.504343574321275
0.0007335370033573251	42.373486247182299
0.0007523631732674207	42.240833269931052
0.0007716725153580813	42.106394138172426
0.0007914774302058146	41.970178346331309
0.0008117906366463818	41.832195387624822
0.0008326251799441497	41.692454754094307
0.0008539944401685398	41.550965936639272
0.0008759121407881036	41.40773842505434
0.0008983923574823913	41.262781708068566
0.0009214495271828136	41.116105273387788
0.0009450984573429974	40.967718607739741
0.0009693543354489978	40.817631196922321
0.0009942327387725445	40.66585252585493
0.001019749644374509	40.512392078633212
0.001045921439366277	40.357259338587021
0.001072764931432881	40.200463788342333
0.0011002973596270732	40.042014909886326
0.0011285364054408676	39.881922184636934
0.0011575002041603972	39.720195093515798
0.0011872073565122752	39.556843117025934
0.001217676940609489	39.391875735333379
0.0012489285242031696	39.225302428353366
0.0012809821772494406	39.057132675841409
0.0013138584847980212	38.887375957488956
0.0013475785602127895	38.716041753024314
0.0013821640587296472	38.54313954231862
0.0014176371913653966	38.368678805497432
0.0014540207391799673	38.192669023057682
0.0014913380679082067	38.015119675990924
0.001529613142964244	37.836040245912102
0.0015688705448326339	37.655440215195114
0.0016091354848544704	37.473329067114513
0.0016504338214176652	37.289716285994281
0.0016927920765637573	37.10461135736336
0.0017362374530206154	36.918023768118715
0.0017807978516715664	36.72996300669562
0.0018265018894741457	36.540438563246141
0.00187337891783801	36.349459929825315
0.0019214590414742014	36.157036600586039
0.001970773137729142	35.963178071982362
0.0020213528764135564	35.767893842982083
0.0020732307401415224	35.571193415288256
0.0021264400451910317	35.373086293570808
0.002181014962899419	35.173581985707656
0.0022369905416093736	34.97269000303654
0.002294402729175573	34.770419860617224
0.002353288396052649	34.566781077505098
0.0024136853589716845	34.36178319605235
0.002475632405227638	34.15544381055296
0.0025391693175885535	33.947801022985843
0.0026043368998434463	33.738896154112027
0.0026711770030082497	33.52877052504244
0.0027397325522011858	33.317465457258905
0.0028100475742108	33.105022272631992
0.002882167225769527	32.891482293436674
0.002956137822553679	32.676886842364183
0.0030320068689280795	32.461277242531047
0.0031098230884530585	32.244694817483868
0.0031896364551757058	32.027180891200459
0.003271498225722595	31.808776788086373
0.003355460972218226	31.589523832966599
0.0034415786160460478	31.369463351072358
0.0035299064624778275	31.148636668022036
0.0036205012361908997	30.927085109796426
0.0037134211176968785	30.704850002707275
0.0038087257807057234	30.481972673359227
0.003906476430448405	30.258494448603926
0.004006735842983567	30.034456655486764
0.004109568405512253	29.809900621184557
0.004215040157728126	29.584867672934699
0.004323218834228392	29.359399137954192
0.004434173908013541	29.133536343348794
0.004547976635103121	28.907320616010764
0.004664700100296655	28.680793282505444
0.0047844192641095925	28.453995668944792
0.004907211010913077	28.226969100848443
0.00503315419830959	27.999754902990091
0.0051623297077757506	27.772394399229565
0.005294820496605358	27.544928912328796
0.005430711651184099	27.317399763751286
0.005570090441633703	27.089848273443906
0.005713046377856118	26.862315759600012
0.005859671267018343	26.634843538402666
0.006010059272511336	26.407472923747385
0.00616430697442144	26.180245226942286
0.006322513431556284	25.95320175638556
0.006484780245059265	25.726383817217822
0.006651211623659394	25.49983271094921
0.0068219144505949686	25.273589735058504
0.00699699835225385	25.047696182564192
0.007176575768576822	24.822193341564656
0.007360762025266637	24.597122494747051
0.00754967540785141	24.372524918862172
0.007743437237648324	24.148441884164526
0.007942171949676256	23.924914653814863
0.008146007172569351	23.7019843573445
0.008355073810540828	23.479684386565466
0.008569506127449996	23.258036046588248
0.008789441833028006	23.037059591810809
0.009015022171314946	22.816775277520307
0.009246392011368832	22.597203359755067
0.009483699940300272	22.378364095150346
0.009727098358696696	22.160277740767359
0.009976743578494457	21.942964553903984
0.010232795923363833	21.726444791886809
0.010495419831669446	21.51073871184256
0.010764783962073622	21.295866570448673
0.011041061301850393	21.081848623660839
0.011324429277978318	20.868705126417193
0.011615069871085869	20.656456332316918
0.011913169732319385	20.445122493272791
0.012218920303213341	20.234723859135247
0.012532517938633626	20.025280677287537
0.012854164032878417	19.81681319220927
0.013184065149015031	19.609341645007827
0.013522433151535677	19.402886272914927
0.013869485342418322	19.197467308747449
0.014225444600678963	18.993104980329857
0.014590539525506378	18.789819509877137
0.014965004583069761	18.587631113335338
0.015349080257093908	18.386559999678543
0.015743013203299825	18.186626370159331
0.016147056407808273	17.987850417511105
0.016561469349609195	17.790252325099317
0.016986518167200416	17.593852266019926
0.01742247582950358	17.398670402141661
0.01786962231116615	17.204726883090476
0.01832824477236354	17.012041845172408
0.018798637743214233	16.820635410233084
0.019281103312929468	16.630527684449976
0.019775951323815953	16.441738757055258
0.02028349957026006	16.25428869898527
0.020804074002815042	16.068197561454227
0.02133800893753052	15.883485374447886
0.021885647270651107	15.700172145134589
0.02244734069882684	15.518277856189233
0.02302344994497481	15.337822464027221
0.023614344989937232	15.158825896943924
0.024220405310086332	14.981308053155884
0.02484202012102545	14.80528879874003
0.02547958862754618	14.630787965465832
0.026133520279999746	14.457825348516996
0.026804235037248728	14.286420704097255
0.02749216363636715	14.116593175685182
0.02819774786926241	13.948349158146204
0.028921440866396697	13.781682554514395
0.02966370738779001	13.616586738970641
0.03042502412149208	13.453055081409584
0.031205879989714195	13.291080947197042
0.032006776462818194	13.130657696915408
0.03282822788136327	12.97177868609578
0.033670761786419076	12.814437264937188
0.03453491925835563	12.658626778011692
0.03542125526432835	12.504340563955596
0.03633033901468144	12.351571955145589
0.037262754328497794	12.20031427736007
0.03821910000853213	12.050560849424443
0.03919999022576453	11.902304982840574
0.04020605491382585	11.755539981399208
0.04123794017354337	11.6102591407756
0.0422963086878732	11.466455748107043
0.04338184014747617	11.324123081552571
0.04449523168722216	11.183254409833589
0.045637198333892015	11.043842991755557
0.046808473465374055	10.905882075709632
0.048009809281641655	10.769364899154272
0.04924197728782317	10.63428468807577
0.05050576878966448	10.500634656427732
0.05180199540171255	10.368408005548419
0.053131489568538	10.237597923556029
0.05449510509933637	10.10819758472082
0.055893717716249194	9.980200148814198
0.057328225616759286	9.853598760433622
0.058799550050516736	9.728386548303549
0.060308635910972686	9.604556624551263
0.06185645234219415	9.482102083957804
0.06344399336125586	9.36101600318297
0.06507227849660259	9.241291439964517
0.06674235344279678	9.122921432290775
0.06845529073207092	9.00589899754644
0.07021219042311287	8.890217131631472
0.0720141808075311	8.77586880805227
0.07386241913445002	8.662846976985477
0.0757580923537025	8.551144564313592
0.07770241787809605	8.44075447063277
0.07969664436524315	8.331669570232132
0.08174205251945556	8.223882710045004
0.08383995591422268	8.117386708571575
0.08599170183579316	8.012174354773423
0.0881986721484138	7.90823840693958
0.09046228418176767	7.805571591524689
0.0927839916411948	7.704166546333892
0.09516528554126845	7.604015268958473
0.09760769516333524	7.505109352441823
0.10011278903762684	7.407440353483007
0.1026821759505828	7.310999796943544
0.10531750597801863	7.215779174868351
0.1080204715448192	7.121769945494744
0.11079280851181958	7.028963532250946
0.11363629729058995	6.937351322744918
0.11655276398682206	6.8469246677452045
0.11954408157306984	6.7576748801547595
0.12261217109157967	6.669593233979722
0.12575900288799885	6.582670963294309
0.1289865978767401	6.496899261204018
0.1322970288388286	6.41226927880862
0.13569242175305074	6.328772124167276
0.13917495716127448	6.246398861267602
0.14274687156880253	6.165140509001291
0.14641045888067347	6.08498804014832
0.1501680718748178	6.005932380372674
0.1540221237130293	5.927964407231937
0.15797508949070957	5.851074949203896
0.16202950782639194	5.775254784732836
0.1661879824920541	5.700494641299035
0.17045318408528035	5.6267851945143255
0.17482785174433213	5.554117067247602
0.1793147949072397	5.482480828783516
0.1839168951160438	5.4118669940182915
0.18863710786733337	5.342266022696604
0.19347846451028927	5.273668318693362
0.19844407419343	5.20606422934489
0.20353712586133021	5.139444044833527
0.2087608903025756	5.0737979976304555
0.21411872225028855	5.009116262001078
0.21961406253655172	4.945388953577953
0.22525044030213767	4.882606129005915
0.23103147526293816	4.820757785664624
0.236960880034574	4.759833861473357
0.24304246251665235	4.699824234783509
0.24928012833823032	4.640718724363788
0.2556778833660257	4.5825070894837445
0.2622398362770171	4.525179030100712
0.2689702011970524	4.468724187155925
0.2758733004071949	4.41313214298497
0.2829535671195094	4.358392421848311
0.2902155483241064	4.304494490587112
0.29766390770923845	4.251427759410017
0.305303428656357	4.199181582816006
0.31313901731202054	4.147745915543934
0.32117570573866056	4.09711462305165
0.3294186551461933	4.0472829347902595
0.3378731592065887	3.9982459299307216
0.3465446474534903	3.949998532020952
0.35543868876910323	3.9025355065090506
0.36456099496055433	3.855851458395868
0.37391742442805975	3.8099408300281614
0.3835139859272142	3.764797899044187
0.39335684242786123	3.720416776483322
0.4034523150719783	3.6767914050718886
0.4138068872331639	3.633915557696968
0.424427208680288	3.5917828360804793
0.4353200998480253	3.5503866696653974
0.4464925562169671	3.509720314726311
0.4579517528061753	3.4697768537160423
0.4697050487810093	3.4305491948602738
0.4817599921792343	3.39203007201158
0.4941243247584194	3.354212044774217
0.5068059869677308	3.3170874989106456
0.5198131230473494	3.2806486470402505
0.5331540862587367	3.2448875296404913
0.5468374442491655	3.209796016359915
0.5608719845538984	3.175365807652208
0.5752667202396131	3.141588436739426
0.5900308956926307	3.1084552719122422
0.6051739925557343	3.075957519173844
0.6207057358173199	3.0440862252336474
0.6366361000568602	3.0128322808557444
0.6529753158506216	2.9821864245663035
0.6697338763418212	2.9521392467228478
0.6869225439793681	2.922681193947488
0.7045523574295911	2.893802573924787
0.7226346386653194	2.865493560563945
0.7411810002369403	2.837744199523572
0.7602033527300295	2.810544414096173
0.7797139124144228	2.7838840114479644
0.7997252090895552	2.757752689208502
0.8202500941311984	2.7321400424029645
0.8413017487446672	2.7070355707187814
0.8628936924298937	2.68242868609667
0.8850397916637077	2.6583087206348903
0.9077542688049968	2.6346649347939883
0.9310517112283657	2.6114865258880267
0.954947080692263	2.5887626368467855
0.9794557229474851	2.566482365232214
1.0045933775923388	2.5446347724909564
1.0303761881806774	2.5232088935154917
1.0568207125894193	2.5021955591707297
1.0839439336520844	2.4815919284670223
1.111763270065305	2.461396258717045
1.140296587575186	2.4416064427259196
1.1695622104508279	2.422220014798171
1.199578933252249	2.4032341573745457
1.2303660329004014	2.384645708289918
1.261943281056893	2.3664511686412655
1.2943309568214847	2.3486467112522345
1.3275498597554625	2.3312281897186193
1.361621323239209	2.3141911480167496
1.3965672281726638	2.297530830654526
1.4324100170273593	2.2812421933427744
1.4691727082590773	2.265319914162472
1.5068789110904999	2.249758405201341
1.545552840673156	2.2345518246316223
1.5852193336385587	2.2196940891988737
1.6259038640483954	2.2051788870901694
1.6676325597541912	2.1909996911484555
1.710432219176729	2.177149772398631
1.7543303285161815	2.1636222138495884
1.7993550794038646	2.1504099245355457
1.8455353870071478	2.1375056537590544
1.892900908598901	2.1249020054975154
1.9414820626036	2.112591452934432
1.991310048132168	2.100566353076392
2.0424168650183154	2.0888189614165777
2.094835334368972	2.0773414466057627
2.1485991196422285	2.0661259050918592
2.2037427482661545	2.055164375689626
2.2603016338126096	2.0444488540426002
2.318312098739995	2.0339713069402263
2.3778113977197863	2.0237236864539403
2.438837741561643	2.013697943857151
2.5014303217527227	2.003886043295175
2.5656293356266224	1.9942799751726867
2.631476012178386	1.9848717692275846
2.699012638541938	1.9756535072619095
2.768282587147252	1.9666173355020493
2.839330343574309	1.9577554765623786
2.9122015351220467	1.9490602409882885
2.986942960110407	1.94052403835657
3.0636026179346207	1.9321393879130628
3.142229739890626	1.9238989287296342
3.2228748207917506	1.9157954293645467
3.3055896513966965	1.9078217970124356
3.39042735167001	1.899971086132178
3.477442404895982	1.8922365242817616
3.566690692668067	1.8846145710540099
3.6582295307765227	1.8771081142201702
3.7521177060168673	1.8697204208915779
3.84841551394316	1.8624542866410527
3.9471847975900674	1.8553120577710223
4.048488987188989	1.8482956535562323
4.1523931409032375	1.8414065884081698
4.258963986608833	1.8346459939102628
4.3682699647474355	1.8280146406750843
4.480381272279383	1.8215129599769955
4.595369907764494	1.815141065116107
4.713309717600028	1.808898772471812
4.834276443445172	1.8027856222067589
4.958347770862974	1.7968008985846557
5.085603379210365	1.7909436498680253
5.2161249928087825	1.7852127077646358
5.349996433427878	1.7796067063940402
5.487303674116593	1.774124100748338
5.628134894415415	1.7687631846239698
5.772580536985895	1.7635221080039432
5.920733365693308	1.758398893872541
6.07268852518041	1.753391454447088
6.228543601969739	1.7484976068138487
6.388398687134364	1.7437150879575671
6.552356440576792	1.739041569176479
6.720522156958039	1.7344746698768865
6.893003833318342	1.730011970743593
7.069912238433581	1.7256510262845055
7.251360983951474	1.7213893767497388
7.437466597353955	1.7172245594273636
7.628348596791631	1.7131541193197632
7.824129567839171	1.7091756192061394
8.024935242220275	1.7052866490983154
8.230894578553679	1.701484835098329
8.442139845170948	1.6977678476677167
8.658806705060105	1.6941334093194924
8.881034302988983	1.6905793017450157
9.108965354865203	1.6871033723888373
9.342746239389012	1.683703540485572
9.582527092058372	1.6803778025735852
9.828461901587273	1.6771242375009523
10.080708608797961	1.6739410109397797
10.339429208051623	1.6708263794254137
10.604789851281856	1.6677786939375165
10.876960954698879	1.6647964030402673
11.156117308231561	1.661878055599228
11.442438187778738	1.6590223030925402
11.736107470340933	1.6562278311322447
12.037313752107782	1.6534906259455402
12.346250469575322	1.650803343745361
12.663116023772231	1.6481589861977382
12.98811390767384	1.6455511432036054
13.321452836887062	1.6429739693695755
13.66334688368848	1.6404221608321212
14.014015614503036	1.6378909324609345
14.373684230910518	1.6353759954648088
14.742583714271984	1.6328735354210064
15.12095097406697	1.6303801907468214
15.509029000038435	1.6278930316298232
15.907067018241765	1.6254095394312258
16.315320651099945	1.6229275865747481
16.734052081565363	1.620445416931518
17.16353022149553	1.617961626709667
17.60403088434942	1.615475145855619
18.05583696231725	1.6129852199723953
18.519238607995096	1.6104913927587725
18.994533420722885	1.6079934889716543
19.48202663770396	1.6054915979126931
19.982031330031052	1.6029860574389214
20.494868603741924	1.600477438495985
21.02086780603584	1.597966530171483
21.560366736781795	1.5954543252648983
22.11371186545648	1.5929420063696826
22.681258553648505	1.590430932462203
23.26337128327405	1.5879226259914725
23.86042389064875	1.5854187604628862
24.472799806568553	1.5829211485085286
25.100892302550864	1.5804317304360511
25.74510474339535	1.5779525632475984
26.405850846228283	1.5754858101198004
27.0835549461935	1.5730337303354538
27.77865226896337	1.5705986696571546
28.491589210242562	1.568183051132861
29.222823622447244	1.5657893663230875
29.97282510873988	1.5634201669392522
30.742075324611662	1.561078056882509
31.53106828720369	1.5587656846722804
32.34031069256907	1.5564857362536002
33.170322241075326	1.554240928172341
34.02163597115956	1.5520340011073441
34.894798601648034	1.5498677137484937
35.790370882863705	1.5477448370097922
36.70892795674254	1.5456681485665504
37.65105972619366	1.543640427705885
38.61737123393746	1.5416644504798003
39.60848305106933	1.5397427149886276
40.625031675593064	1.5378732221549574
41.66766994118437	1.536050564987882
42.73706743644332	1.534269726276467
43.83391093491006	1.53252616302144
44.95890483611365	1.5308157736660353
46.112771617942464	1.5291348668372724
47.29625230062243	1.5274801315490962
48.51010692260668	1.5258486088193666
49.755115028675625	1.5242376646533318
51.032076170565894	1.52264496434692
52.341810420445974	1.5210684480639316
53.685158897573544	1.5195063076420074
55.062984308466014	1.5179569645831021
56.476171500936594	1.5164190491850382
57.92562803234734	1.5148913807716495
59.41228475245032	1.513372948979917
60.937096401183375	1.5118628960634821
62.50104222181078	1.5103605001728606
64.10512658979738	1.5088651595736795
65.7503796578272	1.5073763777652285
67.43785801737252	1.5058937494626352
69.16864537724182	1.5044169474069535
70.9438532595469	1.5029457099684587
72.76462171352736	1.5014798295094478
74.632120047698	1.500019141473829
76.54754758078374	1.4985635141717792
78.51213441193256	1.497112839228714
80.52714221069043	1.4956670226688071
82.5938650272543	1.4942259766042396
84.71363012351664	1.492789611502303
86.88779882544448	1.4913578290034273
89.1177673973289	1.489930515264111
91.40496793847565	1.4885075347996388
93.75086930290536	1.4870887248023512
96.15697804266435	1.485673889912105
98.62483937533892	1.4842627974164133
101.15603817640479	1.482855172858578
103.75219999704083	1.4814506960329497
106.41499210807214	1.4800489973472357
109.14612457069862	1.4786496545325534
111.94735133470813	1.4772521896826882
114.8204713648705	1.4758560666047305
117.76732979624825	1.474460688464001
120.7898191191505	1.4730653957068547
123.88988039450305	1.4716694642456356
127.06950450040638	1.4702721038907085
130.33073341069445	1.4688724570151206
133.67566150629935	1.4674698657535816
137.10643692027725	1.466065933862067
140.62526291734852	1.4646633044578936
144.23439930885343	1.4632644253690286
147.93616390401294	1.4618715464911447
151.73293399844167	1.4604867275258333
155.6271479008573	1.4591118454814196
159.6213064989836	1.4577486019418526
163.71797486563153	1.4563985301091058
167.91978390600642	1.4550630016244694
172.22943204728676	1.453743233174078
176.64968697157752	1.4524402928839346
181.1833873933274	1.451155106509664
185.83344488237125	1.449888463426143
190.60284573375236	1.4486410224220827
195.494652885547	1.447413317304588
200.51200788589813	1.4462057623186286
205.6581329105323	1.4450186573862918
210.9363328320685	1.44385219317059
216.34999734242223	1.4427064559685487
221.90260312968883	1.4415814324381866
227.59771611088726	1.4404770141639407
233.4389937220232	1.4393930020649863
239.4301872669101	1.4383291106508442
245.57514432628275	1.4372849721285514
251.87781122872966	1.4362601403656134
258.34223558505965	1.4352540947128516
264.9725688876952	1.4342662436911873
271.7730691767896	1.4332959285463116
278.7481037747582	1.4323424266751061
285.9021520910111	1.4314049549275911
293.239808498649	1.4304826727881075
300.7657852850017	1.4295746854393325
308.484915677879	1.4286800467126712
316.4021569495111	1.427797761928452
324.5225936001313	1.426926790629314
332.8514406232763	1.4260660492100452
341.39404685487756	1.425214413447096
350.15589840833036	1.424370720930876
359.1426221976994	1.4235337734038933
368.359989551362	1.4227023390076943
377.81391991837995	1.4218751544415096
387.5104846700205	1.4210509270354106
397.4559109988181	1.4202283367407358
407.65658591772007	1.4194060380404527
418.1190603618535	1.4185826617820572
428.8500533955927	1.4177568169355472
439.85645652757165	1.4169270922789259
451.1453381364584	1.4160923262777239
462.7239480102979	1.415252682041859
474.59972200238894	1.414408703898522
486.78028680662106	1.4135608930628243
499.2734648553907	1.4127097106750184
512.0872793432002	1.4118555808409803
525.2299593792231	1.410998893528504
538.7099452720771	1.4101400073251216
552.5358939502305	1.409279252062956
566.7166845215559	1.4084169313159234
581.2614239755324	1.407553324774421
596.1794530318169	1.4066886905024378
611.4803521388948	1.4058232670818684
627.1739476267256	1.4049572756486202
643.2703180172564	1.4040909218249558
659.7798004969175	1.403224397552344
676.7129975552075	1.4023578828289323
694.080783793704	1.4014915473556158
711.8943129097806	1.4006255520945252
730.1650248595881	1.3997600507436163
748.9046532048429	1.3988951911309069
768.125232648222	1.3980311165317771
787.839106762102	1.3971679669126276
808.0589359156863	1.3963058801040498
828.7977054055477	1.3954449929065709
850.0687337948993	1.3945854421318864
871.885681466833	1.3937273655824223
894.262559397112	1.3928709029719228
917.2137381520802	1.3920161967896902
940.7539571175628	1.391163393110973
964.8983339645653	1.3903126423559242
989.6623743579459	1.3894640999994539
1015.0619819142194	1.3886179272341976
1041.1134684149981	1.3877742915887523
1067.8335642824875	1.386933367503236
1095.239429323882	1.3860953368641518
1123.3486637514627	1.3852603895004583
1152.1793194856086	1.3844287236426709
1181.7499117478178	1.3836005463467473
1212.079430951311	1.3827760738844417
1243.187354896755	1.381955532101744
1275.0936612810763	1.3811391567469509
1307.8188405272235	1.3803271937698616
1341.3839089432602	1.3795198995935232
1375.8104222191262	1.378717541359896
1411.1204892698897	1.3779203971507457
1447.3367864341978	1.3771287561850358
1484.4825720371275	1.3763429188856902
1522.581701326884	1.3755630554205662
1561.6586417947435	1.374788928311579
1601.7384888882482	1.3740202371787587
1642.8469821276058	1.3732566964830284
1685.0105216358352	1.3724980354143044
1728.2561850930401	1.3717439977731867
1772.6117451258815	1.3709943418466943
1818.105687143277	1.37024884027851
1864.7672276299786	1.3695072799341514
1912.6263329095239	1.3687694617614832
1961.7137383888191	1.3680352006469616
2012.0609682965458	1.3673043252679762
2063.7003559282957	1.3665766779416475
2116.665064411153	1.3658521144704105
2170.989108001283	1.3651305039847113
2226.7073739280354	1.3644117287831132
2283.855644798821	1.3636956841701031
2342.470621578861	1.362982278291871
2402.5899471607995	1.3622714319703295
2464.2522305391312	1.3615630785356074
2527.49707160523	1.360857163657261
2592.3650865785708	1.3601536451744212
2658.897934090751	1.3594524929250849
2727.1383419388367	1.3587536885747522
2797.1301345255283	1.358057225444592
2868.9182610033754	1.3573631083393187
2942.548824141443	1.3566713533749426
3018.0691099327014	1.3559819878065544
3095.5276179614975	1.3552950498562921
3174.974092550205	1.354610588541628
3256.4595547053686	1.353928663504109
3340.036334883613	1.3532493448386798
3425.758106598716	1.352572712923688
3513.6799208909692	1.3518988582516998
3603.8582416813438	1.3512278812612173
3696.350982032853	1.350559892169392
3791.21754134283	1.3498950108058287
3888.518843489503	1.3492333664475549
3988.3173759575925	1.3485750976552437
4090.67722996832	1.3479203521107492
4195.664141639067	1.3472692864560312
4303.345534199565	1.34662206613352
4413.790561291377	1.3459788652279907
4527.0701513789745	1.345339866309984
4643.257053300293	1.3447052602808343
4762.42588298655	1.3440752462193377
4884.653171380914	1.3434500312301092
5010.017413587324	1.342829828245572
5138.599119280411	1.3422146664318133
5270.480864409348	1.3416042380179836
5405.747344228483	1.340998207411938
5544.485427689369	1.3403962471471573
5686.784213228378	1.339798037688954
5832.735085986335	1.3392032672452048
5982.4317764964435	1.3386116315815162
6135.970420878847	1.3380228338407134
6293.449622579666	1.3374365843665585
6454.970515694806	1.3368526005316037
6620.636829918717	1.336270606569081
6790.554957160488	1.3356903334087387
6964.834019869203	1.335111518516532
7143.585941113131	1.334533905738086
7326.925516457199	1.3339572451458357
7514.9704876856895	1.3333812928897646
7707.841618416539	1.33280581105166
7905.662771656561	1.3322305675028
8108.560989346802	1.331655335764996
8316.666573949968	1.3310798948749136
8530.113172131245	1.3305040292515966
8749.037860587097	1.3299275285671184
8973.581234076528	1.3293501876202902
9203.887495712223	1.3287718062133544
9440.104549568441	1.3281921890315993
9682.384095666024	1.3276111455258157
9930.881727394795	1.327028489797542
10185.757031436986	1.3264440404870306
10447.173690254564	1.3258576206638641
10715.299587206888	1.32526905772017
10990.306914366845	1.3246781832663683
11272.372283103348	1.3240848330293968
11561.67683750239	1.3234888467533494
11858.40637069853	1.3228900681024809
12162.751444192876	1.322288344566514
12474.90751023249	1.3216835273682033
12795.07503733118	1.321075471373096
13123.45963901125	1.3204640350014427
13460.272205850251	1.319849080142208
13805.729040915861	1.3192304720691292
14160.051998677194	1.3186080793587769
14523.46862748069	1.3179817738105728
14896.212315683631	1.3173514303687126
15278.522441537167	1.316716927045956
15670.644526916672	1.3160781448492378
16072.830394996961	1.315434967707056
16485.338331975287	1.314787282398595
16908.433252943883	1.3141899769314198
17342.386872020248	1.313658317345582
17787.47787684314	1.313127921868715
18243.992107548154	1.3125987850107854
18712.222740335525	1.3120709013163512
19192.47047574992	1.311544265364275
19685.04373179158	1.3110188717674431
20190.258841985054	1.3104947151724842
20708.44025852997	1.309971790259493
21239.920760666453	1.3094500917417575
21785.041668387406	1.3089296143654867
22344.15306163714	1.3084103529095417
22917.614005134237	1.3078923021851712
23505.792778965446	1.3073754570357472
24109.06711509664	1.3068598123365063
24727.824439955624	1.3063453629942892
25362.462123239053	1.3058321039472882
26013.38773310599	1.3053200301647925
26681.019297919927	1.3048091366469394
27365.78557471022	1.3042994184244656
28068.126324521898	1.3037908705584622
28788.4925948323	1.3032834881401325
29527.34700921762	1.3027772662905506
30285.16406445183	1.3022722001604237
31062.430435231767	1.3017682849298575
31859.645286721687	1.301265515808121
32677.320595121484	1.3007638880334162
33515.981476460016	1.3002633968726498
34376.166523828266	1.299764037621206
35258.42815326609	1.2992658056027222
36163.33295852861	1.2987686961688667
37091.462074955205	1.298272704699119
38043.41155267859	1.2977778266005513
39019.79273941082	1.2972840573076134
40021.23267305601	1.296791392281919
41048.37448439689	1.2962998270120327
42101.877810117774	1.2958093570132625
43182.4192164261	1.2953199778274502
44290.69263354908	1.2948316850227675
45427.40980137867	1.2943444741935106
46593.300726555986	1.2938583409599
47789.11415128453	1.2933732809678804
49015.618034179	1.292889289888922
50273.60004345165	1.2924063634198255
51563.86806275826	1.2919244972825272
52887.25071002441	1.2914436872239077
54244.59786959119	1.2909639290156003
55636.78123801453	1.290485218453803
57064.69488387483	1.290007551359091
58529.255821951556	1.289530923576233
60031.4046021381	1.2890553309740056
61572.10591346702	1.2885807694450138
63152.34920364002	1.288107234905509
64773.149314455426	1.2876347232952128
66435.54713354845	1.2871632305771383
68140.61026285372	1.2866927527374166
69889.43370422664	1.2862232857851226
71683.14056265826	1.2857548257521039
73522.88276754296	1.2852873686928092
75409.84181245316	1.2848209106841217
77345.22951389993	1.2843554478251908
79330.28878957208	1.2838909762372666
81366.29445654331	1.283427492063536
83454.55404996854	1.282964991468961
85596.40866278861	1.282503470640116
87793.23380699169	1.2820429257850299
90046.44029697312	1.2815833531330274
92357.47515557021	1.281124748934572
94727.82254334642	1.2806671094611115
97159.00471173215	1.2802104310049234
99652.58298062123	1.2797547098789634
102210.15874106133	1.2792999424167129
104833.3744836742	1.2788461249720315
107523.91485347724	1.2783932539190068
110283.50773176999	1.2779413256518077
113113.92534579143	1.2774903365845396
116016.98540685179	1.2770402831510992
118994.5522776826	1.276591161805032
122048.5381697384	1.2761429690193902
125180.90437123238	1.2756957012865917
128393.66250668385	1.275249355118282
131688.875828801	1.274803927045195
135068.66054351078	1.2743594136170167
138535.187169001	1.2739158114022495
142090.68192963628	1.2734731169880782
145737.42818565865	1.273031326980236
149477.7678995715	1.272590438002873
153314.1031401641	1.2721504466984248
157248.8976251303	1.271711349727484
161284.67830328952	1.2712731437686695
165424.0369774041	1.2708358255185017
169669.63196865315	1.2703993916912732
174024.1898238177	1.269963839018926
178490.50706629246	1.2695291642509263
183071.45199202566	1.269095364154141
187769.9665115583	1.2686624355127163
192589.06803933164	1.268230375127957
197531.85143149714	1.267799179818206
202601.49097344754	1.2673688464187252
207801.24241835822	1.2669393717815782
213134.44507805977	1.2665107527755137
218604.5239675588	1.266082986285849
224214.9920046061	1.2656560692143553
229969.45226570743	1.265229998479144
235871.6003000506	1.2648047710145536
241925.22650280304	1.2643803837710388
248134.21854933008	1.2639568337150575
254502.56389187629	1.2635341178289632
261034.35232034192	1.2631122331108933
267733.77858876414	1.2626911765746633
274605.14510921674	1.262270945249658
281652.86471483746	1.2618515361807268
288881.4634937879	1.2614329464280756
296295.583695927	1.2610151730671648
303899.98671409587	1.2605982131886047
311699.5561419045	1.2601820638980523
319699.3009100183	1.2597667223161095
327904.3585029146	1.2593521855782228
336319.9982582113	1.2589384508345822
344951.6247506574	1.258525515250022
353804.7812629981	1.2581133760039227
362885.15334589506	1.2577020302901118
372198.5724692261	1.2572914753167688
381751.0197670804	1.2568817083063282
391548.62987889413	1.2564727264953834
401597.6948891433	1.2560645271345936
411904.6683681632	1.2556571074885885
422476.1695166592	1.2552504648358764
433318.98741661484	1.2548445964687522
444440.08539126924	1.2544394996932042
455846.6054770124	1.2540351718288252
467545.87301003054	1.253631610208722
479545.40133070096	1.2532288121794253
491852.8966086917	1.252826775100802
504476.26279191714	1.2524254963459678
517423.606682487	1.252024973301199
530703.2431429648	1.2516252033658466
544323.7004362128	1.2512261839522512
558293.7257022818	1.2508279124856567
572622.2905759009	1.2504303864041277
587318.5969481	1.2500336031584642
602392.0828757278	1.24963756021212
617852.4286426123	1.249242255041119
633709.5629763228	1.2488476851339758
649973.6694244422	1.248453847991612
666655.1928945116	1.2480607411272782
683764.846361794	1.2476683620664728
701313.6177492407	1.2472767083468639
719312.7769839824	1.2468857775182105
737773.8832349548	1.2464955671422844
756708.792336246	1.2461060747927941
776129.6644010162	1.2457172980553073
796048.9716307747	1.2453292345271747
816479.5063251142	1.2449418818174558
837434.3890969808	1.2445552375468432
858927.0772988442	1.2441692993475892
880971.3736650683	1.2437840648634315
903581.4351761237	1.2433995317495203
926771.7821502597	1.2430156976723468
950557.3075685786	1.2426325603096697
974953.2866393737	1.2422501173504457
999975.3866079734	1.2418683664947574
1.0256396768183125e6	1.2414873054537443
1.0519626390328042e6	1.2411069319495316
1.0789611780170004e6	1.2407272437151626
1.106652632395948e6	1.2403482384945297
1.135054785789129e6	1.239969914042306
1.164185878231254e6	1.239592268123878
1.1940646178860916e6	1.239215298515279
1.224710193060982e6	1.2388390030031218
1.256142284529649e6	1.238463379384534
1.2883810781713624e6	1.2380884254670914
1.3214472779343994e6	1.2377141390687538
1.3553621191322617e6	1.2373405180177999
1.3901473820810858e6	1.2369675601527645
1.4258254060871494e6	1.2365952633223734
1.462419103793282e6	1.236223625385482
1.4999519758934719e6	1.235852644211012
1.5384481262252126e6	1.2354823176778895
1.577932277249097e6	1.2351126436749842
1.6184297859257471e6	1.2347436201010462
1.6599666600001676e6	1.2343752448646483
1.70256957470414e6	1.234007515884124
1.7462658898871762e6	1.2336404310875078
1.7910836675872013e6	1.233273988412477
1.8370516900521156e6	1.2329081858062922
1.884199478224e6	1.2325430212257389
1.9325573106975984e6	1.2321784926370698
1.9821562431654364e6	1.2318145980159472
2.0330281283619232e6	1.2314513353473864
2.085205636519449e6	1.2310887026256987
2.138722276349355e6	1.230726697854435
2.193612416561457e6	1.2303653190463302
2.249911307935777e6	1.2300045642232482
2.307655105960902e6	1.2296444314161268
2.3668808940531933e6	1.2292849186649228
2.4276267073720153e6	1.2289260240185582
2.4899315572460755e6	1.2285677455348667
2.553835456226838e6	1.2282100812805394
2.619379443784758e6	1.2278530293310734
2.686605612665114e6	1.2274965877707176
2.7555571359201497e6	1.2271407546924218
2.826278294635179e6	1.2267855281977846
2.898814506366094e6	1.2264309063970016
2.973212354306832e6	1.2260768874088146
3.049519617205304e6	1.2257234693604615
3.127785300047317e6	1.2253706503876254
3.2080596655277903e6	1.2250184286343841
3.290394266329809e6	1.2246668022531628
3.374841978231971e6	1.224315769404682
3.461457034065676e6	1.2239653282579115
3.55029505854368e6	1.2236154769900194
3.6414131039826763e6	1.2232662137863257
3.734869686942533e6	1.2229175368402545
3.8307248258061344e6	1.222569444353285
3.92904007932345e6	1.2222219345349068
4.0298785861449884e6	1.2218750056025705
4.1333051053697076e6	1.221528655781644
4.2393860581338685e6	1.2211828833053644
4.34818957026701e6	1.2208376864147934
4.459785516042674e6	1.2204930633587712
4.574245563052268e6	1.220149012393872
4.691643218230306e6	1.219805531784359
4.812053875061072e6	1.2194626198021397
4.935554861996633e6	1.2191202747267222
5.062225492117843e6	1.2187784948451714
5.192147114069544e6	1.2184372784520652
5.32540316430324e6	1.2180966238494513
5.462079220660333e6	1.2177565293468051
5.602263057330949e6	1.217416993260986
5.74604470122292e6	1.2170780139161959
5.893516489777671e6	1.2167395896439366
6.044773130269733e6	1.2164017187829697
6.1999117606285615e6	1.2160643996792726
6.359032011820949e6	1.2157276306859996
6.522236071834713e6	1.2153914101634407
6.689628751304263e6	1.2150557364789805
6.861317550820892e6	1.2147206080070576
7.037412729970128e6	1.2143860231291266
7.21802737814121e6	1.2140519802336158
7.403277487153553e6	1.2137184777158905
7.593282025747726e6	1.2133855139782113
7.788163015987678e6	1.2130530874296974
7.988045611624157e6	1.2127211964862865
8.193058178468984e6	1.212389839570698
8.403332376832679e6	1.2120590151123933
8.619003246077303e6	1.211728721547539
8.840209291339658e6	1.2113989573189694
9.067092572479878e6	1.2110697208761494
9.2997987953135e6	1.2107410106751366
9.53847740518438e6	1.2104128251785455
9.78328168293952e6	1.2100851628555105
1.0034368843366686e7	1.20975802218165
1.0291900136159102e7	1.20943140163903
1.0556040949470703e7	1.2091052997161291
1.0826960916129567e7	1.2087797149078021
1.1104834022576815e7	1.2084546457152454
1.1389838720602235e7	1.2081300906459616
1.1682158041946864e7	1.2078060482137247
1.1981979715846831e7	1.2074825169385468
1.2289496289594702e7	1.2071594953466414
1.260490525219419e7	1.2068369819703915
1.2928409161188953e7	1.2065149753483149
1.326021577274592e7	1.2061934740250304
1.3600538175078088e7	1.2058724765512252
1.3949594925290719e7	1.2055519814836206
1.4307610189740209e7	1.2052319873849402
1.4674813887994682e7	1.2049124928238768
1.5051441840490336e7	1.204593496375059
1.5437735919976333e7	1.2042749966190212
1.5833944206847182e7	1.2039569921421682
1.6240321148460997e7	1.2036394815367473
1.6657127722547812e7	1.2033224634008133
1.708463160481061e7	1.2030059363381989
1.752310734082851e7	1.2026898989584829
1.7972836522371102e7	1.2023743498769597
1.8434107968239143e7	1.2020592877146081
1.8907217909745216e7	1.2017447110980606
1.9392470180955555e7	1.2014306186595727
1.9890176413813572e7	1.2011170090369947
2.0400656238272563e7	1.2008038808737391
2.0924237487563495e7	1.2004912328187523
2.1461256408731762e7	1.2001790635264846
2.201205787857646e7	1.1998673716568615
2.2576995625133254e7	1.1995561558752532
2.3156432454840068e7	1.199245414852447
2.3750740485533908e7	1.1989351472646173
2.436030138542649e7	1.198625351793298
2.4985506618214894e7	1.1983160271253535
2.562675769448123e7	1.1980071719529504
2.628446642954556e7	1.1976987849735294
2.6959055207935385e7	1.1973908648897784
2.765095725464471e7	1.1970834104096033
2.8360616913352974e7	1.1967764202461018
2.908848993178567e7	1.1964698931175348
2.983504375439745e7	1.1961638277473008
3.0600757822569e7	1.1958582228639076
3.138612388250665e7	1.1955530772009457
3.2191646301044032e7	1.1952483894970625
3.3017842389550824e7	1.1949441584959353
3.3865242736152425e7	1.1946403829462444
3.473439154647726e7	1.194337061601648
3.562584699314798e7	1.1940341932207559
3.6540181574244745e7	1.1937317765671038
3.747798248096601e7	1.1934298104091272
3.843985197472672e7	1.1931282935201364
3.9426407773933224e7	1.192827224678291
4.043828345068732e7	1.1925266026665753
4.147612883766909e7	1.1922264262727726
4.254061044546384e7	1.1919266942894413
4.363241189059819e7	1.1916274055138885
4.4752234334564365e7	1.191328558748148
4.5900796934109256e7	1.191030152798954
4.7078837303081825e7	1.1907321864777174
4.828711198613191e7	1.1904346586005028
4.952639694456965e7	1.190137567988003
5.0797488054691315e7	1.1898409134655168
5.210120161889656e7	1.189544693862924
5.3438374889921226e7	1.189248908014663
5.480986660852839e7	1.1889535547597077
5.621655755499536e7	1.188658632941543
5.765935111475689e7	1.1883641414081434
5.913917385856316e7	1.1880700790119496
6.0656976137531534e7	1.1877764446098455
6.221373269346616e7	1.1874832370631354
6.3810443284843914e7	1.1871904552375228
6.544813332886359e7	1.186898098003087
6.712785455997767e7	1.1866061642342616
6.885068570532073e7	1.1863146528098116
7.061773317747559e7	1.1860235626128135
7.243013178501603e7	1.1857328925306314
7.428904546129084e7	1.1854426414548964
7.619566801190676e7	1.1851528082814853
7.815122388139878e7	1.184863391910499
8.015696893957359e7	1.1845743912462414
8.22141912880401e7	1.1842858051971985
8.43242120874344e7	1.183997632676017
8.64883864058754e7	1.1837098725994843
8.870810408920124e7	1.1834225238885072
9.09847906535344e7	1.1831355854680916
9.331990820075792e7	1.1828490562673217
9.571495635748357e7	1.1825629352193407
9.817147323812495e7	1.1822772212613295
1.0069103643268135e8	1.1819919133344874
1.0327526401987693e8	1.1817070103840122
1.059258156062977e8	1.1814225113590795
1.0864439339220539e8	1.1811384152128248
1.114327432646977e8	1.180854720902322
1.1429265591892925e8	1.1805714273885648
1.1722596800810343e8	1.1802885336364484
1.2023456332298726e8	1.1800060386147484
1.2332037400168973e8	1.1797239412961031
1.264853817704945e8	1.179442240656994
1.2973161921653289e8	1.1791609356777273
1.3306117109312879e8	1.1788800253424145
1.3647617565863654e8	1.1785995086389551
1.3997882604964522e8	1.178319384559016
1.4357137168942004e8	1.1780396520980159
1.4725611973250186e8	1.1777603102551037
1.5103543654637155e8	1.1774813580331436
1.549117492311477e8	1.177202794438695
1.5888754717828062e8	1.1769246184819946
1.6296538366926113e8	1.1766468291769399
1.6714787751534894e8	1.17636942554107