# Internal run number: twoLoop 1930
# All dimensionful quantities in GeV
# Rescaling factor from internal to physical units: 1.67148
# Quantity: gluon dressing function Z
# Syntax: p^2 [GeV^2], Z
# Cutoff in GeV^2, renormalization constant Z3:           6
1.67148 10, 1.22233
# Renormalization point 1: 16714.8
# Renormalization value Z at point 1: 0.903593
# Renormalization point 2: 0.00000167148
# Renormalization value D at point 2: 6.48714
# Lowest/highest points (extrapolated beyond that): 0.00000167148/16714.8
# alpha(mu)=0.05
#
1.6714787751534846e-14	1.2e-13
1.721623138408089e-14	1.231e-13
1.7550527139111586e-14	1.262e-13
1.8051970771657633e-14	1.295e-13
1.8553414404203677e-14	1.328e-13
1.9054858036749724e-14	1.362e-13
1.938915379178042e-14	1.397e-13
1.9890597424326467e-14	1.433e-13
2.039204105687251e-14	1.47e-13
2.1060632566933905e-14	1.507e-13
2.156207619947995e-14	1.546e-13
2.2063519832025995e-14	1.586e-13
2.273211134208739e-14	1.626e-13
2.3233554974633433e-14	1.668e-13
2.390214648469483e-14	1.711e-13
2.4403590117240873e-14	1.755e-13
2.5072181627302267e-14	1.8e-13
2.574077313736366e-14	1.846e-13
2.6409364647425054e-14	1.894e-13
2.7077956157486448e-14	1.942e-13
2.7746547667547842e-14	1.992e-13
2.841513917760924e-14	2.043e-13
2.925087856518598e-14	2.096e-13
2.991947007524737e-14	2.149e-13
3.0755209462824116e-14	2.205e-13
3.142380097288551e-14	2.261e-13
3.2259540360462254e-14	2.319e-13
3.3095279748039e-14	2.379e-13
3.3931019135615735e-14	2.44e-13
3.493390640070783e-14	2.502e-13
3.5769645788284566e-14	2.567e-13
3.660538517586131e-14	2.632e-13
3.76082724409534e-14	2.7e-13
3.861115970604549e-14	2.769e-13
3.9614046971137585e-14	2.84e-13
4.061693423622968e-14	2.913e-13
4.1619821501321766e-14	2.988e-13
4.262270876641385e-14	3.065e-13
4.3792743909021297e-14	3.143e-13
4.4962779051628734e-14	3.224e-13
4.613281419423617e-14	3.307e-13
4.7302849336843615e-14	3.392e-13
4.847288447945105e-14	3.479e-13
4.9642919622058496e-14	3.568e-13
5.0980102642181284e-14	3.66e-13
5.231728566230407e-14	3.753e-13
5.3654468682426846e-14	3.85e-13
5.499165170254964e-14	3.949e-13
5.632883472267243e-14	4.05e-13
5.783316562031056e-14	4.154e-13
5.93374965179487e-14	4.26e-13
6.084182741558685e-14	4.37e-13
6.234615831322498e-14	4.482e-13
6.401763708837845e-14	4.597e-13
6.568911586353194e-14	4.715e-13
6.736059463868543e-14	4.836e-13
6.903207341383891e-14	4.96e-13
7.087070006650774e-14	5.087e-13
7.270932671917658e-14	5.218e-13
7.454795337184541e-14	5.352e-13
7.638658002451424e-14	5.489e-13
7.839235455469843e-14	5.63e-13
8.03981290848826e-14	5.775e-13
8.257105149258214e-14	5.923e-13
8.457682602276632e-14	6.075e-13
8.674974843046585e-14	6.231e-13
8.908981871568072e-14	6.391e-13
9.126274112338026e-14	6.555e-13
9.360281140859513e-14	6.723e-13
9.611002957132535e-14	6.895e-13
9.845009985654022e-14	7.072e-13
1.0095731801927047e-13	7.254e-13
1.0363168405951604e-13	7.44e-13
1.0630605009976162e-13	7.631e-13
1.0898041614000719e-13	7.827e-13
1.1182193005776811e-13	8.028e-13
1.1466344397552905e-13	8.234e-13
1.176721057708053e-13	8.445e-13
1.2068076756608158e-13	8.662e-13
1.2368942936135787e-13	8.884e-13
1.2686523903414947e-13	9.112e-13
1.3020819658445645e-13	9.346e-13
1.3355115413476342e-13	9.586e-13
1.3689411168507037e-13	9.832e-13
1.404042171128927e-13	1.0084e-12
1.4408147041823038e-13	1.0343e-12
1.4775872372356801e-13	1.0609e-12
1.5160312490642104e-13	1.0881e-12
1.5544752608927405e-13	1.116e-12
1.5945907514964243e-13	1.1446e-12
1.6347062421001078e-13	1.174e-12
1.676493211478945e-13	1.2042e-12
1.7199516596329356e-13	1.2351e-12
1.7650815865620796e-13	1.2668e-12
1.8102115134912237e-13	1.2993e-12
1.8570129191955214e-13	1.3326e-12
1.903814324899819e-13	1.3668e-12
1.9522872093792699e-13	1.4019e-12
2.0024315726338745e-13	1.4379e-12
2.0542474146636328e-13	1.4748e-12
2.1077347354685438e-13	1.5126e-12
2.1612220562734553e-13	1.5514e-12
2.2163808558535207e-13	1.5913e-12
2.273211134208739e-13	1.6321e-12
2.331712891339111e-13	1.674e-12
2.3918861272446364e-13	1.717e-12
2.453730841925315e-13	1.761e-12
2.515575556605994e-13	1.8062e-12
2.5807632288369803e-13	1.8526e-12
2.645950901067966e-13	1.9001e-12
2.714481530849259e-13	1.9489e-12
2.784683639405705e-13	1.9989e-12
2.856557226737305e-13	2.0502e-12
2.928430814068905e-13	2.1028e-12
3.003647358950812e-13	2.1568e-12
3.080535382607872e-13	2.2121e-12
3.160766363815239e-13	2.2689e-12
3.2409973450226066e-13	2.3272e-12
3.3245712837802804e-13	2.3869e-12
3.409816701313108e-13	2.4481e-12
3.49673359762109e-13	2.511e-12
3.5869934514793776e-13	2.5754e-12
3.678924784112819e-13	2.6415e-12
3.774199074296568e-13	2.7093e-12
3.87114484325547e-13	2.7788e-12
3.969762090989526e-13	2.8502e-12
4.071722296273888e-13	2.9233e-12
4.1770254591085575e-13	2.9983e-12
4.2840001007183805e-13	3.0753e-12
4.3943176998785114e-13	3.1542e-12
4.506306777813794e-13	3.2352e-12
4.621638813299385e-13	3.3182e-12
4.740313806335282e-13	3.4034e-12
4.862331756921487e-13	3.4907e-12
4.987692665057998e-13	3.5803e-12
5.114725051969662e-13	3.6722e-12
5.246771875206788e-13	3.7664e-12
5.380490177219067e-13	3.8631e-12
5.519222915556806e-13	3.9622e-12
5.661298611444852e-13	4.0639e-12
5.806717264883205e-13	4.1682e-12
5.955478875871866e-13	4.2752e-12
6.107583444410832e-13	4.3849e-12
6.264702449275259e-13	4.4975e-12
6.425164411689994e-13	4.6129e-12
6.590640810430189e-13	4.7313e-12
6.759460166720692e-13	4.8527e-12
6.933293959336654e-13	4.9773e-12
7.110470709502923e-13	5.105e-12
7.292661895994654e-13	5.236e-12
7.479867518811844e-13	5.3704e-12
7.672087577954494e-13	5.5082e-12
7.869322073422605e-13	5.6496e-12
8.071571005216177e-13	5.7946e-12
8.278834373335209e-13	5.9433e-12
8.491112177779701e-13	6.0958e-12
8.708404418549655e-13	6.2523e-12
8.932382574420221e-13	6.4128e-12
9.161375166616248e-13	6.5773e-12
9.39705367391289e-13	6.7462e-12
9.63774661753499e-13	6.9193e-12
9.885125476257708e-13	7.0969e-12
1.0139190250081036e-12	7.279e-12
1.039994093900498e-12	7.4658e-12
1.0665706064254385e-12	7.6574e-12
1.0939828583379555e-12	7.854e-12
1.122063701760534e-12	8.0555e-12
1.1508131366931742e-12	8.2623e-12
1.1803983110133908e-12	8.4743e-12
1.2106520768436687e-12	8.6918e-12
1.2417415820615236e-12	8.9149e-12
1.2736668266669553e-12	9.1437e-12
1.3062606627824482e-12	9.3784e-12
1.3398573861630332e-12	9.6191e-12
1.374289848931195e-12	9.8659e-12
1.4095580510869335e-12	1.01192e-11
1.4456619926302487e-12	1.03789e-11
1.4827688214386561e-12	1.06452e-11
1.5208785375121555e-12	1.09184e-11
1.5598239929732316e-12	1.11987e-11
1.5999394835769155e-12	1.14861e-11
1.6408907135681756e-12	1.17809e-11
1.6830119787020436e-12	1.20832e-11
1.726303278978519e-12	1.23933e-11
1.7705974665200862e-12	1.27114e-11
1.816061689204261e-12	1.30376e-11
1.862695947031043e-12	1.33723e-11
1.910500240000433e-12	1.37155e-11
1.95947456811243e-12	1.40675e-11
2.00978607924455e-12	1.44285e-11
2.061267625519277e-12	1.47988e-11
2.1142535026916427e-12	1.51786e-11
2.1684094150066155e-12	1.55682e-11
2.2240696582192265e-12	1.59677e-11
2.2812342323294757e-12	1.63775e-11
2.3397359894598477e-12	1.67979e-11
2.399742077487858e-12	1.7229e-11
2.461419644291021e-12	1.76712e-11
2.524601541991823e-12	1.81247e-11
2.589454918467778e-12	1.85899e-11
2.6558126258413716e-12	1.9067e-11
2.724008959867634e-12	1.95563e-11
2.7938767726690494e-12	2.00582e-11
2.865583212123134e-12	2.0573e-11
2.9391282782298875e-12	2.1101e-11
3.014511970989309e-12	2.16426e-11
3.091901438278916e-12	2.2198e-11
3.1712966800987063e-12	2.27678e-11
3.252697696448681e-12	2.33521e-11
3.336271635206355e-12	2.39514e-11
3.4218513484942134e-12	2.45661e-11
3.5096039841897716e-12	2.51966e-11
3.5996966901705443e-12	2.58433e-11
3.692129466436532e-12	2.65066e-11
3.786902312987734e-12	2.71868e-11
3.884015229824152e-12	2.78846e-11
3.983802512700815e-12	2.86003e-11
4.085929865862693e-12	2.93343e-11
4.190898732942332e-12	3.00871e-11
4.298374818184701e-12	3.08593e-11
4.408692417344831e-12	3.16513e-11
4.521851530422722e-12	3.24637e-11
4.6378521574183735e-12	3.32968e-11
4.756861446209301e-12	3.41514e-11
4.879046544673021e-12	3.50279e-11
5.0042403049320174e-12	3.59269e-11
5.132609874863805e-12	3.68489e-11
5.264489550223415e-12	3.77947e-11
5.399545035255817e-12	3.87647e-11
5.5381106257160404e-12	3.97595e-11
5.680186321604087e-12	4.078e-11
5.82593927079747e-12	4.18266e-11
5.9755366211737075e-12	4.29001e-11
6.128978372732796e-12	4.40011e-11
6.286264525474741e-12	4.51304e-11
6.4475622272770514e-12	4.62886e-11
6.613038626017247e-12	4.74766e-11
6.782693721695325e-12	4.86951e-11
6.956861810066318e-12	4.99449e-11
7.1353757432527106e-12	5.12267e-11
7.318569817009533e-12	5.25414e-11
7.506276883459268e-12	5.38899e-11
7.698998386234464e-12	5.5273e-11
7.896567177457607e-12	5.66916e-11
8.099150405006209e-12	5.81465e-11
8.307082364635302e-12	5.96389e-11
8.520363056344887e-12	6.11695e-11
8.738992480134964e-12	6.27394e-11
8.963304931760561e-12	6.43496e-11
9.19330041122168e-12	6.60011e-11
9.429313214273353e-12	6.76951e-11
9.671176193038061e-12	6.94324e-11
9.919390791148353e-12	7.12144e-11
1.017395700860423e-11	7.30421e-11
1.0435209141160719e-11	7.49168e-11
1.0702980040940308e-11	7.68395e-11
1.0977604003698024e-11	7.88116e-11
1.1259415325188904e-11	8.08343e-11
1.154841400541294e-11	8.29089e-11
1.1844767192247654e-11	8.50367e-11
1.2148809181448071e-11	8.72192e-11
1.2460539973014195e-11	8.94576e-11
1.2780293862701058e-11	9.17536e-11
1.3108405146263687e-11	9.41084e-11
1.3444706675824568e-11	9.65237e-11
1.3789867042893763e-11	9.9001e-11
1.4143719099593755e-11	1.015418e-10
1.4506764289557093e-11	1.041479e-10
1.4879002612783773e-11	1.068208e-10
1.5260935512906342e-11	1.095624e-10
1.5652562989924806e-11	1.123743e-10
1.6054386487471704e-11	1.152584e-10
1.646640600554704e-11	1.182165e-10
1.688895583990584e-11	1.212505e-10
1.7322370286303136e-11	1.243624e-10
1.7766983640493965e-11	1.275541e-10
1.8222963050355835e-11	1.308278e-10
1.8690642811643777e-11	1.341855e-10
1.9170357220112828e-11	1.376293e-10
1.9662440571518013e-11	1.411616e-10
2.0167060013736852e-11	1.447845e-10
2.068454984252437e-11	1.485004e-10
2.121541150151312e-11	1.523116e-10
2.175997928645812e-11	1.562207e-10
2.23184203452369e-11	1.602301e-10
2.2891236121482e-11	1.643424e-10
2.347876091094845e-11	1.685602e-10
2.4081329009391283e-11	1.728863e-10
2.4699274712565527e-11	1.773234e-10
2.5333266611981243e-11	1.818744e-10
2.5983471855515947e-11	1.865422e-10
2.6650224738924674e-11	1.913298e-10
2.7334361001594993e-11	1.962402e-10
2.803588064352691e-11	2.012767e-10
2.875528510835297e-11	2.064425e-10
2.949341013546075e-11	2.117408e-10
3.0250255724850245e-11	2.171751e-10
3.102665761590904e-11	2.227489e-10
3.182295010439216e-11	2.284657e-10
3.2639634633932156e-11	2.343293e-10
3.347737979603908e-11	2.403433e-10
3.433651988646797e-11	2.465117e-10
3.52178906446064e-11	2.528384e-10
3.6121659218331894e-11	2.593275e-10
3.7048828494909533e-11	2.659831e-10
3.7999565622216836e-11	2.728096e-10
3.897487348751889e-11	2.798112e-10
3.9975086386570737e-11	2.869925e-10
4.1001040058759944e-11	2.943582e-10
4.205340309559658e-11	3.019128e-10
4.3132676940713185e-11	3.096614e-10
4.4239697333497335e-11	3.176089e-10
4.53751328654591e-11	3.257603e-10
4.653965212810853e-11	3.341209e-10
4.773409086083321e-11	3.426961e-10
4.89591176551432e-11	3.514913e-10
5.021573539830359e-11	3.605123e-10
5.1504445533946924e-11	3.697648e-10
5.282641809721582e-11	3.792548e-10
5.418215453174281e-11	3.889884e-10
5.557265772479299e-11	3.989717e-10
5.699893056363146e-11	4.092113e-10
5.84618087876458e-11	4.197137e-10
5.996229528410107e-11	4.304856e-10
6.15012257923849e-11	4.41534e-10
6.307960319976232e-11	4.528659e-10
6.469859754137599e-11	4.644887e-10
6.635904455661346e-11	4.764098e-10
6.806211428061734e-11	4.886368e-10
6.980897674853024e-11	5.011776e-10
7.160063484761727e-11	5.140403e-10
7.343825861302102e-11	5.272331e-10
7.532301807988408e-11	5.407645e-10
7.72562504312266e-11	5.546432e-10
7.923895855431367e-11	5.68878e-10
8.127264678004291e-11	5.834782e-10
8.335848514355694e-11	5.984532e-10
8.549781082787589e-11	6.138124e-10
8.769212816389738e-11	6.295659e-10
8.994277433464154e-11	6.457236e-10
9.225108652312851e-11	6.622961e-10
9.461873620813343e-11	6.792939e-10
9.704722772055392e-11	6.967279e-10
9.953789824341012e-11	7.146093e-10
1.0209241925547719e-10	7.329497e-10
1.0471262938340781e-10	7.517608e-10
1.074002001059771e-10	7.710547e-10
1.1015646860620518e-10	7.908438e-10
1.1298377495437731e-10	8.111407e-10
1.1588345633351357e-10	8.319586e-10
1.1885751851814417e-10	8.533107e-10
1.2190796728279927e-10	8.752109e-10
1.2503680840200906e-10	8.976731e-10
1.2824588050242624e-10	9.207118e-10
1.315373565064585e-10	9.443418e-10
1.3491324218863598e-10	9.685783e-10
1.3837571047136643e-10	9.934368e-10
1.4192710142493503e-10	1.0189332e-9
1.4556958797174952e-10	1.0450841e-9
1.493056773299726e-10	1.0719061e-9
1.5313754242201195e-10	1.0994165e-9
1.5706785761390786e-10	1.1276329e-9
1.610989629759455e-10	1.1565735e-9
1.6523353287416517e-10	1.1862569e-9
1.6947424167460707e-10	1.2167021e-9
1.7382393089118897e-10	1.2479286e-9
1.7828510774207364e-10	1.2799566e-9
1.828607808890563e-10	1.3128066e-9
1.8755379184605474e-10	1.3464997e-9
1.9236731642274175e-10	1.3810575e-9
1.973045304287901e-10	1.4165022e-9
2.023682753781176e-10	1.4528567e-9
2.07562061376152e-10	1.4901441e-9
2.1288906423256615e-10	1.5283885e-9
2.1835279405278787e-10	1.5676145e-9
2.239569280901225e-10	1.6078472e-9
2.2970464215424276e-10	1.6491125e-9
2.356001149420866e-10	1.6914368e-9
2.416466894112044e-10	1.7348474e-9
2.4784854425853387e-10	1.7793721e-9
2.542095238852579e-10	1.8250396e-9
2.6073380698831454e-10	1.8718791e-9
2.674255722646415e-10	1.9199207e-9
2.7428899841117674e-10	1.9691953e-9
2.8132859842061315e-10	2.0197346e-9
2.8854888528564366e-10	2.0715709e-9
2.959545391468387e-10	2.1247376e-9
3.035500729968912e-10	2.1792688e-9
3.1134066842000404e-10	2.2351996e-9
3.193313398525028e-10	2.2925658e-9
3.2752693458283534e-10	2.3514044e-9
3.359328013430822e-10	2.411753e-9
3.4455445601320144e-10	2.4736504e-9
3.5339741447315094e-10	2.5371365e-9
3.624673597507663e-10	2.6022519e-9
3.7177014202176053e-10	2.6690385e-9
3.8131161146184666e-10	2.7375391e-9
3.910979525424928e-10	2.8077979e-9
4.01135349735167e-10	2.8798598e-9
4.114304889549698e-10	2.9537711e-9
4.219898889691245e-10	3.0295795e-9
4.3282006854485397e-10	3.1073334e-9
4.43928382188769e-10	3.1870828e-9
4.5532185011172517e-10	3.2688791e-9
4.670076596724558e-10	3.3527746e-9
4.789933325254489e-10	3.4388233e-9
4.912867246209477e-10	3.5270804e-9
5.03895524761318e-10	3.6176027e-9
5.168279231925581e-10	3.7104482e-9
5.300922773085436e-10	3.8056765e-9
5.436971116510278e-10	3.9033489e-9
5.576509507617641e-10	4.0035281e-9
5.719631549218933e-10	4.1062783e-9
5.866424158210462e-10	4.2116656e-9
6.016985951839963e-10	4.3197577e-9
6.171412204397618e-10	4.4306239e-9
6.329799861652387e-10	4.5443355e-9
6.492254226767105e-10	4.6609656e-9
6.658877259947055e-10	4.7805889e-9
6.829777607312623e-10	4.9032823e-9
7.005062243505419e-10	5.0291247e-9
7.184846500560928e-10	5.1581968e-9
7.369245710514635e-10	5.2905815e-9
7.558376876880803e-10	5.4263638e-9
7.752362017610015e-10	5.565631e-9
7.951324822131635e-10	5.7084725e-9
8.155395665790123e-10	5.85498e-9
8.36470325245117e-10	6.0052476e-9
8.579382971895558e-10	6.1593718e-9
8.799571885382851e-10	6.3174516e-9
9.025412068608939e-10	6.4795885e-9
9.257048940227258e-10	6.6458867e-9
9.494629590370026e-10	6.8164528e-9
9.738309466563325e-10	6.9913966e-9
9.988242344854476e-10	7.1708302e-9
1.0244590358684666e-9	7.354869e-9
1.0507515641495086e-9	7.5436312e-9
1.0777190355599572e-9	7.7372379e-9
1.105378666331197e-9	7.9358135e-9
1.1337481741382447e-9	8.1394855e-9
1.1628456109518715e-9	8.3483848e-9
1.1926900316301144e-9	8.5626454e-9
1.2233003238831327e-9	8.782405e-9
1.2546962111604733e-9	9.0078048e-9
1.2868979183553151e-9	9.2389894e-9
1.319926004656593e-9	9.4761073e-9
1.3538018649926287e-9	9.7193109e-9
1.3885470614396217e-9	9.9687562e-9
1.424183991813159e-9	1.02246036e-8
1.4607355553724604e-9	1.04870172e-8
1.498225152820378e-9	1.07561657e-8
1.5366770205991512e-9	1.10322219e-8
1.5761157294467751e-9	1.1315363e-8
1.6165666858406322e-9	1.16057709e-8
1.6580556305538594e-9	1.19036321e-8
1.7006096415426143e-9	1.22091379e-8
1.7442556296151773e-9	1.25224844e-8
1.789021842762848e-9	1.2843873e-8
1.8349368632726815e-9	1.317351e-8
1.882030443466876e-9	1.35116071e-8
1.9303325028155064e-9	1.38583815e-8
1.979874297971668e-9	1.42140557e-8
2.0306877541799664e-9	1.45788584e-8
2.082805130980762e-9	1.49530236e-8
2.1362601922453136e-9	1.53367918e-8
2.191087036140633e-9	1.57304094e-8
2.2473212651646315e-9	1.61341291e-8
2.3049984818152206e-9	1.65482103e-8
2.3641561272169626e-9	1.69729188e-8
2.424831976790177e-9	1.74085274e-8
2.4870651431382013e-9	1.78553159e-8
2.5508954074558852e-9	1.83135712e-8
2.616364055268974e-9	1.87835876e-8
2.68351270639897e-9	1.92656669e-8
2.7523849864419046e-9	1.97601188e-8
2.823024688141686e-9	2.02672607e-8
2.8954774428688764e-9	2.07874183e-8
2.9697895505855477e-9	2.13209258e-8
3.0460089827325464e-9	2.18681257e-8
3.1241845464901077e-9	2.24293694e-8
3.204366553369363e-9	2.30050174e-8
3.2866063177687095e-9	2.35954394e-8
3.3709568255653204e-9	2.42010145e-8
3.457472232671509e-9	2.48221317e-8
3.546207865034735e-9	2.54591897e-8
3.637221054376985e-9	2.61125979e-8
3.730570135307512e-9	2.67827756e-8
3.826314946766466e-9	2.74701535e-8
3.924516999172774e-9	2.81751728e-8
4.025239307276258e-9	2.88982864e-8
4.128546891601272e-9	2.96399587e-8
4.2345056084115566e-9	3.04006659e-8
4.3431839883368935e-9	3.11808966e-8
4.454651397746451e-9	3.19811519e-8
4.568979710227562e-9	3.28019457e-8
4.686242136550577e-9	3.36438051e-8
4.8065142275561336e-9	3.45072707e-8
4.929873038415766e-9	3.53928971e-8
5.056397797223417e-9	3.6301253e-8
5.186169904995435e-9	3.72329219e-8
5.319272601374826e-9	3.81885019e-8
5.455791298926996e-9	3.91686068e-8
5.595813750287644e-9	4.01738661e-8
5.739429881014872e-9	4.12049252e-8
5.8867317895891906e-9	4.22624464e-8
6.037814416005028e-9	4.33471088e-8
6.19277437173559e-9	4.44596089e-8
6.351711444063753e-9	4.56006613e-8
6.514727593194798e-9	4.67709987e-8
6.681927620847932e-9	4.79713728e-8
6.853418835960517e-9	4.92025543e-8
7.029311221835958e-9	5.0465334e-8
7.2097179375873335e-9	5.17605229e-8
7.394754816693763e-9	5.30889526e-8
7.58454053414828e-9	5.44514765e-8
7.779197275049349e-9	5.58489694e-8
7.978849731713598e-9	5.72823288e-8
8.183626273710957e-9	5.87524753e-8
8.393658446421031e-9	6.0260353e-8
8.609080971033097e-9	6.18069302e-8
8.830032413137616e-9	6.33932003e-8
9.05665451413472e-9	6.50201818e-8
9.289092859825726e-9	6.66889197e-8
9.527496713265257e-9	6.84004856e-8
9.772019181909111e-9	7.01559787e-8
1.0022817217614281e-8	7.19565264e-8
1.0280052118082567e-8	7.38032851e-8
1.0543888858269077e-8	7.56974406e-8
1.081449692612161e-8	7.76402095e-8
1.1092050155432785e-8	7.96328394e-8
1.137672672584003e-8	8.16766101e-8
1.1668709497121349e-8	8.37728339e-8
1.1968186009195313e-8	8.59228571e-8
1.2275348482121066e-8	8.81280605e-8
1.2590394484689829e-8	9.03898603e-8
1.2913525931537644e-8	9.2709709e-8
1.324495058747626e-8	9.50890965e-8
1.3584881231753755e-8	9.75295507e-8
1.3933536159498162e-8	1.00032639e-7
1.4291139181717477e-8	1.025999689e-7
1.4657920126743281e-8	1.052331891e-7
1.5034114505934997e-8	1.079339906e-7
1.541996384797563e-8	1.107041081e-7
1.5815716033167537e-8	1.135453204e-7
1.6221625126284543e-8	1.164594522e-7
1.663795187801557e-8	1.194483749e-7
1.7064963724964643e-8	1.225140081e-7
1.7502934622503012e-8	1.256583206e-7
1.7952146047656407e-8	1.288833316e-7
1.8412886497661424e-8	1.321911122e-7
1.8885451824261265e-8	1.355837868e-7
1.9370145400853618e-8	1.390635341e-7
1.9867278791082177e-8	1.426325888e-7
2.0377170913097235e-8	1.462932431e-7
2.0900149376738725e-8	1.500478477e-7
2.1436550149240456e-8	1.53898814e-7
2.19867175552301e-8	1.578486151e-7
2.2551004945320734e-8	1.618997874e-7
2.3129774696110807e-8	1.660549328e-7
2.3723398544479913e-8	1.703167197e-7
2.433225775473667e-8	1.74687885e-7
2.4956743118618703e-8	1.79171236e-7
2.5597255958179925e-8	1.837696517e-7
2.62542076243469e-8	1.884860855e-7
2.692801983121461e-8	1.933235662e-7
2.7619125324637934e-8	1.982852004e-7
2.8327968049379556e-8	2.033741746e-7
2.9055003149109945e-8	2.085937569e-7
2.9800697467851008e-8	2.139472994e-7
3.05655300514197e-8	2.194382401e-7
3.134999198028016e-8	2.250701054e-7
3.2154587038135226e-8	2.308465121e-7
3.2979832046222165e-8	2.367711698e-7
3.3826256863312706e-8	2.428478834e-7
3.469440505430453e-8	2.490805553e-7
3.558483439166491e-8	2.554731883e-7
3.6498116353987064e-8	2.620298878e-7
3.7434837630321065e-8	2.687548644e-7
3.8395599785878105e-8	2.75652437e-7
3.9381019930621967e-8	2.827270353e-7
4.039173071926904e-8	2.899832025e-7
4.14283813541756e-8	2.974255988e-7
4.249163741818991e-8	3.050590036e-7
4.358218204468738e-8	3.128883191e-7
4.4700715248979025e-8	3.209185733e-7
4.584795576693819e-8	3.291549235e-7
4.702463988496531e-8	3.376026589e-7
4.8231523612910395e-8	3.462672047e-7
4.946938184833361e-8	3.551541255e-7
5.073900971368828e-8	3.642691284e-7
5.204122238917306e-8	3.736180672e-7
5.3376856282767036e-8	3.832069457e-7
5.474676919737761e-8	3.93041922e-7
5.6151840832284165e-8	4.031293122e-7
5.759297328458162e-8	4.134755946e-7
5.907109255351143e-8	4.240874134e-7
6.058714753757425e-8	4.349715838e-7
6.21421118731566e-8	4.461350955e-7
6.373698443597451e-8	4.575851179e-7
6.537278900677777e-8	4.693290042e-7
6.70505766114202e-8	4.813742964e-7
6.87714243508245e-8	4.937287302e-7
7.053643774105256e-8	5.064002395e-7
7.234674987756605e-8	5.193969621e-7
7.420352344100095e-8	5.327272445e-7
7.610795119861126e-8	5.463996477e-7
7.806125583712097e-8	5.60422952e-7
8.006469180135082e-8	5.748061633e-7
8.211954579566196e-8	5.895585186e-7
8.422713761969523e-8	6.046894919e-7
8.638882050266699e-8	6.202088005e-7
8.860598277484789e-8	6.361264109e-7
9.088004853615438e-8	6.524525456e-7
9.321247782329651e-8	6.691976892e-7
9.56047687827005e-8	6.863725957e-7
9.805845767050855e-8	7.039882947e-7
1.0057512035690992e-7	7.220560993e-7
1.0315637299473225e-7	7.405876127e-7
1.058038731894769e-7	7.59594736e-7
1.0851932133650184e-7	7.790896756e-7
1.1130446128961316e-7	7.990849513e-7
1.1416108153110029e-7	8.195934041e-7
1.1709101684321471e-7	8.406282048e-7
1.2009614864246576e-7	8.622028621e-7
1.2317840698539505e-7	8.843312312e-7
1.2633977107002026e-7	9.070275232e-7
1.2958227140875749e-7	9.303063138e-7
1.329079903298648e-7	9.541825527e-7
1.3631906348177318e-7	9.786715734e-7
1.3981768167171327e-7	1.0037891029e-6
1.434060915343067e-7	1.0295512718e-6
1.470865977044887e-7	1.0559746248e-6
1.5086156382039518e-7	1.0830761311e-6
1.5473341402769377e-7	1.1108731954e-6
1.5870463498535823e-7	1.1393836692e-6
1.6277777703570375e-7	1.1686258621e-6
1.6695545604301338e-7	1.1986185536e-6
1.712403547307213e-7	1.2293810052e-6
1.7563522502148287e-7	1.2609329727e-6
1.8014288937435785e-7	1.293294719e-6
1.847662426234369e-7	1.3264870269e-6
1.8950825381646837e-7	1.3605312129e-6
1.9437196838778053e-7	1.3954491402e-6
1.993605096626127e-7	1.4312632335e-6
2.04477081531481e-7	1.4679964926e-6
2.097249699545096e-7	1.5056725079e-6
2.1510754496720494e-7	1.5443154753e-6
2.2062826318767398e-7	1.5839502113e-6
2.2629067049099037e-7	1.6246021698e-6
2.3209840284493373e-7	1.6662974577e-6
2.380551901543908e-7	1.7090628518e-6
2.441648580999821e-7	1.7529258164e-6
2.5043132997668876e-7	1.7979145206e-6
2.568586305382534e-7	1.8440578564e-6
2.634508873343634e-7	1.8913854573e-6
2.7021233371931264e-7	1.9399277173e-6
2.771473121949589e-7	1.9897158107e-6
2.8426027624935065e-7	2.0407817116e-6
2.9155579403398057e-7	2.0931582149e-6
2.9903855070385525e-7	2.146878957e-6
3.0671335176045337e-7	2.2019784378e-6
3.1458512606038695e-7	2.2584920425e-6
3.226589288240637e-7	2.3164560644e-6
3.3093994497864417e-7	2.3759077284e-6
3.39433492835295e-7	2.4368852147e-6
3.4814502693070325e-7	2.4994276834e-6
3.570801418714772e-7	2.5635752997e-6
3.66244575844252e-7	2.6293692596e-6
3.756442142929428e-7	2.6968518164e-6
3.852850935959982e-7	2.7660663076e-6
3.95173405412245e-7	2.8370571834e-6
4.053155000238457e-7	2.9098700345e-6
4.1571789068214357e-7	2.9845516217e-6
4.26387257953507e-7	3.061149906e-6
4.3733045356373125e-7	3.1397140793e-6
4.485545055796221e-7	3.220294596e-6
4.600666219191017e-7	3.3029432053e-6
4.718741958670883e-7	3.3877129847e-6
4.839848102541932e-7	3.474658374e-6
4.964062426383051e-7	3.5638352098e-6
5.091464699847306e-7	3.6553007622e-6
5.222136745163698e-7	3.7491137708e-6
5.356162475581176e-7	3.8453344829e-6
5.493627967242223e-7	3.9440246922e-6
5.63462150096983e-7	4.0452477779e-6
5.779233620769244e-7	4.1490687462e-6
5.92755720068713e-7	4.2555542716e-6
6.079687493284446e-7	4.3647727397e-6
6.235722198167081e-7	4.4767942912e-6
6.395761522159081e-7	4.5916908671e-6
6.559908241147375e-7	4.7095362546e-6
6.72826777529831e-7	4.8304061349e-6
6.900948242544981e-7	4.9543781311e-6
7.078060538818201e-7	5.081531859e-6
7.259718409920101e-7	5.2119489773e-6
7.446038516711791e-7	5.3457132408e-6
7.637140513672869e-7	5.4829105537e-6
7.8331471291324e-7	5.6236290249e-6
8.034184237142507e-7	5.7679590247e-6
8.240380949409695e-7	5.9159932426e-6
8.451869682154015e-7	6.0678267472e-6
8.668786258069251e-7	6.2235570469e-6
8.891269979868007e-7	6.3832841525e-6
9.119463730570419e-7	6.5471106418e-6
9.353514055406621e-7	6.7151417252e-6
9.593571262105465e-7	6.8874853132e-6
9.83978951951178e-7	7.0642520859e-6
1.0092326949517694e-6	7.245555564e-6
1.0351345732365807e-6	7.4315121818e-6
1.061701221195234e-6	7.6222413616e-6
1.0889497001130303e-6	7.817865591e-6
1.1168975092027115e-6	8.0185105009e-6
1.1455625964690688e-6	8.2243049467e-6
1.174963371077888e-6	8.4353810909e-6
1.2051187142205617e-6	8.6518744879e-6
1.2360479919844736e-6	8.873924171e-6
1.2677710672205015e-6	9.1016727419e-6
1.3003083125805476e-6	9.3352664621e-6
1.333680623889372e-6	9.5748553469e-6
1.3679094330149777e-6	9.8205932617e-6
1.4030167217418843e-6	0.0000100726380209
1.4390250363129942e-6	0.0000103311514891
1.4759575016371617e-6	0.0000105962996853
1.5138378356639107e-6	0.0000108682528893
1.55269036542963e-6	0.000011147185751
1.5925400424351799e-6	0.0000114332774028
1.6334124581906425e-6	0.0000117267115746
1.6753338614315556e-6	0.000012027680979
1.7183311741651066e-6	0.0000123364207939
1.762432009554957e-6	0.0000126530897692
1.8076646894717683e-6	0.000012977891649
1.8540582625451745e-6	0.000013311035415
1.90164252305149e-6	0.0000136527354216
1.95044802996857e-6	0.0000140032115342
2.000506126364962e-6	0.0000143626892709
2.0518489597919494e-6	0.0000147313999476
2.104509503177033e-6	0.0000151095808275
2.158521575215975e-6	0.0000154974752739
2.2139198629377607e-6	0.0000158953329074
2.270739943266676e-6	0.0000163034097662
2.3290183065901577e-6	0.000016721968472
2.3887923796580505e-6	0.0000171512783988
2.450100549484757e-6	0.0000175916158466
2.512982188755714e-6	0.0000180432642202
2.577477680398128e-6	0.0000185065142109
2.643628443823196e-6	0.0000189816639851
2.7114769613354678e-6	0.0000194690193758
2.7810668058793923e-6	0.00001996889408
2.852442668284425e-6	0.0000204816098613
2.9256503865159045e-6	0.000021007496757
3.000736975260226e-6	0.0000215468932915
3.0777506555100183e-6	0.000022100146694
3.156740885653646e-6	0.000022667613123
3.2377583940690482e-6	0.0000232496578956
3.32085521038039e-6	0.0000238466557237
3.406084700057674e-6	0.000024458990955
3.4935015978463132e-6	0.0000250870578214
3.5831620435367837e-6	0.0000257312606933
3.6751236175671125e-6	0.0000263920143402
3.7694453782968634e-6	0.0000270697441985
3.8661878994482555e-6	0.0000277648866457
3.96541331005451e-6	0.0000284778892822
4.0671853330710075e-6	0.0000292092112201
4.171569326995109e-6	0.0000299593233789
4.278632327987423e-6	0.0000307287087901
4.388443092661661e-6	0.0000315178629079
4.501072141877383e-6	0.00003232729393
4.6165918068728074e-6	0.0000331575231243
4.735076275063336e-6	0.0000340090851663
4.856601638012989e-6	0.0000348825284833
4.981245939740144e-6	0.0000357784156088
5.109089227864786e-6	0.0000366973235452
5.2402136039200215e-6	0.0000376398441363
5.374703276839394e-6	0.0000386065844491
5.512644616778503e-6	0.0000395981671656
5.654126210273807e-6	0.0000406152309865
5.7992389180757834e-6	0.0000416584312438
5.948075931979208e-6	0.0000427284405247
6.10073283633358e-6	0.0000438259488061
6.25730766821635e-6	0.000044951663865
6.417900980781967e-6	0.0000461063117395
6.582615908282411e-6	0.0000472906372011
6.7515582315891475e-6	0.00004850540424
6.924836446389472e-6	0.0000497513965624
7.102561833054321e-6	0.0000510294181014
7.284848527843264e-6	0.0000523402935403
7.47181359644957e-6	0.0000536848688503
7.663577108882463e-6	0.0000550640118421
7.860262217023728e-6	0.000056478612731
8.061995233020076e-6	0.0000579295847179
8.268905711018443e-6	0.0000594178645845
8.481126530405645e-6	0.0000609444133046
8.698793980552348e-6	0.0000625102166708
8.922047848732846e-6	0.0000641162859379
9.15103151021778e-6	0.0000657636584828
9.385892019202563e-6	0.0000674533984818
9.626780204917432e-6	0.0000691865976053
9.873850767236022e-6	0.0000709643757306
0.00001012726237612835	0.0000727878816737
0.000010387177774122472	0.0000746582939393
0.000010653763880604756	0.0000765768214913
0.00001092719189862737	0.000078544704543
0.000011207637425393045	0.0000805632153671
0.000011495280564745572	0.0000826336591284
0.000011790306042836155	0.0000847573747367
0.000012092903326798395	0.000086935735723
0.000012403266746264794	0.0000891701511375
0.000012721595618727673	0.0000914620664724
0.000013048094376905845	0.0000938129646071
0.000013382972700122849	0.0000962243667798
0.000013726445649529586	0.0000986978335827
0.000014078733805165576	0.0001012349659847
0.000014440063408870398	0.0001038374063795
0.000014810666508699445	0.0001065068396622
0.000015190781108019845	0.0001092449943331
0.000015580651318952202	0.0001120536436305
0.000015980527518486713	0.0001149346066937
0.000016390666509279446	0.0001178897497554
0.00001681133168529585	0.0001209209873658
0.00001724279320029585	0.0001240302836486
0.000017685328141333324	0.0001272196535899
0.000018139220706935753	0.0001304911643603
0.000018604762389963992	0.0001338469366722
0.000019082252163814994	0.0001372891462092
0.00001957199667547764	0.000140820026184
0.000020074310441931464	0.0001444418691379
0.000020589516051727	0.0001481570272965
0.00002111794437341921	0.0001519679140607
0.000021659934766675218	0.0001558770056096
0.0000222158353010709	0.0001598868425454
0.000022786002979233293	0.0001640000315824
0.000023370803966334653	0.0001682192472804
0.000023970613825269482	0.0001725472338243
0.000024585817757180357	0.0001769868068499
0.000025216810850006805	0.0001815408553189
0.000025863998331380044	0.0001862123434436
0.00002652779582887223	0.0001910043126613
0.000027208629637265924	0.000195919883663
0.00002790693699217515	0.0002009622584739
0.000028623166350853835	0.0002061347225903
0.00002935777768019161	0.0002114406471724
0.000030111242751729796	0.0002168834912962
0.000030884045445703425	0.0002224668042638
0.00003167668206026478	0.000228194227976
0.000032489661631738736	0.0002340694993675
0.00003332350626056114	0.0002400964529067
0.00003417875144641028	0.000246279023162
0.00003505594643336728	0.0002526212474362
0.00003595565456109375	0.0002591272684705
0.00003687845362770989	0.0002658013372214
0.000037824936260194104	0.0002726478157096
0.000038795710295647397	0.0002796711799467
0.000039791399170915	0.0002868760229381
0.00004081264232340704	0.0002942670577666
0.00004186009560161369	0.0003018491207578
0.000042934431686317836	0.0003096271747294
0.00004403634052283948	0.0003176063123276
0.000045166529763643334	0.0003257917594519
0.00004632572522298102	0.0003341888787711
0.00004751467134340083	0.0003428031733333
0.000048734131672954906	0.0003516402902712
0.00004998488935678111	0.0003607060246075
0.00005126774763888102	0.0003700063231602
0.000052583530378606805	0.0003795472885534
0.00005393308257951716	0.000389335183334
0.00005531727093244073	0.0003993764341988
0.00005673698437124281	0.0004096776363341
0.000058193134644638256	0.0004202455578712
0.00005968665690104187	0.000431087144461
0.00006121851028946503	0.0004422095239703
0.00006278967857562279	0.000453620011304
0.00006440117077308428	0.0004653261142222
0.00006605402179197351	0.0004773355498493
0.0000677492931032152	0.0004896562480403
0.0000694880734201637	0.0005022963488759
0.00007127147939828401	0.0005152642081273
0.00007310065635154768	0.000528568403064
0.00007497677898838485	0.0005422177384223
0.00007690105216635683	0.0005562212525359
0.00007887471166504809	0.0005705882236366
0.0000808990249806871	0.000585328176326
0.00008297529213948792	0.0006004508882263
0.00008510484653288828	0.000615966396813
0.00008728905577334648	0.0006318850064365
0.00008952932257353948	0.0006482172955351
0.00009182708564611975	0.0006649741240482
0.00009418382062854453	0.0006821666410324
0.00009660104103030285	0.0006998062924878
0.00009908029920488044	0.0007179048293995
0.00010162318734679686	0.0007364743160017
0.00010423133851438323	0.0007555271382685
0.00010690642767813391	0.0007750760126395
0.00010965017279630292	0.0007951339949864
0.0001124643359185815	0.0008157144898266
0.00011535072431785626	0.0008368312597921
0.00011831119164971418	0.0008584984353592
0.00012134763914470824	0.000880730524848
0.00012446201682736702	0.0009035424246976
0.00012765632477013795	0.0009269494300267
0.0001309326143769161	0.0009509672454853
0.00013429298970050343	0.0009756119964082
0.00013773960879433388	0.0010009002402765
0.0001412746850981293	0.0010268489784971
0.00014490048885915774	0.0010534756685093
0.00014861934859059867	0.0010807982362265
0.00015243365256668086	0.0011088350888233
0.00015634585035643127	0.0011376051278784
0.00016035845439703794	0.0011671277628813
0.00016447404160682707	0.0011974229251153
0.00016869525504119707	0.0012285110819258
0.00017302480558850083	0.0012604132513855
0.0001774654737127296	0.0012931510173676
0.00018202011123748225	0.0013267465450386
0.00018669164317857453	0.0013612225967818
0.0001914830696222799	0.0013966025485651
0.00019639746765137437	0.001432910406764
0.00020143799332216175	0.0014701708254542
0.0002066078836908072	0.0015084091241856
0.00021191045889198848	0.0015476513062525
0.00021734912427153535	0.0015879240885082
0.00022292737257339286	0.0016292549946305
0.00022864878618241116	0.0016716723384203
0.000234517039424802	0.0017152052103424
0.00024053590092843366	0.0017598834992383
0.00024670923604263115	0.0018057379148419
0.0002530410093203218	0.0018528000109466
0.0002595352870648678	0.0019011022092435
0.0002661962399405813	0.0019506778238493
0.00027302814565177116	0.0020015610865459
0.00028003539168948373	0.0020537871727513
0.0002872224781494487	0.0021073922282436
0.00029459402062223343	0.0021624133966618
0.0003021547531571091	0.002218888847804
0.00030990953130196876	0.0022768578067486
0.0003178633352223071	0.0023363605838223
0.00032602127289926066	0.0023974386054388
0.00033438858340955073	0.0024601344458359
0.0003429706402906714	0.0025244918597361
0.00035177295499149043	0.0025905558159587
0.00036080118041177266	0.002658372532011
0.0003700611145326321	0.002727989509689
0.0003795587041394163	0.0027994555717155
0.0003893000486418713	0.0028728208994479
0.0003992914039902493	0.0029481370716867
0.0004095391866933763	0.0030254571046174
0.00042004997793934867	0.0031048354929199
0.0004308305278220348	0.0031863282520789
0.00044188775967555344	0.003269992961932
0.0004532287745210759	0.003355888811492
0.0004648608556269547	0.0034440766450801
0.00047679147318618935	0.0035346190098108
0.0004890282891134039	0.0036275802044666
0.0005015791619658469	0.0037230263298051
0.0005144521519899205	0.0038210253403404
0.0005276555262977504	0.0039216470976427
0.0005411977641761363	0.0040249634252005
0.0005550875625322299	0.0041310481648931
0.0005693338414784471	0.0042399772351197
0.0005839457500614614	0.004351828690635
0.0005989326721371175	0.0044666827841415
0.0006143042323974494	0.0045846220296916
0.0006300703025516417	0.0047057312679512
0.0006462410076651131	0.0048300977333817
0.0006628267326625717	0.0049578111233971
0.000679838128997048	0.0050889636695531
0.0006972861214899202	0.0052236502108311
0.0007151819153476153	0.005361968269076
0.0007335370033573251	0.0055040182287003
0.0007523631732674207	0.005649903774834
0.0007716725153580813	0.0057997316965468
0.0007914774302058146	0.0059536118640411
0.0008117906366463818	0.0061116573205258
0.0008326251799441497	0.0062739843768947
0.0008539944401685398	0.0064407127092975
0.0008759121407881036	0.0066119654596902
0.0008983923574823913	0.0067878693394586
0.0009214495271828136	0.0069685547362074
0.0009450984573429974	0.0071541558238149
0.0009693543354489978	0.0073448106758516
0.0009942327387725445	0.0075406613824671
0.001019749644374509	0.0077418541708528
0.001045921439366277	0.0079485395293887
0.001072764931432881	0.0081608723355888
0.0011002973596270732	0.0083790119879613
0.0011285364054408676	0.0086031225419035
0.0011575002041603972	0.0088333728497563
0.0011872073565122752	0.0090699367051449
0.001217676940609489	0.0093129929917367
0.0012489285242031696	0.0095627258365537
0.0012809821772494406	0.0098193247679769
0.0013138584847980212	0.0100829848785865
0.0013475785602127895	0.0103539069929877
0.0013821640587296472	0.0106322978407717
0.0014176371913653966	0.0109183702347704
0.0014540207391799673	0.011212343254767
0.0014913380679082067	0.0115144424368263
0.001529613142964244	0.0118248999684189
0.0015688705448326339	0.0121439548895131
0.0016091354848544704	0.0124718532998185
0.0016504338214176652	0.0128088485723653
0.0016927920765637573	0.0131552015736152
0.0017362374530206154	0.0135111808902978
0.0017807978516715664	0.0138770630631807
0.0018265018894741457	0.0142531328279792
0.00187337891783801	0.0146396833636243
0.0019214590414742014	0.0150370165481094
0.001970773137729142	0.0154454432221452
0.0020213528764135564	0.015865283460858
0.0020732307401415224	0.0162968668537728
0.0021264400451910317	0.0167405327933299
0.002181014962899419	0.0171966307721934
0.0022369905416093736	0.0176655206896109
0.002294402729175573	0.0181475731670996
0.002353288396052649	0.0186431698737332
0.0024136853589716845	0.0191527038616337
0.002475632405227638	0.0196765800469119
0.0025391693175885535	0.0202152157986138
0.0026043368998434463	0.0207690410447288
0.0026711770030082497	0.0213384986019134
0.0027397325522011858	0.0219240445684981
0.0028100475742108	0.02252614872947
0.002882167225769527	0.023145294973786
0.002956137822553679	0.0237819817243838
0.0030320068689280795	0.0244367223812635
0.0031098230884530585	0.0251100457780283
0.0031896364551757058	0.0258024966522771
0.003271498225722595	0.0265146361302592
0.003355460972218226	0.0272470422262074
0.0034415786160460478	0.0280003103567772
0.0035299064624778275	0.0287750538710364
0.0036205012361908997	0.0295719045964521
0.0037134211176968785	0.0303915134013451
0.0038087257807057234	0.0312345507742817
0.003906476430448405	0.0321017074208975
0.004006735842983567	0.0329936948786488
0.004109568405512253	0.0339112461500112
0.004215040157728126	0.0348551163546467
0.004323218834228392	0.0358260834010858
0.004434173908013541	0.0368249486784723
0.004547976635103121	0.0378525377689446
0.004664700100296655	0.0389097011812296
0.0047844192641095925	0.03999731510605
0.004907211010913077	0.0411162821939501
0.00503315419830959	0.0422675323561701
0.0051623297077757506	0.0434520235892032
0.005294820496605358	0.0446707428236948
0.005430711651184099	0.0459247067983487
0.005570090441633703	0.0472149629595299
0.005713046377856118	0.0485425903872582
0.005859671267018343	0.0499087007483153
0.006010059272511336	0.0513144392771895
0.00616430697442144	0.0527609857856121
0.006322513431556284	0.0542495557014414
0.006484780245059265	0.05578140113768
0.006651211623659394	0.0573578119924133
0.0068219144505949686	0.0589801170804865
0.00699699835225385	0.0606496852977397
0.007176575768576822	0.062367926818651
0.007360762025266637	0.0641362943282379
0.00754967540785141	0.0659562842890987
0.007743437237648324	0.0678294382444765
0.007942171949676256	0.0697573441582559
0.008146007172569351	0.0717416377092331
0.008355073810540828	0.0737839985204788
0.008569506127449996	0.0758861479054913
0.008789441833028006	0.078049857154712
0.009015022171314946	0.080276949660004
0.009246392011368832	0.0825693023963506
0.009483699940300272	0.0849288474423228
0.009727098358696696	0.0873575735401213
0.009976743578494457	0.0898575276960183
0.010232795923363833	0.0924308168220096
0.010495419831669446	0.0950796094195096
0.010764783962073622	0.0978061373059035
0.011041061301850393	0.1006126973847911
0.011324429277978318	0.1035016534607358
0.011615069871085869	0.1064754380993504
0.011913169732319385	0.1095365545335258
0.012218920303213341	0.1126875786166272
0.012532517938633626	0.1159311608234491
0.012854164032878417	0.1192700282997405
0.013184065149015031	0.1227069869610689
0.013522433151535677	0.1262449236418129
0.013869485342418322	0.1298868082950244
0.014225444600678963	0.1336356962439154
0.014590539525506378	0.1374947304856755
0.014965004583069761	0.1414671440483307
0.015349080257093908	0.1455562624013021
0.015743013203299825	0.1497655059203219
0.016147056407808273	0.1540983924073023
0.016561469349609195	0.1585585396657522
0.016986518167200416	0.1631496681322592
0.01742247582950358	0.1678756035645523
0.01786962231116615	0.1727402797865731
0.01832824477236354	0.1777477414909745
0.018798637743214233	0.1829021470993654
0.019281103312929468	0.1882077716806081
0.019775951323815953	0.1936690099273593
0.02028349957026006	0.1992903791910245
0.020804074002815042	0.2050765225751729
0.02133800893753052	0.211032212087423
0.021885647270651107	0.2171623518496724
0.02244734069882684	0.2234719813665052
0.02302344994497481	0.2299662788514491
0.023614344989937232	0.2366505646107021
0.024220405310086332	0.2435303044837964
0.02484202012102545	0.2506111133405405
0.02547958862754618	0.2578987586334906
0.026133520279999746	0.2653991640049952
0.026804235037248728	0.2731184129477814
0.02749216363636715	0.2810627417126471
0.02819774786926241	0.2892383063502805
0.028921440866396697	0.2976511602722409
0.02966370738779001	0.3063074690380715
0.03042502412149208	0.3152135207322851
0.031205879989714195	0.3243757265581158
0.032006776462818194	0.3338006213210545
0.03282822788136327	0.3434948637944775
0.033670761786419076	0.3534652369592536
0.03453491925835563	0.3637186481089708
0.03542125526432835	0.3742621288119811
0.03633033901468144	0.3851028347211991
0.037262754328497794	0.3962480452221336
0.03821910000853213	0.4077051629093608
0.03919999022576453	0.4194817128811672
0.04020605491382585	0.4315853418418203
0.04123794017354337	0.4440238170004259
0.0422963086878732	0.4568050247550487
0.04338184014747617	0.4699369691502769
0.04449523168722216	0.4834277700961131
0.045637198333892015	0.4972856613355709
0.046808473465374055	0.511518988148068
0.048009809281641655	0.5261362047751909
0.04924197728782317	0.5411458715551234
0.05050576878966448	0.5565566517515171
0.05180199540171255	0.5723773080623173
0.053131489568538	0.5886166987935353
0.05449510509933637	0.6052837736827208
0.055893717716249194	0.622387569356379
0.057328225616759286	0.6399372044053575
0.058799550050516736	0.6579418740617461
0.060308635910972686	0.6764108444606433
0.06185645234219415	0.6953534464696904
0.06344399336125586	0.7147790690691356
0.06507227849660259	0.734697152264765
0.06674235344279678	0.7551171795159519
0.06845529073207092	0.7760486696607596
0.07021219042311287	0.797501168319873
0.0720141808075311	0.8194842387610772
0.07386241913445002	0.8420074522057562
0.0757580923537025	0.8650803775589976
0.07770241787809605	0.8887125705447129
0.07969664436524315	0.9129135622274009
0.08174205251945556	0.937692846902104
0.08383995591422268	0.963059869334468
0.08599170183579316	0.989024011332835
0.0881986721484138	1.0155945776348305
0.09046228418176767	1.042780781091044
0.0927839916411948	1.0705915691404644
0.09516528554126845	1.0990339856806526
0.09760769516333524	1.1281136399302472
0.10011278903762684	1.1578356696100698
0.1026821759505828	1.1882047218663188
0.10531750597801863	1.2192249177318404
0.1080204715448192	1.2508998152798352
0.11079280851181958	1.283232371460078
0.11363629729058995	1.3162249026106987
0.11655276398682206	1.3498790436412695
0.11954408157306984	1.3841957058864156
0.12261217109157967	1.4191750336323363
0.12575900288799885	1.4548163593226398
0.1289865978767401	1.4911181574535806
0.1322970288388286	1.5280779971733565
0.13569242175305074	1.5656924936043577
0.13917495716127448	1.6039572579124124
0.14274687156880253	1.642866846151878
0.14641045888067347	1.6824147069211588
0.1501680718748178	1.7225931278686404
0.1540221237130293	1.7633931810953412
0.15797508949070957	1.8048046675065745
0.16202950782639194	1.8468160601718335
0.1661879824920541	1.8894144467586553
0.17045318408528035	1.9325854711137136
0.17482785174433213	1.9763132740714857
0.1793147949072397	2.0205804335788233
0.1839168951160438	2.0653679042314845
0.18863710786733337	2.110654956326839
0.19347846451028927	2.156419114545531
0.19844407419343	2.202636096383057
0.20353712586133021	2.2492797504613455
0.2087608903025756	2.296321994858794
0.21411872225028855	2.343732755606599
0.21961406253655172	2.3914799055077274
0.22525044030213767	2.439529203444317
0.23103147526293816	2.4878442343478406
0.236960880034574	2.536386350015661
0.24304246251665235	2.585114610965979
0.24928012833823032	2.633985729532158
0.2556778833660257	2.68295401440538
0.2622398362770171	2.7319713168429898
0.2689702011970524	2.780986978767239
0.2758733004071949	2.829947782986718
0.2829535671195094	2.8787979057791593
0.2902155483241064	2.927478872080823
0.29766390770923845	2.9759295135327752
0.305303428656357	3.024085929639557
0.31313901731202054	3.071884735724644
0.32117570573866056	3.119280404486933
0.3294186551461933	3.166234272823783
0.3378731592065887	3.212707367615456
0.3465446474534903	3.2586604509050088
0.35543868876910323	3.304054081648399
0.36456099496055433	3.3488486805490636
0.37391742442805975	3.3930045979389036
0.3835139859272142	3.4364821846541616
0.39335684242786123	3.479241865841518
0.4034523150719783	3.521244217615355
0.4138068872331639	3.5624500464730264
0.424427208680288	3.602820471359801
0.4353200998480253	3.6423170082604033
0.4464925562169671	3.680901657178323
0.4579517528061753	3.718536991348934
0.4697050487810093	3.755186248516534
0.4817599921792343	3.7908134240901212
0.4941243247584194	3.825383365977113
0.5068059869677308	3.8588618708789295
0.5198131230473494	3.8912157818176647
0.5331540862587367	3.922413086648227
0.5468374442491655	3.9524230172967365
0.5608719845538984	3.981216149452318
0.5752667202396131	4.0087645024272405
0.5900308956926307	4.035041638888385
0.6051739925557343	4.060022764152755
0.6207057358173199	4.083684824729912
0.6366361000568602	4.106006605786326
0.6529753158506216	4.126968827199435
0.6697338763418212	4.146554237864096
0.6869225439793681	4.1647477079100135
0.7045523574295911	4.181536318486813
0.7226346386653194	4.196909448772731
0.7411810002369403	4.210858859864611
0.7602033527300295	4.223378775209869
0.7797139124144228	4.23446595724664
0.7997252090895552	4.244119779925257
0.8202500941311984	4.252342296793705
0.8413017487446672	4.259138304340703
0.8628936924298937	4.264515400303556
0.8850397916637077	4.268484036662931
0.9077542688049968	4.271057567064117
0.9310517112283657	4.272252288423254
0.954947080692263	4.272087476497976
0.9794557229474851	4.270585415224534
1.0045933775923388	4.267771419647636
1.0303761881806774	4.263673852037716
1.0568207125894193	4.25831894230047
1.0839439336520844	4.251717009345527
1.111763270065305	4.243876097671338
1.140296587575186	4.234806009983972
1.1695622104508279	4.224518308782357
1.199578933252249	4.21302631386774
1.2303660329004014	4.2003450957636845
1.261943281056893	4.186491465051116
1.2943309568214847	4.1714839576411356
1.3275498597554625	4.1553428160267245
1.361621323239209	4.138089966572693
1.3965672281726638	4.119748992921144
1.4324100170273593	4.10034510560751
1.4691727082590773	4.079905107999284
1.5068789110904999	4.058457358686123
1.545552840673156	4.036031730465961
1.5852193336385587	4.012659566086601
1.6259038640483954	3.9883736309164863
1.6676325597541912	3.9632080627311157
1.710432219176729	3.937198318813778
1.7543303285161815	3.910381120579606
1.7993550794038646	3.8827943959415867
1.8455353870071478	3.8544772196449824
1.892900908598901	3.8254697518034875
1.9414820626036	3.7958131748754798
1.991310048132168	3.7655496293226687
2.0424168650183154	3.734722148195544
2.094835334368972	3.7033745908912645
2.1485991196422285	3.6715515763287114
2.2037427482661545	3.639298415783759
2.2603016338126096	3.6066610456242314
2.318312098739995	3.573685960179717
2.3778113977197863	3.540420144975189
2.438837741561643	3.506911010550578
2.5014303217527227	3.473206327079977
2.5656293356266224	3.4393541599953745
2.631476012178386	3.405402806809235
2.699012638541938	3.3714007353196753
2.768282587147252	3.3373965233699465
2.839330343574309	3.3034388003220143
2.9122015351220467	3.269576190390837
2.986942960110407	3.235857257972995
3.0636026179346207	3.202330455089466
3.142229739890626	3.169044071049013
3.2228748207917506	3.1360461844243903
3.3055896513966965	3.1033846174200628
3.39042735167001	3.0711068926961
3.477442404895982	3.0392601330368745
3.566690692668067	3.0078805451180837
3.6582295307765227	2.9769811443509653
3.7521177060168673	2.946571084362451
3.84841551394316	2.9166585409932577
3.9471847975900674	2.8872507198748
4.048488987188989	2.8583538655654452
4.1523931409032375	2.829973272147736
4.258963986608833	2.8021132951867798
4.3682699647474355	2.7747773649496272
4.480381272279383	2.7479680007853173
4.595369907764494	2.7216868265660104
4.713309717600028	2.69593458709041
4.834276443445172	2.670711165352337
4.958347770862974	2.64601560057903
5.085603379210365	2.6218461069462493
5.2161249928087825	2.5982000928796403
5.349996433427878	2.5750741808549122
5.487303674116593	2.552464227612385
5.628134894415415	2.53036534470511
5.772580536985895	2.508771919303131
5.920733365693308	2.4876776351803893
6.07268852518041	2.467075493814486
6.228543601969739	2.4469578355336994
6.388398687134364	2.42731636064947
6.552356440576792	2.4081421505167824
6.720522156958039	2.389425688468785
6.893003833318342	2.37115688057621
7.069912238433581	2.3533250761859836
7.251360983951474	2.335919088197438
7.437466597353955	2.3189272130383167
7.628348596791631	2.3023372503066226
7.824129567839171	2.286136522047828
8.024935242220275	2.27031189164064
8.230894578553679	2.2548497822676925
8.442139845170948	2.239736194950957
8.658806705060105	2.2249567261345664
8.881034302988983	2.2104965848007643
9.108965354865203	2.1963406091073234
9.342746239389012	2.1824732825375213
9.582527092058372	2.1688787495560318
9.828461901587273	2.155540830766383
10.080708608797961	2.1424430375678023
10.339429208051623	2.129568586311072
10.604789851281856	2.1169004119549033
10.876960954698879	2.1044211812258453
11.156117308231561	2.092113305286336
11.442438187778738	2.0799589519167165
11.736107470340933	2.0679402551778363
12.037313752107782	2.056047190841674
12.346250469575322	2.044280239615225
12.663116023772231	2.0326404663060704
12.98811390767384	2.021128789668743
13.321452836887062	2.0097459872084253
13.66334688368848	1.9984926999158645
14.014015614503036	1.9873694369271395
14.373684230910518	1.976376580102703
14.742583714271984	1.9655143885207242
15.12095097406697	1.9547830028804747
15.509029000038435	1.9441824498119953
15.907067018241765	1.9337126460889449
16.315320651099945	1.9233734027419498
16.734052081565363	1.913164429070394
17.16353022149553	1.9030853365509428
17.60403088434942	1.8931356426415962
18.05583696231725	1.8833147744803904
18.519238607995096	1.8736220724783488
18.994533420722885	1.864056793806495
19.48202663770396	1.8546181157771597
19.982031330031052	1.845305139119995
20.494868603741924	1.836116891153481
21.02086780603584	1.8270523288528502
21.560366736781795	1.8181103418156188
22.11371186545648	1.8092897551260534
22.681258553648505	1.800589332120151
23.26337128327405	1.792007777052768
23.86042389064875	1.783543737668729
24.472799806568553	1.7751958076798016
25.100892302550864	1.7669625291495923
25.74510474339535	1.7588423947884402
26.405850846228283	1.750833850160449
27.0835549461935	1.7429352958049176
27.77865226896337	1.7351450892743863
28.491589210242562	1.727461547091631
29.222823622447244	1.7198829466278625
29.97282510873988	1.7124075279045035
30.742075324611662	1.7050334953208446
31.53106828720369	1.6977590193099072
32.34031069256907	1.6905822379248048
33.170322241075326	1.6835012583579325
34.02163597115956	1.6765141583952177
34.894798601648034	1.6696189878076988
35.790370882863705	1.6628137696826153
36.70892795674254	1.6560965016962097
37.65105972619366	1.6494651573303531
38.61737123393746	1.6429176870351005
39.60848305106933	1.6364520587264237
40.625031675593064	1.6300668866822032
41.66766994118437	1.623761322158145
42.73706743644332	1.6175345149079663
43.83391093491006	1.611385597031665
44.95890483611365	1.605313683817399
46.112771617942464	1.5993178745460275
47.29625230062243	1.5933972532597807
48.51010692260668	1.5875508894964014
49.755115028675625	1.5817778389901522
51.032076170565894	1.5760771443409707
52.341810420445974	1.5704478356530756
53.685158897573544	1.5648889311442336
55.062984308466014	1.5593994377269196
56.476171500936594	1.553978351562516
57.92562803234734	1.5486246585896917
59.41228475245032	1.5433373350280295
60.937096401183375	1.5381153478579865
62.50104222181078	1.532957655278176
64.10512658979738	1.5278632071409812
65.7503796578272	1.52283094536741
67.43785801737252	1.5178598043421412
69.16864537724182	1.512948711289625
70.9438532595469	1.5080965866320648
72.76462171352736	1.503302344330128
74.632120047698	1.4985648922071384
76.54754758078374	1.4938831322575192
78.51213441193256	1.4892559609401856
80.52714221069043	1.484682269457605
82.5938650272543	1.48016094402117
84.71363012351664	1.4756908661035244
86.88779882544448	1.4712709126784485
89.1177673973289	1.4668999564488951
91.40496793847565	1.4625768660637282
93.75086930290536	1.4583005063237044
96.15697804266435	1.454069738377197
98.62483937533892	1.4498834199061688
101.15603817640479	1.445740405302848
103.75219999704083	1.441639545837567
106.41499210807214	1.4375796898181663
109.14612457069862	1.4335596827414083
111.94735133470813	1.4295783674367537
114.8204713648705	1.4256345842029037
117.76732979624825	1.4217271709374295
120.7898191191505	1.4178549632598627
123.88988039450305	1.4140167946285414
127.06950450040638	1.4102114964515342
130.33073341069445	1.406437898191928
133.67566150629935	1.4026948917967605
137.10643692027725	1.3989819341261889
140.62526291734852	1.3952987750594015
144.23439930885343	1.3916451654471358
147.93616390401294	1.3880208546671067
151.73293399844167	1.3844255906982716
155.6271479008573	1.3808591201914355
159.6213064989836	1.377321188536338
163.71797486563153	1.3738115399254258
167.91978390600642	1.3703299174144483
172.22943204728676	1.366876062980039
176.64968697157752	1.3634497175744142
181.1833873933274	1.360050621177358
185.83344488237125	1.356678512845592
190.60284573375236	1.353333130759685
195.494652885547	1.3500142122685996
200.51200788589813	1.3467214939320116
205.6581329105323	1.343454711560501
210.9363328320685	1.340213600253715
216.34999734242223	1.3369978944366174
221.90260312968883	1.3338073278939007
227.59771611088726	1.330641633802673
233.4389937220232	1.327500544763481
239.4301872669101	1.3243837928297728
245.57514432628275	1.3212911095358637
251.87781122872966	1.3182222259234926
258.34223558505965	1.3151768725670194
264.9725688876952	1.3121547795973576
271.7730691767896	1.3091556767246784
278.7481037747582	1.306179293259975
285.9021520910111	1.303225358135512
293.239808498649	1.3002935999242502
300.7657852850017	1.297383746858274
308.484915677879	1.2944955268462792
316.4021569495111	1.2916286674901716
324.5225936001313	1.288782896100815
332.8514406232763	1.285957939712979
341.39404685487756	1.2831535250995212
350.15589840833036	1.2803693787848427
359.1426221976994	1.2776052270576568
368.359989551362	1.2748607959831038
377.81391991837995	1.2721358114142494
387.5104846700205	1.2694299990029856
397.4559109988181	1.2667430842103795
407.65658591772007	1.264074792316491
418.1190603618535	1.2614248484296864
428.8500533955927	1.2587929774954711
439.85645652757165	1.2561789043048732
451.1453381364584	1.2535823698223028
462.7239480102979	1.2510031970672004
474.59972200238894	1.2484412347460945
486.78028680662106	1.245896331450048
499.2734648553907	1.2433683356517666
512.0872793432002	1.2408570957116754
525.2299593792231	1.238362459883684
538.7099452720771	1.2358842763206535
552.5358939502305	1.2334223930795911
566.7166845215559	1.2309766581265698
581.2614239755324	1.2285469193414011
596.1794530318169	1.226133024522068
611.4803521388948	1.223734821388929
627.1739476267256	1.221352157588707
643.2703180172564	1.2189848806982744
659.7798004969175	1.216632838228242
676.7129975552075	1.2142958776263706
694.080783793704	1.211973846280792
711.8943129097806	1.209666591523085
730.1650248595881	1.2073739606311753
748.9046532048429	1.2050958008321007
768.125232648222	1.2028319593046215
787.839106762102	1.2005822831817068
808.0589359156863	1.1983466195528878
828.7977054055477	1.196124815466495
850.0687337948993	1.1939167179317716
871.885681466833	1.1917221739208859
894.262559397112	1.1895410303708391
917.2137381520802	1.187373134185274
940.7539571175628	1.1852183322361878
964.8983339645653	1.1830764713655622
989.6623743579459	1.180947398386905
1015.0619819142194	1.178830960086718
1041.1134684149981	1.1767270032258808
1067.8335642824875	1.174635374540971
1095.239429323882	1.1725559207455147
1123.3486637514627	1.1704884885311706
1152.1793194856086	1.1684329245688534
1181.7499117478178	1.1663890755098025
1212.079430951311	1.1643567879865921
1243.187354896755	1.162335908614092
1275.0936612810763	1.160326283990376
1307.8188405272235	1.1583277606975866
1341.3839089432602	1.1563401853027533
1375.8104222191262	1.1543634043585702
1411.1204892698897	1.1523972644041323
1447.3367864341978	1.1504416119656322
1484.4825720371275	1.1484962935702003
1522.581701326884	1.1465611729895009
1561.6586417947435	1.1446361651881394
1601.7384888882482	1.1427211945735678
1642.8469821276058	1.140816185543344
1685.0105216358352	1.1389210624856378
1728.2561850930401	1.1370357497797132
1772.6117451258815	1.1351601717963833
1818.105687143277	1.1332942528984462
1864.7672276299786	1.1314379174410916
1912.6263329095239	1.1295910897722945
1961.7137383888191	1.1277536942331823
2012.0609682965458	1.1259256551583883
2063.7003559282957	1.1241068968763812
2116.665064411153	1.1222973437097825
2170.989108001283	1.1204969199756665
2226.7073739280354	1.1187055499858451
2283.855644798821	1.1169231580471353
2342.470621578861	1.115149668461616
2402.5899471607995	1.113385005526871
2464.2522305391312	1.1116290935362205
2527.49707160523	1.1098818567789368
2592.3650865785708	1.108143219540452
2658.897934090751	1.1064131061025564
2727.1383419388367	1.104691440743585
2797.1301345255283	1.1029781477385932
2868.9182610033754	1.1012731513595242
2942.548824141443	1.099576375875369
3018.0691099327014	1.0978877455523195
3095.5276179614975	1.0962071846539085
3174.974092550205	1.094534617441149
3256.4595547053686	1.0928699681726581
3340.036334883613	1.0912131611047882
3425.758106598716	1.0895641204917335
3513.6799208909692	1.0879227705856467
3603.8582416813438	1.08628903563674
3696.350982032853	1.084662839893388
3791.21754134283	1.0830441076022181
3888.518843489503	1.0814327630082017
3988.3173759575925	1.0798287303547383
4090.67722996832	1.0782319338837372
4195.664141639067	1.076642297835691
4303.345534199565	1.0750597464497509
4413.790561291377	1.0734842039637946
4527.0701513789745	1.0719155946144894
4643.257053300293	1.070353842637357
4762.42588298655	1.0687988722668293
4884.653171380914	1.0672506077363073
5010.017413587324	1.0657089735482153
5138.599119280411	1.0641739194601019
5270.480864409348	1.062645440725226
5405.747344228483	1.0611235373591612
5544.485427689369	1.0596082093766857
5686.784213228378	1.0580994567918258
5832.735085986335	1.0565972796178933
5982.4317764964435	1.0551016778675228
6135.970420878847	1.0536126515527042
6293.449622579666	1.0521302006848172
6454.970515694806	1.050654325274662
6620.636829918717	1.0491850253324897
6790.554957160488	1.0477223008680276
6964.834019869203	1.0462661518905096
7143.585941113131	1.0448165784086973
7326.925516457199	1.043373580430908
7514.9704876856895	1.0419371579650356
7707.841618416539	1.0405073110185707
7905.662771656561	1.0390840395986232
8108.560989346802	1.0376673437119415
8316.666573949968	1.0362572233649296
8530.113172131245	1.0348536785636664
8749.037860587097	1.0334567093139204
8973.581234076528	1.0320663156211682
9203.887495712223	1.0306824974906055
9440.104549568441	1.0293052549271653
9682.384095666024	1.0279345879355277
9930.881727394795	1.0265704965201372
10185.757031436986	1.02521298068521
10447.173690254564	1.023862040434748
10715.299587206888	1.0225176757725511
10990.306914366845	1.0211798867022241
11272.372283103348	1.0198486732271892
11561.67683750239	1.018524035350694
11858.40637069853	1.0172059730758214
12162.751444192876	1.0158944864054975
12474.90751023249	1.0145895753424987
12795.07503733118	1.013291239889462
13123.45963901125	1.0119994800488883
13460.272205850251	1.0107142958231525
13805.729040915861	1.009435687214508
14160.051998677194	1.0081636542250942
14523.46862748069	1.0068981968569415
14896.212315683631	1.0056393151119773
15278.522441537167	1.0043870089920306
15670.644526916672	1.0031412784988372
16072.830394996961	1.0019021236340457
16485.338331975287	1.0006695443992202
16908.433252943883	0.9994680373558567
17342.386872020248	0.9983003964517659
17787.47787684314	0.9971364209078967
18243.992107548154	0.9959760920228192
18712.222740335525	0.994819391227091
19192.47047574992	0.9936663000820672
19685.04373179158	0.9925168002787271
20190.258841985054	0.9913708736365087
20708.44025852997	0.9902285021021604
21239.920760666453	0.9890896677486029
21785.041668387406	0.9879543527738048
22344.15306163714	0.9868225394996682
22917.614005134237	0.985694210370929
23505.792778965446	0.9845693479540665
24109.06711509664	0.9834479349362283
24727.824439955624	0.9823299541241625
25362.462123239053	0.9812153884431636
26013.38773310599	0.9801042209360303
26681.019297919927	0.9789964347620346
27365.78557471022	0.9778920131958978
28068.126324521898	0.9767909396267833
28788.4925948323	0.9756931975572972
29527.34700921762	0.974598770602498
30285.16406445183	0.9735076424889202
31062.430435231767	0.972419797053605
31859.645286721687	0.971335218243145
32677.320595121484	0.9702538901127337
33515.981476460016	0.9691757968252301
34376.166523828266	0.9681009226502304
35258.42815326609	0.9670292519631501
36163.33295852861	0.9659607692443155
37091.462074955205	0.9648954590780646
38043.41155267859	0.9638333061518575
39019.79273941082	0.9627742952553974
40021.23267305601	0.9617184112797573
41048.37448439689	0.9606656392165196
42101.877810117774	0.9596159641569214
43182.4192164261	0.9585693712910126
44290.69263354908	0.9575258459068168
45427.40980137867	0.9564853733895065
46593.300726555986	0.9554479392205837
47789.11415128453	0.9544135289770702
49015.618034179	0.9533821283307047
50273.60004345165	0.9523537230471495
51563.86806275826	0.9513282989852048
52887.25071002441	0.9503058420960313
54244.59786959119	0.9492863384223797
55636.78123801453	0.9482697740978293
57064.69488387483	0.9472561353460328
58529.255821951556	0.9462454084799713
60031.4046021381	0.9452375799012133
61572.10591346702	0.9442326360991836
63152.34920364002	0.9432305636504392
64773.149314455426	0.9422313492179528
66435.54713354845	0.9412349795504008
68140.61026285372	0.9402414414814624
69889.43370422664	0.9392507219291225
71683.14056265826	0.9382628078949842
73522.88276754296	0.9372776864635851
75409.84181245316	0.9362953448017226
77345.22951389993	0.935315770157786
79330.28878957208	0.9343389498610933
81366.29445654331	0.9333648713212364
83454.55404996854	0.9323935220274314
85596.40866278861	0.9314248895478774
87793.23380699169	0.9304589615291183
90046.44029697312	0.929495725695414
92357.47515557021	0.9285351698481153
94727.82254334642	0.9275772818650476
97159.00471173215	0.9266220496998976
99652.58298062123	0.9256694613816079
102210.15874106133	0.9247195050137765
104833.3744836742	0.9237721687740647
107523.91485347724	0.9228274409136051
110283.50773176999	0.9218853097564221
113113.92534579143	0.9209457636988526
116016.98540685179	0.920008791208976
118994.5522776826	0.9190743808260468
122048.5381697384	0.9181425211599343
125180.90437123238	0.9172132008905676
128393.66250668385	0.9162864087673858
131688.875828801	0.9153621336087925
135068.66054351078	0.9144403643016168
138535.187169001	0.9135210898005782
142090.68192963628	0.9126042991277589
145737.42818565865	0.9116899813720774
149477.7678995715	0.9107781256887703
153314.1031401641	0.9098687212988772
157248.8976251303	0.9089617574887329
161284.67830328952	0.9080572236094596
165424.0369774041	0.9071551090764692
169669.63196865315	0.9062554033689669
174024.1898238177	0.9053580960294613
178490.50706629246	0.9044631766632766
183071.45199202566	0.903570634938073
187769.9665115583	0.902680460583368
192589.06803933164	0.9017926433900653
197531.85143149714	0.9009071732099844
202601.49097344754	0.9000240399553985
207801.24241835822	0.8991432335985744
213134.44507805977	0.8982647441713166
218604.5239675588	0.8973885617645163
224214.9920046061	0.8965146765277046
229969.45226570743	0.8956430786686096
235871.6003000506	0.8947737584527174
241925.22650280304	0.8939067062028371
248134.21854933008	0.8930419122986697
254502.56389187629	0.8921793671763828
261034.35232034192	0.8913190613281854
267733.77858876414	0.8904609853019096
274605.14510921674	0.889605129700596
281652.86471483746	0.8887514851820812
288881.4634937879	0.8879000424585901
296295.583695927	0.8870507922963321
303899.98671409587	0.8862037255150997
311699.5561419045	0.8853588329878734
319699.3009100183	0.8845161056404263
327904.3585029146	0.8836755344509353
336319.9982582113	0.882837110449595
344951.6247506574	0.8820008247182347
353804.7812629981	0.8811666683899388
362885.15334589506	0.8803346326486708
372198.5724692261	0.8795047087289005
381751.0197670804	0.878676887915236
391548.62987889413	0.8778511615420552
401597.6948891433	0.8770275209931452
411904.6683681632	0.8762059577013414
422476.1695166592	0.875386463148172
433318.98741661484	0.8745690288635042
444440.08539126924	0.8737536464251938
455846.6054770124	0.8729403074587387
467545.87301003054	0.8721290036369352
479545.40133070096	0.8713197266795357
491852.8966086917	0.870512468352912
504476.26279191714	0.8697072204697194
517423.606682487	0.8689039748885655
530703.2431429648	0.8681027235136801
544323.7004362128	0.867303458294589
558293.7257022818	0.8665061712257914
572622.2905759009	0.8657108543464378
587318.5969481	0.8649174997400132
602392.0828757278	0.8641260995340209
617852.4286426123	0.8633366458996716
633709.5629763228	0.8625491310515724
649973.6694244422	0.8617635472474195
666655.1928945116	0.8609798867876948
683764.846361794	0.8601981420153639
701313.6177492407	0.8594183053155761
719312.7769839824	0.8586403691153682
737773.8832349548	0.8578643258833707
756708.792336246	0.8570901681295158
776129.6644010162	0.8563178884047482
796048.9716307747	0.8555474793007387
816479.5063251142	0.8547789334495994
837434.3890969808	0.8540122435236033
858927.0772988442	0.8532474022349029
880971.3736650683	0.8524844023352545
903581.4351761237	0.8517232366157428
926771.7821502597	0.8509638979065097
950557.3075685786	0.8502063790764821
974953.2866393737	0.8494506730331058
999975.3866079734	0.8486967727220791
1.0256396768183125e6	0.8479446711270899
1.0519626390328042e6	0.8471943612695543
1.0789611780170004e6	0.8464458362083572
1.106652632395948e6	0.8456990890395961
1.135054785789129e6	0.8449541128963265
1.164185878231254e6	0.8442109009483085
1.1940646178860916e6	0.8434694464017575
1.224710193060982e6	0.8427297424990943
1.256142284529649e6	0.8419917825187008
1.2883810781713624e6	0.8412555597746739
1.3214472779343994e6	0.840521067616584
1.3553621191322617e6	0.8397882994292345
1.3901473820810858e6	0.8390572486324243
1.4258254060871494e6	0.8383279086807103
1.462419103793282e6	0.8376002730631732
1.4999519758934719e6	0.8368743353031866
1.5384481262252126e6	0.836150088958184
1.577932277249097e6	0.8354275276194318
1.6184297859257471e6	0.8347066449118019
1.6599666600001676e6	0.8339874344935472
1.70256957470414e6	0.8332698900560779
1.7462658898871762e6	0.83255400532374
1.7910836675872013e6	0.8318397740535968
1.8370516900521156e6	0.8311271900352103
1.884199478224e6	0.8304162470904254
1.9325573106975984e6	0.829706939073156
1.9821562431654364e6	0.8289992598691713
2.0330281283619232e6	0.8282932033958874
2.085205636519449e6	0.8275887636021557
2.138722276349355e6	0.8268859344680567
2.193612416561457e6	0.8261847100046937
2.249911307935777e6	0.8254850842539901
2.307655105960902e6	0.8247870512884851
2.3668808940531933e6	0.8240906052111334
2.4276267073720153e6	0.8233957401551067
2.4899315572460755e6	0.8227024502835956
2.553835456226838e6	0.8220107297896129
2.619379443784758e6	0.8213205728957998
2.686605612665114e6	0.8206319738542327
2.7555571359201497e6	0.8199449269462321
2.826278294635179e6	0.8192594264821716
2.898814506366094e6	0.8185754668012908
2.973212354306832e6	0.8178930422715068
3.049519617205304e6	0.8172121472892308
3.127785300047317e6	0.8165327762791819
3.2080596655277903e6	0.8158549236942058
3.290394266329809e6	0.8151785840150929
3.374841978231971e6	0.8145037517504
3.461457034065676e6	0.8138304214362702
3.55029505854368e6	0.8131585876362566
3.6414131039826763e6	0.8124882449411471
3.734869686942533e6	0.8118193879687905
3.8307248258061344e6	0.8111520113639226
3.92904007932345e6	0.810486109797995
4.0298785861449884e6	0.8098216779690055
4.1333051053697076e6	0.8091587106013295
4.2393860581338685e6	0.8084972024455512
4.34818957026701e6	0.8078371482782982
4.459785516042674e6	0.8071785429020769
4.574245563052268e6	0.8065213811451079
4.691643218230306e6	0.805865657861164
4.812053875061072e6	0.8052113679294092
4.935554861996633e6	0.8045585062542386
5.062225492117843e6	0.8039070677651198
5.192147114069544e6	0.8032570474164348
5.32540316430324e6	0.8026084401873244
5.462079220660333e6	0.8019612410815332
5.602263057330949e6	0.8013154451272548
5.74604470122292e6	0.8006710473769799
5.893516489777671e6	0.8000280429073441
6.044773130269733e6	0.7993864268189781
6.1999117606285615e6	0.7987461942363576
6.359032011820949e6	0.7981073403076561
6.522236071834713e6	0.7974698602045963
6.689628751304263e6	0.7968337491223065
6.861317550820892e6	0.7961990022791734
7.037412729970128e6	0.7955656149166996
7.21802737814121e6	0.7949335822993607
7.403277487153553e6	0.7943028997144639
7.593282025747726e6	0.7936735624720067
7.788163015987678e6	0.7930455659045386
7.988045611624157e6	0.7924189053670209
8.193058178468984e6	0.7917935762366919
8.403332376832679e6	0.7911695739129279
8.619003246077303e6	0.7905468938171091
8.840209291339658e6	0.7899255313924848
9.067092572479878e6	0.7893054821040414
9.2997987953135e6	0.7886867414383675
9.53847740518438e6	0.7880693049035246
9.78328168293952e6	0.7874531680289159
1.0034368843366686e7	0.7868383263651568
1.0291900136159102e7	0.7862247754839468
1.0556040949470703e7	0.7856125109779413
1.0826960916129567e7	0.785001528460625
1.1104834022576815e7	0.7843918235661875
1.1389838720602235e7	0.783783391949397
1.1682158041946864e7	0.7831762292854763
1.1981979715846831e7	0.782570331269982
1.2289496289594702e7	0.78196569361868
1.260490525219419e7	0.7813623120674252
1.2928409161188953e7	0.780760182372042
1.326021577274592e7	0.7801593003082041
1.3600538175078088e7	0.7795596616713161
1.3949594925290719e7	0.7789612622763955
1.4307610189740209e7	0.7783640979579565
1.4674813887994682e7	0.7777681645698941
1.5051441840490336e7	0.7771734579853681
1.5437735919976333e7	0.7765799740966898
1.5833944206847182e7	0.7759877088152075
1.6240321148460997e7	0.7753966580711952
1.6657127722547812e7	0.7748068178137392
1.708463160481061e7	0.7742181840106284
1.752310734082851e7	0.7736307526482429
1.7972836522371102e7	0.7730445197314458
1.8434107968239143e7	0.7724594812834733
1.8907217909745216e7	0.7718756333458276
1.9392470180955555e7	0.7712929719781694
1.9890176413813572e7	0.7707114932582119
2.0400656238272563e7	0.7701311932816147
2.0924237487563495e7	0.7695520681618796
2.1461256408731762e7	0.7689741140302453
2.201205787857646e7	0.7683973270355858
2.2576995625133254e7	0.7678217033443065
2.3156432454840068e7	0.7672472391402425
2.3750740485533908e7	0.7666739306245572
2.436030138542649e7	0.766101774015643
2.4985506618214894e7	0.7655307655490199
2.562675769448123e7	0.7649609014772375
2.628446642954556e7	0.7643921780697761
2.6959055207935385e7	0.7638245916129502
2.765095725464471e7	0.7632581384098097
2.8360616913352974e7	0.7626928147800446
2.908848993178567e7	0.7621286170598892
2.983504375439745e7	0.7615655416020278
3.0600757822569e7	0.7610035847754993
3.138612388250665e7	0.7604427429656039
3.2191646301044032e7	0.7598830125738106
3.3017842389550824e7	0.7593243900176645
3.3865242736152425e7	0.7587668717306948
3.473439154647726e7	0.7582104541623241
3.562584699314798e7	0.7576551337777783
3.6540181574244745e7	0.7571009070579959
3.747798248096601e7	0.7565477704995396
3.843985197472672e7	0.7559957206145069
3.9426407773933224e7	0.7554447539304435
4.043828345068732e7	0.7548948669902545
4.147612883766909e7	0.7543460563521184
4.254061044546384e7	0.7537983185894004
4.363241189059819e7	0.7532516502905681
4.4752234334564365e7	0.7527060480591049
4.5900796934109256e7	0.7521615085134263
4.7078837303081825e7	0.7516180282867965
4.828711198613191e7	0.7510756040272446
4.952639694456965e7	0.7505342323974818
5.0797488054691315e7	0.7499939100748201
5.210120161889656e7	0.7494546337510893
5.3438374889921226e7	0.748916400132558
5.480986660852839e7	0.7483792059398511
5.621655755499536e7	0.747843047907871
5.765935111475689e7	0.7473079227857181
5.913917385856316e7	0.7467738273366124
6.0656976137531534e7	0.7462407583378137
6.221373269346616e7	0.7457087125805455
6.3810443284843914e7	0.7451776868699166
6.544813332886359e7	0.7446476780248455
6.712785455997767e7	0.7441186828779831
6.885068570532073e7	0.7435906982756372
7.061773317747559e7	0.7430637210776976
7.243013178501603e7	0.7425377481575618
7.428904546129084e7	0.7420127764020599
7.619566801190676e7	0.7414888027113812
7.815122388139878e7	0.7409658239990013
8.015696893957359e7	0.7404438371916098
8.22141912880401e7	0.7399228392290363
8.43242120874344e7	0.7394028270641807
8.64883864058754e7	0.7388837976629409
8.870810408920124e7	0.7383657480041419
9.09847906535344e7	0.7378486750794658
9.331990820075792e7	0.737332575893382
9.571495635748357e7	0.7368174474630773
9.817147323812495e7	0.7363032868183879
1.0069103643268135e8	0.7357900910017294
1.0327526401987693e8	0.7352778570680303
1.059258156062977e8	0.7347665820846638
1.0864439339220539e8	0.7342562631313803
1.114327432646977e8	0.7337468973002408
1.1429265591892925e8	0.7332384816955513
1.1722596800810343e8	0.7327310134337963
1.2023456332298726e8	0.7322244896435736
1.2332037400168973e8	0.731718907465529
1.264853817704945e8	0.7312142640522923
1.2973161921653289e8	0.730710556568413
1.3306117109312879e8	0.7302077821902964
1.3647617565863654e8	0.7297059381061399
1.3997882604964522e8	0.7292050215158712
1.4357137168942004e8	0.7287050296310851
1.4725611973250186e8	0.7282059596749813
1.5103543654637155e8	0.7277078088823028
1.549117492311477e8	0.7272105744992752
1.5888754717828062e8	0.7267142537835451
1.6296538366926113e8	0.7262188440041201
1.6714787751534894e8	0.7257243424413079