# Internal run number: twoLoop 1948
# All dimensionful quantities in GeV
# Rescaling factor from internal to physical units: 1.51628
# Quantity: interpolated ghost dressing function G
# Syntax: p^2 [GeV^2], G
# Cutoff in GeV^2, renormalization constant Zt3: 1516281., 0.814044
# Renormalization point: 0.00000151628
# Renormalization value: 40.000000000000000
# Lowest/highest calculated points (extrapolated beyond that): 0.00000151628/15162.8
# alpha(mu)=0.05
#
1.516281011402537e-14	40.
1.561769441744613e-14	40.
1.592095061972664e-14	40.
1.63758349231474e-14	40.
1.6830719226568162e-14	40.
1.7285603529988924e-14	40.
1.7588859732269432e-14	40.
1.8043744035690193e-14	40.
1.849862833911095e-14	40.
1.910514074367197e-14	40.
1.956002504709273e-14	40.
2.001490935051349e-14	40.
2.0621421755074505e-14	40.
2.1076306058495266e-14	40.
2.168281846305628e-14	40.
2.213770276647704e-14	40.
2.2744215171038055e-14	40.
2.3350727575599072e-14	40.
2.3957239980160086e-14	40.
2.45637523847211e-14	40.
2.5170264789282117e-14	40.
2.577677719384313e-14	40.
2.65349176995444e-14	40.
2.7141430104105418e-14	40.
2.789957060980668e-14	40.
2.8506083014367695e-14	40.
2.926422352006897e-14	40.
3.0022364025770235e-14	40.
3.07805045314715e-14	40.
3.169027313831303e-14	40.
3.244841364401429e-14	40.
3.3206554149715564e-14	40.
3.4116322756557086e-14	40.
3.502609136339861e-14	40.
3.593585997024013e-14	40.
3.6845628577081653e-14	40.
3.7755397183923176e-14	40.
3.866516579076469e-14	40.
3.9726562498746477e-14	40.
4.078795920672825e-14	40.
4.184935591471003e-14	40.
4.29107526226918e-14	40.
4.3972149330673584e-14	40.
4.5033546038655356e-14	40.
4.6246570847777383e-14	40.
4.745959565689942e-14	40.
4.867262046602144e-14	40.
4.988564527514347e-14	40.
5.1098670084265495e-14	40.
5.2463322994527785e-14	40.
5.382797590479007e-14	40.
5.519262881505235e-14	40.
5.6557281725314636e-14	40.
5.807356273671718e-14	40.
5.958984374811971e-14	40.
6.110612475952225e-14	40.
6.262240577092478e-14	40.
6.429031488346757e-14	40.
6.595822399601037e-14	40.
6.762613310855316e-14	40.
6.929404222109594e-14	40.
7.111357943477899e-14	40.
7.293311664846203e-14	40.
7.490428196328534e-14	40.
7.672381917696837e-14	40.
7.869498449179168e-14	40.
8.081777790775522e-14	40.
8.278894322257853e-14	40.
8.491173663854208e-14	40.
8.718615815564588e-14	40.
8.930895157160943e-14	40.
9.158337308871324e-14	40.
9.40094227069573e-14	40.
9.643547232520137e-14	40.
9.886152194344542e-14	40.
1.0143919966282973e-13	40.
1.0401687738221406e-13	40.
1.067461832027386e-13	40.
1.0947548902326318e-13	40.
1.1220479484378775e-13	40.
1.1508572876545257e-13	40.
1.1811829078825763e-13	40.
1.2115085281106272e-13	40.
1.241834148338678e-13	40.
1.2736760495781312e-13	40.
1.307034231828987e-13	40.
1.3403924140798428e-13	40.
1.375266877342101e-13	40.
1.4101413406043596e-13	40.
1.4465320848780205e-13	40.
1.4829228291516814e-13	40.
1.5208298544367446e-13	40.
1.5602531607332105e-13	40.
1.6011927480410793e-13	40.
1.6421323353489478e-13	40.
1.6845882036682187e-13	40.
1.7270440719874898e-13	40.
1.7710162213181633e-13	40.
1.8165046516602394e-13	40.
1.8635093630137184e-13	40.
1.912030355378599e-13	40.
1.9605513477434804e-13	40.
2.0105886211197644e-13	40.
2.0621421755074505e-13	40.
2.1152120109065395e-13	40.
2.1697981273170306e-13	40.
2.2259005247389243e-13	40.
2.282002922160818e-13	40.
2.3411378816055175e-13	40.
2.400272841050216e-13	40.
2.46244036251772e-13	40.
2.5261241649966267e-13	40.
2.591324248486936e-13	40.
2.656524331977245e-13	40.
2.7247569774903593e-13	40.
2.794505904014876e-13	40.
2.8672873925621976e-13	40.
2.9400688811095194e-13	40.
3.015882931679646e-13	40.
3.0932132632611754e-13	40.
3.1720598758541076e-13	40.
3.2539390504698447e-13	40.
3.337334506096984e-13	40.
3.4237625237469287e-13	40.
3.5117068224082757e-13	40.
3.6011674020810256e-13	40.
3.69366054377658e-13	40.
3.78918624749494e-13	40.
3.8862282322247023e-13	40.
3.9863027789772703e-13	40.
4.0878936067412396e-13	40.
4.1925169965280147e-13	40.
4.3001729483375955e-13	40.
4.4108614621699806e-13	40.
4.524582538025171e-13	40.
4.639819894891764e-13	40.
4.759606094792564e-13	40.
4.880908575704767e-13	40.
5.006759899651177e-13	40.
5.135643785620393e-13	40.
5.267560233612414e-13	40.
5.40250924362724e-13	40.
5.540490815664871e-13	40.
5.683021230736709e-13	40.
5.828584207831353e-13	40.
5.978696027960203e-13	40.
6.13184041011186e-13	40.
6.289533635297724e-13	40.
6.450259422506392e-13	40.
6.61553405274927e-13	40.
6.785357526026354e-13	40.
6.959729842337645e-13	40.
7.138651001683145e-13	40.
7.322121004062852e-13	40.
7.510139849476767e-13	40.
7.702707537924887e-13	40.
7.899824069407219e-13	40.
8.103005724935158e-13	40.
8.310736223497306e-13	40.
8.524531846105063e-13	40.
8.742876311747029e-13	40.
8.967285901434605e-13	40.
9.19776061516779e-13	40.
9.434300452946586e-13	40.
9.67538913375959e-13	40.
9.924059219629606e-13	40.
1.017879442954523e-12	40.
1.0439594763506468e-12	40.
1.0707976502524717e-12	40.
1.0982423365588576e-12	40.
1.1264451633709448e-12	40.
1.1554061306887333e-12	40.
1.1849736104110826e-12	40.
1.2154508587402738e-12	40.
1.246686247575166e-12	40.
1.2786797769157594e-12	40.
1.3114314467620544e-12	40.
1.3450928852151908e-12	40.
1.3796640922751686e-12	40.
1.4149934398408474e-12	40.
1.4513841841145085e-12	40.
1.4885330688938705e-12	40.
1.5267433503812147e-12	40.
1.5660150285765403e-12	40.
1.6061964753787075e-12	40.
1.6474393188888566e-12	40.
1.6897435591069874e-12	40.
1.7331091960331e-12	40.
1.7775362296671943e-12	40.
1.8231762881104106e-12	40.
1.869877743261609e-12	40.
1.9179438513230693e-12	40.
1.967071356092511e-12	40.
2.017563513772216e-12	40.
2.069420324362183e-12	40.
2.1224901597612715e-12	40.
2.1769246480706225e-12	40.
2.232875417391376e-12	40.
2.290190839622392e-12	40.
2.34902254286481e-12	40.
2.4092188990174915e-12	40.
2.4710831642827146e-12	40.
2.5344637105593408e-12	40.
2.5995121659485096e-12	40.
2.6662285304502216e-12	40.
2.7346128040644757e-12	40.
2.8048166148924134e-12	40.
2.8768399629340336e-12	40.
2.9506828481893373e-12	40.
3.026496898759464e-12	40.
3.104130486543274e-12	40.
3.183735239641907e-12	40.
3.265462786156504e-12	40.
3.349313126087064e-12	40.
3.435286259433588e-12	40.
3.5233821861960753e-12	40.
3.613904162576807e-12	40.
3.706548932373502e-12	40.
3.8017713798895816e-12	40.
3.8992682489227645e-12	40.
3.999342795675332e-12	40.
4.101995020147284e-12	40.
4.20722492233862e-12	40.
4.31518413035048e-12	40.
4.426024272284006e-12	40.
4.539593720038056e-12	40.
4.65604410171377e-12	40.
4.7756786735134306e-12	40.
4.898194179234756e-12	40.
5.023893875080026e-12	40.
5.1527777610492424e-12	40.
5.284997465243543e-12	40.
5.42070461576407e-12	40.
5.559899212610823e-12	40.
5.702581255783802e-12	40.
5.848902373384147e-12	40.
5.999014193512998e-12	40.
6.1529167161703556e-12	40.
6.3109131975585e-12	40.
6.472852009576291e-12	40.
6.639036408426009e-12	40.
6.809314766006514e-12	40.
6.984141966621226e-12	40.
7.163366382169006e-12	40.
7.347139640750994e-12	40.
7.535764998569469e-12	40.
7.729242455624433e-12	40.
7.927572011915885e-12	40.
8.131056923646106e-12	40.
8.339697190815095e-12	40.
8.553796069625133e-12	40.
8.77320193197508e-12	40.
8.998369662168357e-12	40.
9.229299260204964e-12	40.
9.46629398228718e-12	40.
9.709202200313866e-12	40.
9.958327170487302e-12	40.
1.0213972149009771e-11	40.
1.047613713588127e-11	40.
1.0744973759202939e-11	40.
1.102078527517706e-11	40.
1.1303571683803633e-11	40.
1.1593636241284939e-11	40.
1.1891282203823257e-11	40.
1.2196357943317447e-11	40.
1.2509469972172072e-11	40.
1.2830466662285988e-11	40.
1.3159802897962621e-11	40.
1.3497478679201966e-11	40.
1.3843948890307442e-11	40.
1.419921353127906e-11	40.
1.456372748642023e-11	40.
1.4937490755730956e-11	40.
1.5320806595413515e-11	40.
1.5713978261670194e-11	40.
1.611730901070327e-11	40.
1.653095047061388e-11	40.
1.695520589760431e-11	40.
1.739037854787684e-11	40.
1.7836771677633745e-11	40.
1.8294536914976174e-11	40.
1.8763977516106396e-11	40.
1.9245548365327843e-11	40.
1.9739552718842788e-11	40.
2.0246142204752376e-11	40.
2.0765771707360025e-11	40.
2.129874448286802e-11	40.
2.184536378747863e-11	40.
2.240593287739415e-11	40.
2.2981058265019134e-11	40.
2.3570891578454717e-11	40.
2.4175736073903193e-11	40.
2.479634989187025e-11	40.
2.5432733032355897e-11	40.
2.6085340379663547e-11	40.
2.6754930074298908e-11	40.
2.7441502116261976e-11	40.
2.8145814646058456e-11	40.
2.886817091989062e-11	40.
2.9609025822061904e-11	40.
3.0368985864976856e-11	40.
3.114835430483776e-11	40.
3.194788928215032e-11	40.
3.276774242501567e-11	40.
3.360882350204066e-11	40.
3.447128414132642e-11	40.
3.53560341114798e-11	40.
3.626337666870308e-11	40.
3.7194069953501955e-11	40.
3.814872047828099e-11	40.
3.912778312734361e-11	40.
4.013201604119551e-11	40.
4.116202573224125e-11	40.
4.22184187128854e-11	40.
4.330195312363365e-11	40.
4.441323547689057e-11	40.
4.5553175541263e-11	40.
4.672222820105435e-11	40.
4.792145485297262e-11	40.
4.915131038132123e-11	40.
5.041270455470699e-11	40.
5.1706547141736776e-11	40.
5.303359628291628e-11	40.
5.4394761746852335e-11	40.
5.5790801674050655e-11	40.
5.722262583311807e-11	40.
5.869129562076256e-11	40.
6.019756917748985e-11	40.
6.174250790000789e-11	40.
6.332717318502468e-11	40.
6.495247480114707e-11	40.
6.661947414508301e-11	40.
6.832923261354051e-11	40.
7.008296323132869e-11	40.
7.188157576705438e-11	40.
7.372643487362785e-11	40.
7.561860194775707e-11	40.
7.755929001425118e-11	40.
7.954986372602043e-11	40.
8.159153610787394e-11	40.
8.368552018462084e-11	40.
8.583333223727255e-11	40.
8.803633691873929e-11	40.
9.029574725383021e-11	40.
9.26130795235567e-11	40.
9.499000163703133e-11	40.
9.742802987526547e-11	40.
9.992837726306824e-11	40.
1.0249316659385565e-10	40.
1.0512361089243676e-10	40.
1.078215296960253e-10	40.
1.1058874254183492e-10	40.
1.1342706896707932e-10	40.
1.1633817688087106e-10	40.
1.1932403744852494e-10	40.
1.2238647020725465e-10	40.
1.25527446322375e-10	40.
1.2874908858730197e-10	40.
1.3205336816735038e-10	40.
1.3544255948403733e-10	40.
1.3891863370267765e-10	40.
1.4248401687288958e-10	40.
1.4614083178808906e-10	40.
1.4989150449789438e-10	40.
1.5373846105192377e-10	40.
1.5768427912789659e-10	40.
1.6173123314732997e-10	40.
1.6588205241604442e-10	40.
1.701393146117593e-10	40.
1.7450590066839633e-10	40.
1.7898469151987713e-10	40.
1.8357826484392115e-10	40.
1.8828980483065223e-10	40.
1.931221924139921e-10	40.
1.9807861178406474e-10	40.
2.0316239875909517e-10	40.
2.0837643427300507e-10	40.
2.1372450902832295e-10	40.
2.1920965558707164e-10	40.
2.2483566465177963e-10	40.
2.306060236687731e-10	40.
2.365245233405806e-10	40.
2.425949543697307e-10	40.
2.488211074587518e-10	40.
2.5520707656637474e-10	40.
2.6175695565133025e-10	40.
2.684749903004503e-10	40.
2.7536527447246577e-10	40.
2.8243250863851183e-10	40.
2.8968124164162277e-10	40.
2.971158706967317e-10	40.
3.047412479030751e-10	40.
3.125623769879905e-10	40.
3.2058426167881563e-10	40.
3.288120573309892e-10	40.
3.3725107092805116e-10	40.
3.459066094535414e-10	40.
3.5478428314720213e-10	40.
3.6388970224877547e-10	40.
3.7322893188230713e-10	40.
3.8280788554374157e-10	40.
3.9263247672902315e-10	40.
4.0270937707460217e-10	40.
4.1304495496072634e-10	40.
4.236457303957449e-10	40.
4.345185266442091e-10	40.
4.456704702268725e-10	40.
4.571085360363875e-10	40.
4.688401538497101e-10	40.
4.808729050718972e-10	40.
4.932145227361071e-10	40.
5.058727398754977e-10	40.
5.188560476637331e-10	40.
5.321723307620724e-10	40.
5.458305352284831e-10	40.
5.598393038647299e-10	40.
5.742074311006793e-10	40.
5.889444695067028e-10	40.
6.040596683969701e-10	40.
6.195628835980553e-10	40.
6.354638193084315e-10	40.
6.517729378670771e-10	40.
6.685007016129711e-10	40.
6.856577245131931e-10	40.
7.032550754191263e-10	40.
7.213039748102553e-10	40.
7.398162496784689e-10	40.
7.58803575387555e-10	40.
7.782782338137057e-10	40.
7.982526584612147e-10	40.
8.18739737718679e-10	40.
8.397526632308976e-10	40.
8.61304778270771e-10	40.
8.834101842517051e-10	40.
9.06082830959005e-10	40.
9.293374263184812e-10	40.
9.531886782559443e-10	40.
9.776522044658115e-10	40.
1.0027436226425006e-9	40.
1.0284790053647326e-9	40.
1.0548747284674302e-9	40.
1.0819480775541236e-9	40.
1.1097161866002417e-9	40.
1.138196947721719e-9	40.
1.1674087079187934e-9	40.
1.1973701174479053e-9	40.
1.2281005847060005e-9	40.
1.2596196697181262e-9	40.
1.291947690649835e-9	40.
1.3251054205509836e-9	40.
1.3591140873557312e-9	40.
1.3939956771387431e-9	40.
1.429772479230887e-9	40.
1.4664675411035363e-9	40.
1.5041042134842669e-9	40.
1.5427070601254627e-9	40.
1.5823004931514081e-9	40.
1.6229101377111953e-9	40.
1.6645619222101196e-9	40.
1.707282836450184e-9	40.
1.7511000218614922e-9	40.
1.7960418328989577e-9	40.
1.8421372305298982e-9	40.
1.889415478977834e-9	40.
1.937907207119195e-9	40.
1.9876433470866143e-9	40.
2.0386561956656345e-9	40.
2.0909780496417985e-9	40.
2.1446428737097614e-9	40.
2.1996849358203814e-9	40.
2.2561397169493252e-9	40.
2.3140433045846645e-9	40.
2.37343315086738e-9	40.
2.434347011194656e-9	40.
2.496824460500891e-9	40.
2.5609052253485827e-9	40.
2.626630700209343e-9	40.
2.694042886067187e-9	40.
2.7631853001871426e-9	40.
2.834102217974743e-9	40.
2.9068392794884305e-9	40.
2.981443034555256e-9	40.
3.0579615492832804e-9	40.
3.1364439511772732e-9	40.
3.2169404291387126e-9	40.
3.2995029916062887e-9	40.
3.3841845567873e-9	40.
3.4710394075419543e-9	40.
3.5601233430114717e-9	40.
3.6514935269899815e-9	40.
3.745208942808828e-9	40.
3.84132933193986e-9	40.
3.939916861904545e-9	40.
4.041034458364856e-9	40.
4.144747321404284e-9	40.
4.251121864131128e-9	40.
4.360226622447103e-9	40.
4.472131496906835e-9	40.
4.586908359230265e-9	40.
4.704631052302648e-9	40.
4.825375086918352e-9	40.
4.949217945037058e-9	40.
5.0762392314118665e-9	40.
5.206520521961191e-9	40.
5.340145363768759e-9	40.
5.477199881596018e-9	40.
5.617771716485428e-9	40.
5.7619513904133696e-9	40.
5.909831396521537e-9	40.
6.061506805629347e-9	40.
6.21707496297773e-9	40.
6.3766356398572365e-9	40.
6.54029148849234e-9	40.
6.70814758715713e-9	40.
6.880311591803414e-9	40.
7.056894342573129e-9	40.
7.238008954029723e-9	40.
7.423771876554873e-9	40.
7.614302441464177e-9	40.
7.809722861007152e-9	40.
8.010158834879643e-9	40.
8.21573894371142e-9	40.
8.426595255578573e-9	40.
8.642863174375423e-9	40.
8.864681591442613e-9	40.
9.092192885567113e-9	40.
9.325543377866525e-9	40.
9.564882725276675e-9	40.
9.810364678692114e-9	40.
1.0062146931338034e-8	40.
1.0320391118770248e-8	40.
1.0585263122131404e-8	40.
1.085693306815098e-8	40.
1.113557532914529e-8	40.
1.1421369129529878e-8	40.
1.1714497636050925e-8	40.
1.2015149322438146e-8	40.
1.2323517211264296e-8	40.
1.2639799328829456e-8	40.
1.2964198705161063e-8	40.
1.3296923828898177e-8	40.
1.363818834403531e-8	40.
1.3988211353178608e-8	40.
1.434721772080206e-8	40.
1.4715437921619401e-8	40.
1.5093108495468408e-8	40.
1.548047204731091e-8	40.
1.587777709560467e-8	40.
1.6285278982072014e-8	40.
1.6703239416815507e-8	40.
1.7131926781574162e-8	40.
1.757161628135156e-8	40.
1.8022590550928215e-8	40.
1.8485138896721112e-8	40.
1.8959558509808478e-8	40.
1.9446154162673614e-8	40.
1.9945238209204857e-8	40.
2.0457131191208028e-8	40.
2.0982161838406394e-8	40.
2.152066737169689e-8	40.
2.2072993654778226e-8	40.
2.2639495194150858e-8	40.
2.3220536048885624e-8	40.
2.381648937573943e-8	40.
2.442773773241146e-8	40.
2.5054673684055563e-8	40.
2.5697699954908366e-8	40.
2.6357229428289272e-8	40.
2.703368560148477e-8	40.
2.7727503040632722e-8	40.
2.8439127229094286e-8	40.
2.9169015173966296e-8	40.
2.9917635709337474e-8	40.
3.068546949628843e-8	40.
3.147300962940409e-8	40.
3.228076209165794e-8	40.
3.3109245299527795e-8	40.
3.3958991467648644e-8	40.
3.483054630555649e-8	40.
3.5724469624200764e-8	40.
3.664133533594425e-8	40.
3.7581732364331806e-8	40.
3.8546264492462154e-8	40.
3.953555142438466e-8	40.
4.0550228178586894e-8	40.
4.159094675590377e-8	40.
4.2658375078120804e-8	40.
4.375319895913945e-8	40.
4.487612134683661e-8	40.
4.602786353608939e-8	40.
4.720916501714705e-8	40.
4.842078453702772e-8	40.
4.966350025114643e-8	40.
5.0938110178199484e-8	40.
5.2245432655048735e-8	40.
5.3586307701374504e-8	40.
5.4961596109906975e-8	40.
5.637218111433527e-8	40.
5.7818968844191806e-8	40.
5.930288802159608e-8	40.
6.082489208404806e-8	40.
6.238595812303148e-8	40.
6.39870890068073e-8	40.
6.562931262227313e-8	40.
6.731368369450052e-8	40.
6.904128424161919e-8	40.
7.081322342318899e-8	40.
7.263063920810898e-8	40.
7.449469882950174e-8	40.
7.640659954285387e-8	40.
7.83675689292722e-8	40.
8.037886641176478e-8	40.
8.244178386175336e-8	40.
8.455764575070139e-8	40.
8.672781112127938e-8	40.
8.895367358736492e-8	40.
9.123666269869556e-8	40.
9.35782445473812e-8	40.
9.597992282930089e-8	40.
9.844324005712752e-8	40.
1.0096977816684025e-7	40.
1.0356115957912131e-7	40.
1.0621904871563693e-7	40.
1.0894515230229352e-7	40.
1.1174122118877495e-7	40.
1.1460905080342682e-7	40.
1.1755048312442179e-7	40.
1.2056740713464387e-7	40.
1.236617601863413e-7	40.
1.2683552966903577e-7	40.
1.3009075361603468e-7	40.
1.3342952267559656e-7	40.
1.368539810206996e-7	40.
1.403663277136947e-7	40.
1.4396881852584249e-7	40.
1.4766376699871015e-7	40.
1.5145354611208053e-7	40.
1.5534058949697697e-7	40.
1.593273935584566e-7	40.
1.634165186886353e-7	40.
1.6761059093459672e-7	40.
1.7191230366630142e-7	40.
1.7632441954775212e-7	40.
1.808497719016468e-7	40.
1.8549126713542804e-7	40.
1.9025188610593623e-7	40.
1.9513468593894653e-7	40.
2.001428023035905e-7	40.
2.0527945183840572e-7	40.
2.1054793290947638e-7	40.
2.1595162909787937e-7	40.
2.2149401086759353e-7	40.
2.2717863723340893e-7	40.
2.3300915924837284e-7	40.
2.389893212168149e-7	40.
2.451229634236526e-7	40.
2.514140251669536e-7	40.
2.578665464258447e-7	40.
2.6448467119633006e-7	40.
2.7127264961408464e-7	40.
2.782348409870162e-7	40.
2.8537571652457116e-7	40.
2.9269986206704043e-7	40.
3.002119811181214e-7	40.
3.0791689818073607e-7	40.
3.15819561334709e-7	40.
3.239250457242136e-7	40.
3.322385567419617e-7	40.
3.407654333650228e-7	40.
3.495111514906414e-7	40.
3.5848132787856805e-7	40.
3.6768172318362126e-7	40.
3.7711824589801815e-7	40.
3.8679695629370515e-7	40.
3.9672406990980414e-7	40.
4.069059622530837e-7	40.
4.1734917198214944e-7	40.
4.2806040591117105e-7	40.
4.3904654280058463e-7	40.
4.503146380575644e-7	40.
4.618719279816093e-7	40.
4.737258350715264e-7	40.
4.85883971512877e-7	40.
4.983541456979856e-7	40.
5.111443660166422e-7	40.
5.242628461630854e-7	40.
5.377180112011269e-7	40.
5.515185019613665e-7	40.
5.65673181257944e-7	40.
5.801911393471507e-7	40.
5.950816995376696e-7	40.
6.103544250138396e-7	40.
6.26019123687755e-7	40.
6.420858554774138e-7	40.
6.585649388267268e-7	40.
6.754669566190133e-7	40.
6.92802763303521e-7	40.
7.105834921735767e-7	40.
7.288205618865926e-7	40.
7.475256848036132e-7	40.
7.667108730544393e-7	40.
7.863884477869409e-7	40.
8.065710458386955e-7	40.
8.272716288346727e-7	40.
8.485034906170122e-7	40.
8.702802663427086e-7	40.
8.926159414296709e-7	40.
9.155248598962667e-7	40.
9.390217339138937e-7	40.
9.63121653359549e-7	40.
9.878400953684004e-7	40.
1.0131929343412409e-6	40.
1.039196451800314e-6	40.
1.0658673476097958e-6	40.
1.0932227498316187e-6	40.
1.121280226400837e-6	40.
1.150057795891222e-6	40.
1.1795739393422527e-6	40.
1.2098476123893651e-6	40.
1.2408982569393158e-6	40.
1.2727458137553134e-6	40.
1.305410735648665e-6	40.
1.338914000367163e-6	40.
1.373277123635103e-6	40.
1.4085221737095811e-6	40.
1.44467178533028e-6	40.
1.4817491738208799e-6	40.
1.5197781507067564e-6	39.999969346347825
1.5587831382712759e-6	39.999615506876886
1.5987891857800029e-6	39.999231143244756
1.6398219854016505e-6	39.998816254793347
1.6819078885839165e-6	39.998370840847727
1.7250739231874564e-6	39.997894900715686
1.76934781077149e-6	39.997388433687334
1.8147579841826584e-6	39.996851439034678
1.8613336060536543e-6	39.996283916011059
1.909104587756733e-6	39.995685863850774
1.9581016079023424e-6	39.995057281768524
2.008356132808915e-6	39.99439816895898
2.0599004360628946e-6	39.993708524596187
2.112767619898297e-6	39.992988347833126
2.1669916359697613e-6	39.99223763780109
2.2226073070353666e-6	39.991456393609219
2.279650350004106e-6	39.990644614343843
2.3381573982252144e-6	39.989802299067996
2.398166025293782e-6	39.988929446820741
2.4597147690079956e-6	39.98802605661659
2.522843156539401e-6	39.987092127444896
2.5875917291482833e-6	39.986127658269176
2.654002068718588e-6	39.985132648026465
2.7221168245960903e-6	39.984107095626662
2.791979740426573e-6	39.983050999951814
2.863635682358651e-6	39.98196435985539
2.937130668611252e-6	39.980847174161582
3.0125118978280707e-6	39.979699441664572
3.0898277804645866e-6	39.978521161127709
3.1691279691136824e-6	39.977312331282803
3.250463390954061e-6	39.976072950829192
3.3338862800470274e-6	39.974803018433086
3.419450211149558e-6	39.973502532726592
3.507210133678993e-6	39.972171492306856
3.597222407952154e-6	39.970809895735258
3.6895448402114372e-6	39.969417741536382
3.7842367203802046e-6	39.967995028197187
3.881358860273073e-6	39.966541754165966
3.980973632412702e-6	39.965057917851382
4.083145009756359e-6	39.963543517621517
4.187938607545276e-6	39.961998551802729
4.295421724850746e-6	39.960423018678675
4.405663388091394e-6	39.958816916489198
4.5187343948536894e-6	39.957180243429171
4.634707360290154e-6	39.955512997647425
4.7536567627594146e-6	39.953815177245517
4.875658992347198e-6	39.952086780276538
5.000792399690577e-6	39.950327804743871
5.1291373460152494e-6	39.948538243920048
5.260776255598852e-6	39.946717613738123
5.395793667324523e-6	39.944864547491129
5.534276290480042e-6	39.942977582944614
5.67631305934394e-6	39.941055257808316
5.8219951906525585e-6	39.939096109734749
5.9714162425833765e-6	39.93709867631781
6.124672174193223e-6	39.935061495091269
6.281861407282549e-6	39.932983103527292
6.443084889775972e-6	39.930862039034842
6.608446160315841e-6	39.928696838958167
6.778051414978606e-6	39.926486040575121
6.952009575204211e-6	39.924228181095529
7.130432358151528e-6	39.921921797659479
7.313434347811933e-6	39.919565427335563
7.5011330691554564e-6	39.917157607119094
7.693649063641569e-6	39.914696873930275
7.891105966094636e-6	39.91218176461232
8.093630584460293e-6	39.909610815929526
8.301352981532997e-6	39.906982564565297
8.514406557441707e-6	39.904295547120128
8.732928136836052e-6	39.901548300109532
8.957058055617597e-6	39.898739359961922
9.18694025115856e-6	39.895867263016392
9.42272235524985e-6	39.892930545520564
9.664555788716993e-6	39.889927743628277
9.91259585831049e-6	39.886857393397193
0.000010167001856931995	39.883718030786476
0.000010427937165680022	39.880508191654272
0.0000106955693587766	39.87722641175526
0.00001097007031122321	39.873871226738011
0.000011251616309034429	39.870441172142378
0.000011540388162959001	39.866934783396779
0.000011836571324020445	39.86335059581544
0.000012140356002696749	39.85968714459554
0.000012451937291587502	39.85594296481429
0.000012771515289748935	39.852116591425968
0.00001309929523233595	39.848206559258863
0.0000134354876216088	39.844211403012125
0.000013780308362185347	39.840129657252611
0.000014133978900235673	39.835959856411542
0.000014496726365102716	39.831700534781149
0.000014868783715168506	39.827350226511264
0.000015250389888117612	39.822907465605738
0.00001564178995377827	39.81837078591888
0.00001604323527151235	39.813738721151672
0.000016454983651850923	39.809009804848081
0.000016877299522375375	39.804182570391049
0.00001731045409663115	39.79925552223316
0.000017754725549258172	39.794226294365814
0.000018210399194153892	39.78909151566365
0.000018677767667336753	39.783847758955453
0.000019157131116026453	39.778491596890653
0.000019648797390150222	39.773019601935005
0.000020153082240824016	39.767428346366224
0.00002067030952277603	39.761714402269384
0.00002120081140253207	39.755874341532291
0.000021744928571756312	39.749904735840765
0.000022303010465444124	39.743802156673745
0.000022875415487393053	39.737563175298327
0.000023462511239616152	39.731184362764743
0.000024064674758426913	39.724662289901019
0.000024682292756892633	39.717993527307812
0.00002531576187304959	39.711174645352834
0.000025965488924638256	39.704202214165406
0.000026631891170358523	39.69707280363064
0.000027315396577493293	39.689782983383687
0.000028016444097720008	39.682329322803746
0.000028735483947622626	39.674708391007975
0.000029472977899211055	39.666916756845289
0.000030229399575595974	39.658950988889899
0.00003100523475500315	39.650807655434868
0.00003180098168388548	39.64248332448539
0.000032617151395493645	39.633974563751998
0.00003345426803906068	39.625277940643564
0.00003431286921580989	39.616390022260184
0.00003519350632481851	39.607307375385851
0.00003609674491646284	39.598026566481046
0.000037023165056022406	39.588544161675038
0.0000379733616960786	39.57885672675814
0.000038947945058617475	39.568960827173704
0.00003994754102714002	39.558853028010041
0.000040972791548173395	39.548529893991947
0.00004202435504369931	39.537987989472278
0.00004310290683434813	39.527223878423264
0.000044209139572297035	39.516234124427506
0.0000453437636872083	39.505015290668979
0.000046507507841416876	39.493563939923625
0.00004770111939846115	39.481876634549934
0.000048925364902834345	39.469949936479196
0.000050181030572624164	39.457780407205512
0.00005146892280367622	39.445364607775751
0.00005278986868831385	39.432699098779047
0.00005414471654588471	39.41978044033636
0.00005553433646786391	39.406605192089444
0.00005695962087675515	39.393169913189972
0.000058421485098638446	39.379470988750946
0.00005992086795163876	39.365502420301048
0.00006145873234849609	39.351256477796099
0.0000630360659149049	39.336725391729736
0.0000646538816242293	39.321901392065456
0.00006631321844738112	39.306776708225293
0.0000680151420204384	39.291343569078208
0.00006976074532924632	39.27559420292831
0.00007155114941054553	39.259520837502819
0.00007338750407281212	39.243115699939842
0.0000752709886340799	39.226371016775943
0.00007720281267962621	39.209279013933418
0.00007918421683830758	39.191831916707493
0.00008121647358012367	39.174021949753119
0.00008330088803243131	39.155841337071678
0.0000854387988189028	39.137282301997388
0.0000876315789188023	39.118337067183539
0.0000898806365487033	39.098997854588426
0.00009218741606695024	39.079256885461049
0.00009455339890147079	39.059106380326703
0.00009698010450078741	39.038538558972128
0.00009946909130974409	39.017545640430598
0.00010202195777070674	38.996119842966692
0.00010464034335023708	38.974253384060823
0.00010732592959093672	38.951938480393515
0.00011008044119301046	38.929167347829477
0.00011290564712009003	38.905932201401441
0.00011580336173674806	38.88222525529369
0.00011877544597285031	38.858038722825363
0.00012182380851868835	38.833364816433601
0.00012495040705119597	38.80819574765632
0.0001281572494909463	38.782523727114828
0.00013144639529144532	38.756340964496118
0.00013481995676208714	38.729639668535114
0.00013828010042446753	38.702412046996336
0.0001418290484037231	38.674650306655636
0.00014546907985580677	38.646346653281583
0.00014920253243069895	38.617493291616583
0.0001530318037745871	38.588082425357733
0.00015695935306828443	38.558106257137574
0.00016098770260810453	38.527556988504514
0.0001651194394241881	38.496426819903014
0.00016935721694295332	38.464707950653604
0.000173703756690941	38.432392578932657
0.00017816185004202516	38.399472901751956
0.00018273436001087004	38.365941114937996
0.00018742422309111774	38.331789413111181
0.00019223445114103529	38.297009989664723
0.00019716813331813746	38.261594618750244
0.00020222843806308902	38.225531976060992
0.00020741861513425038	38.188809344753096
0.0002127419976945354	38.151414000108673
0.00021820200445255144	38.113333216148376
0.0002238021418577199	38.074554265613862
0.00022954600635195302	38.035064419950508
0.00023543728668001156	37.994850949289948
0.00024147976625763236	37.953901122433138
0.0002476773256018236	37.912202206833228
0.0002540339448225693	37.869741468578837
0.00026055370617912766	37.826506172377428
0.0002672407967018323	37.782483581538976
0.00027409951088076204	37.737660957959797
0.00028113425342340086	37.692025562106863
0.00028834954208401854	37.645564653002239
0.000295750010564771	37.598265488207993
0.00030334041149109844	37.550115323811461
0.00031112561946445417	37.501101414411025
0.00031911063419251475	37.451211013102167
0.000327300583700057	37.400431371464279
0.00033570072762232033	37.348749739547806
0.00034431646058221907	37.296153365862189
0.0003531533156558031	37.242629497364248
0.0003622169679247525	37.18816537944744
0.00037151323812136563	37.132748255931659
0.00038104809636664637	37.07636536905413
0.0003908276660043726	37.019003959460839
0.00040085822753311597	36.960651266199051
0.00041114622264015575	36.901294526710814
0.00042169825833819727	36.840920976827384
0.00043252111120853186	36.779517850764911
0.0004436217317526125	36.717072381121156
0.0004550072488561363	36.653571798873522
0.000466684974367	36.589003333378457
0.00047866240779122297	36.523354212372176
0.0004909472411089581	36.456611661972893
0.0005035473637145358	36.388762906684718
0.000516470867482814	36.319795169403115
0.0005297260519662304	36.249695671422138
0.000543321429724228	36.178451632443618
0.0005572657317906607	36.10605027058822
0.0005715679132808486	36.032478802408605
0.0005862371591420742	35.957724442904812
0.0006012828900528251	35.881774405541897
0.0006167147684726037	35.804615902270029
0.0006325427048468522	35.726236143547133
0.0006487768639721486	35.646622338364296
0.0006654276715237969	35.565763174794931
0.0006825058207509652	35.483653701837824
0.000700022279344378	35.400290675502646
0.0007179882964798961	35.315670850027409
0.000736415410042079	35.229790977868554
0.0007553154540350089	35.142647809715299
0.0007747005661809809	35.054238094505777
0.0007945831957166138	34.964558579445956
0.0008149761113865318	34.87360601003072
0.0008358924096447767	34.781377130067803
0.0008573455230644064	34.687868681704217
0.0008793492289646777	34.593077405455837
0.0009019176582586984	34.497000040239691
0.0009250653045280666	34.399633323409731
0.0009488070333314695	34.300973990795555
0.0009731580917507358	34.201018776744974
0.0009981341181826743	34.099764414169854
0.0010237511523826155	33.997207634596158
0.001050025645764965	33.893345168217472
0.0010769744719681925	33.788173743953244
0.001104614937691543	33.681690089510944
0.001132964793809223	33.573890931452965
0.0011620422467704086	33.464772995268334
0.0011918659702911366	33.354333005449249
0.0012224551173473292	33.242567685572986
0.001253829332473804	33.129473758389075
0.0012860087643817035	33.015047945912265
0.0013190140788964652	32.899286969521292
0.001352866472231044	32.782187550064059
0.0013875876845971104	32.663746407968866
0.0014232000141671175	32.543960263362806
0.0014597263313946675	32.4228258361968
0.0014971900937015108	32.3003398463782
0.0015356153605424045	32.176499013910878
0.0015750268088563202	32.051300059043307
0.001615449748913552	31.92473970242483
0.0016569101405707006	31.796814665270762
0.001699434609942188	31.667521669536171
0.001743050466499355	31.536857438099336
0.001787785720609284	31.404818694954603
0.0018336691015225933	31.27140216541568
0.0018807300758239992	31.136604576329248
0.0019289988663559565	31.000422656299783
0.0019785064716275128	30.862853135925441
0.0020292846857226207	30.723892748046282
0.0020813661187170157	30.583538228004411
0.0021347842176224516	30.441786313917302
0.0021895732878648225	30.298633764998332
0.002245768515316485	30.154084975444558
0.0023034059888926346	30.008163786721806
0.0023625227237270533	29.860897091879167
0.0024231566849448206	29.712311783418183
0.002485346812042292	29.56243475334567
0.0025491330438954245	29.411292893227326
0.0026145563444081236	29.258913094242899
0.0026816587288195706	29.105322247241951
0.0027504832906870454	28.950547242801164
0.002821074229560333	28.794614971282201
0.002893476879367564	28.63755232289077
0.002967737737528112	28.479386187736392
0.0030439044948145392	28.320143455892904
0.003122026065978889	28.159851017459847
0.003202152621166698	27.998535762624165
0.0032843356181364485	27.836224581722714
0.003368627835305854	27.672944365304815
0.00345508340564665	27.508722004195494
0.0035437578514489775	27.343584389558394
0.0036347081199783996	27.177558412959204
0.0037279926200473844	27.010670966428488
0.0038236712595261274	26.842948942524632
0.003921805483815604	26.674419234396034
0.004022458315308328	26.505108735842885
0.004125694393861529	26.335044341377969
0.004231580018309144	26.164252946286592
0.004340183189039732	25.992761446685069
0.004451573651666441	25.820596739578015
0.004565822941818096	25.647785722913636
0.004683004431079784	25.47435529563726
0.004803193374112956	25.300332357742416
0.0049264669569835445	25.125743810319594
0.00505290434673238	24.950616555601865
0.005182586742215635	24.774977497007537
0.005315597426252151	24.598853539179054
0.005452021819107984	24.422271588018198
0.00559194753335302	24.245258550716667
0.005735464430127737	24.067841335782234
0.005882664676851046	23.890046853059392
0.00603364280641165	23.71190201374473
0.0061884957778778164	23.5334337303957
0.006347323038764365	23.354668916933218
0.006510226588899034	23.175634488636586
0.006677311045926873	22.996357362131064
0.006848683712496816	22.816864455366627
0.007024454645172102	22.637182687588087
0.007204736725108674	22.457338979295113
0.007389645730548736	22.277360248720317
0.007579300411174166	22.097273202088196
0.0077738225643678655	21.917104213629141
0.007973337113433397	21.736879629853483
0.00817797218782065	21.55662579847402
0.008387859205412445	21.37636906831186
0.008603132956920874	21.196135789187466
0.008823931692451343	21.015952311796532
0.009050397210287189	20.835844987569185
0.009282674947953871	20.65584016851194
0.009520914075619466	20.475964207030852
0.009765267591892685	20.296243455735208
0.01001589242207987	20.116704267219983
0.010272949518962769	19.937372993826479
0.01053660396616404	19.758275987379093
0.010807025084163943	19.579439598897608
0.011084386539040581	19.400890178282754
0.011368866453997832	19.222654073974454
0.011660647523757681	19.044757632580154
0.011959917131888074	18.867227198472683
0.012266867471141498	18.690089113354929
0.012581695666882532	18.513369715790382
0.012904603903682596	18.337095340697008
0.013235799555164567	18.161292318803117
0.013575495317179241	17.985986976062566
0.01392390934439952	17.811205633027939
0.014281265390421126	17.636974604178697
0.01464779295145829	17.46332019720278
0.015023727413727785	17.29026871222861
0.015409310204615147	17.117846441005657
0.01580478894772095	16.946079666030315
0.01621041762188593	16.774994659615196
0.01662645672429837	16.604617682898194
0.017053173437786184	16.434974984789335
0.01749084180240394	16.266092800851506
0.017939742891422313	16.097997352112873
0.01840016499183647	15.930714843806811
0.018872403789503698	15.764271464036938
0.019356762559036497	15.598693382362926
0.019853552358566336	15.434006748304185
0.020363092229507416	15.270237689757128
0.02088570940144691	15.107412311322634
0.021421739502293445	14.945556692539372
0.021971526773820263	14.784696886018859
0.022535424292738512	14.624858915478395
0.023113794197445726	14.466068773666727
0.02370700792059299	14.308352420178684
0.024315446427621422	14.151735779153254
0.02493950046142046	13.996244188749222
0.025579570793265307	13.841890756600508
0.026236068480194625	13.688676606052013
0.02690941512899377	13.536602354657322
0.027600043166953418	13.385668617453151
0.02830839611957689	13.23587600666626
0.02903492889541507	13.087225131399501
0.02978010807821097	12.939716597295158
0.03054441222654312	12.793351006175296
0.03132833218115858	12.648128955657331
0.032132371380193814	12.50405103874437
0.03295704618248582	12.361117843388467
0.03380288619918054	12.219329952026317
0.03467043463385315	12.078687941085427
0.035560248631355706	11.93919238046017
0.03647289963561983	11.800843832955824
0.03740897375664011	11.663642853699786
0.03836907214687978	11.527589989518018
0.03935381138733165	11.392685778275933
0.04036382388349275	11.258930748181577
0.04139975827149689	11.126325417050301
0.042462279834674474	10.994870291528784
0.04355207093079956	10.864565866277314
0.044669831430306464	10.73541262310836
0.04581627916574834	10.607411030080136
0.04699215039279557	10.480561540543119
0.04819820026306255	10.354864592138227
0.0494352033090709	10.230320605744488
0.050703953941658615	10.106929984374897
0.05200526696015665	9.98469311201819
0.05333997807565625	9.863610352425221
0.05470894444770922	9.743682047837579
0.056113045234799645	9.624908517657119
0.057553182158946274	9.507290057053996
0.059030280084792525	9.390826935511827
0.060545287613560476	9.275519395307631
0.06209917769224916	9.16136764992485
0.06369294823846582	9.048371882397635
0.06532762278129535	8.936532243584114
0.06700425111861673	8.825848850367215
0.06872390999128947	8.716321783780597
0.07048770377464308	8.607951087058344
0.07229676518771395	8.500736763606021
0.07415225602068334	8.39467877489175
0.07605536788098811	8.289777038255005
0.07800732295857538	8.186031424631834
0.08000937481080336	8.083441756194283
0.08206280916748049	7.982007803902878
0.08416894475657148	7.881728959999083
0.0863291341510906	7.782601020130283
0.08854476463773359	7.684617564597046
0.09081725910779968	7.587772114034534
0.09314807697098407	7.4920581604076855
0.09553871509261559	7.397469166010393
0.09799070875495704	7.3039985624441
0.10050563264316853	7.21163974957694
0.10308510185658394	7.120386094483528
0.10573077294593329	7.0302309303665975
0.10844434497719374	6.9411675554609005
0.11122756062273637	6.853189231920688
0.11408220728048409	6.766289184691386
0.11701011822178632	6.680460600367017
0.12001317376876022	6.595696626034186
0.12309330250184151	6.511990368104389
0.126252482498334	6.429334891135741
0.1294927426027392	6.347723216646102
0.13281616372969612	6.267148321918937
0.13622488020035384	6.187603138804177
0.13972108111304837	6.109080552515703
0.14330701174915247	6.031573400427936
0.14698497501501148	5.955074470873526
0.1507573329208802	5.879576501944857
0.1546265080978243	5.805072180301685
0.1585949853535453	5.731554139987938
0.16266531326813966	5.659014961260349
0.16684010583081552	5.5874471694320995
0.171122044118607	5.5168432337347895
0.1755138780181834	5.447195566201882
0.1800184279918386	5.378496520577511
0.18463858688881293	5.310738391254043
0.18937732180309436	5.243913412242603
0.19423767597890915	5.1780137561803
0.19922277076510594	5.113031533378699
0.2043358076197107	5.048958790917575
0.2095800701659169	4.985787511788797
0.2149589263008537	4.92350961409472
0.22047583035846402	4.862116950306192
0.22613432532790495	4.801601306584848
0.2319380451288701	4.741954402175067
0.23789071694532204	4.683167888870504
0.2439961636191048	4.6252333505608245
0.2502583061050037	4.568142302863717
0.25668116598879864	4.511886192848049
0.26326886806995814	4.456456398853378
0.2700256430106035	4.40184423041177
0.2769558300524725	4.348040928277302
0.2840638798035995	4.295038179185532
0.29135435709653057	4.24283071669516
0.29883194391987866	4.191414319532133
0.30650144242513255	4.140784621050991
0.31436777801062016	4.090937104388565
0.3224360024846373	4.041867099881189
0.33071129730974025	3.9935697825969263
0.3391989769303223	3.946040169993564
0.3479044921855719	3.8992731197138975
0.3568334338100449	3.8532633275294734
0.36599153602405765	3.808005325444633
0.37538468021624843	3.763493479972316
0.3850188987206304	3.7197219905936385
0.3949003786906035	3.676684888412835
0.4050354660723708	3.6343760350195935
0.4154306696803553	3.5927891215703145
0.42609266537718865	3.551917668100144
0.43702830036099666	3.5117550230770807
0.44824459756271406	3.472294363209512
0.4597487601562441	3.4335286935181952
0.47154817618439165	3.3954508476832217
0.4836504233034966	3.3580534886763638
0.49606327364986436	3.3213291096884605
0.5087946988310642	3.28527003536127
0.5218528750453589	3.249868423332326
0.5352461883324932	3.215116266100987
0.5489832399592749	3.181005393222863
0.5630728519433451	3.147527473839291
0.5775240727187468	3.114674019547432
0.5923461829468674	3.0824363876159073
0.6075487014765527	3.0508057845496523
0.623141391457153	3.019773270006947
0.6391342666084917	2.9893297610701617
0.6555375976517216	2.9594660368709698
0.672361918905261	2.9301727435692686
0.6896180350499773	2.9014403996841174
0.70731702806804	2.8732594017734776
0.7254702643598139	2.845620030458482
0.7440894020434532	2.818512456786393
0.7631863984417929	2.791926748925305
0.7827735177614357	2.7658528791820496
0.8028633389688783	2.7402807313336157
0.8234687638688211	2.715200108260794
0.8446030253897635	2.690600739871652
0.8662796960822935	2.6664722913008143
0.8885126968354371	2.642804371369486
0.9113163058167635	2.6195865412896
0.9347051676418839	2.5968083236800488
0.9586943027793399	2.5744609020402147
0.9832991171968104	2.5525413477139907
1.0085354122549466	2.5310477452609623
1.0344193948550724	2.5099778289472527
1.060967687847383	2.489328988602004
1.088197340706211	2.469098276081548
1.1161258404793322	2.44928241233263
1.1447711230182251	2.429877795043941
1.1741515844965966	2.410880506872804
1.2042860932245278	2.3922863242317267
1.235194001765787	2.374090726617342
1.266895159366194	2.356288906462
1.2994099247009165	2.338875779486371
1.3327591789489044	2.321845995529298
1.3669643392029607	2.3051939498292127
1.4020473722238949	2.288913794729767
1.438030808547727	2.272999451780471
1.474937756954894	2.2574446242016952
1.5127919193109087	2.242242809681833
1.5516176057878015	2.2273873134733084
1.5914397504762807	2.212871261752788
1.6322839273985121	2.198687615210147
1.6741763669319767	2.1848291828297692
1.717143972654734	2.1712886358273065
1.7612143386230863	2.1580585217043735
1.8064157670925984	2.14513127838351
1.852777286694052	2.1324992483854923
1.9003286710757579	2.120154693011298
1.9491004580243996	2.1080898064911073
1.9991239690765306	2.0962967300632616
2.050431329633535	2.08476756594656
2.1030554895927	2.0734943911701484
2.157030244507871	2.0624692712260306
2.2123902572930967	2.0516842735103866
2.2691710804834537	2.04113148052094
2.327409179067041	2.0308030027791224
2.387141953903045	2.0206909914470477
2.448407765740733	2.010787650611004
2.511245959855057	2.001085249204707
2.575696891314361	1.9915761325474648
2.641801950896686	1.9822527334740683
2.7096035916711023	1.9731075830352498
2.7791453562614405	1.9641333207493783
2.8504719048095515	1.955322704388189
2.9236290436563603	1.9466686192812297
2.998663754758893	1.9381640871258388
3.0756242258624953	1.9298022742914314
3.154559881447238	1.9215765137812109
3.2355214144685442	1.9134827509712538
3.3185608189126463	1.9055221024248563
3.403731423187353	1.8976960270259098
3.4910879243699173	1.890005647098295
3.580686423333737	1.8824517668643042
3.6725844607768168	1.875034890784894
3.7668410541746584	1.867755241741007
3.863516735681692	1.8606127790169569
3.962673591005281	1.853607216048905
4.064375299277702	1.8467380379034337
4.168687173951162	1.8400045184534204
4.275676204742551	1.8334057372205017
4.385411100654516	1.8269405958556986
4.497962334100987	1.820607834231953
4.613402186164863	1.8144060461246556
4.7318047930174245	1.8083336944584438
4.853246193528895	1.8023891261008385
4.97780437810127	1.7965705861855001
5.105559338754087	1.7908762319501186
5.236593120495855	1.7853041460760828
5.370989874013706	1.7798523495192133
5.508835909715702	1.7745188138228887
5.650219753159747	1.7693014729069025
5.7952322019053195	1.7641982343273102
5.943966383824047	1.7592069900043712
6.096517816907233	1.7543256264174385
6.252984470607929	1.7495520342673911
6.413466828757594	1.7448841176087209
6.5780679540972375	1.7403198024549598
6.746893554465206	1.7358570448624648
6.920052050683215	1.7314938384989935
7.097654646184959	1.7272282217046118
7.279815398431419	1.7230582840536999
7.466651292159553	1.7189821724277614
7.658282314510417	1.7149980966097682
7.854831532085719	1.71110433441153
8.056425169981727	1.7072992363464028
8.263192692852117	1.7035812298602515
8.475266888050792	1.6999488231342232
8.692783950908545	1.6964006084733376
8.915883572198878	1.6929352652953293
9.144709027848029	1.6895515627345348
9.37940727094776	1.6862483618758592
9.620129026129257	1.683024617634078
9.867028886359796	1.6798793802938299
10.120265412223016	1.6768117967257838
10.380001233747636	1.6738211112944004
10.646403154849132	1.6709065687793185
10.91964226045267	1.6680636166246126
11.199894026364593	1.6652830143079433
11.487338431964178	1.662555925812474
11.782160075787184	1.6598742562531155
12.084548294076615	1.657230619358867
12.39469728237529	1.6546183056044217
12.712806220239555	1.6520312510170096
13.039079399153245	1.6494640066812316
13.373726353725452	1.6469117089615826
13.716961996254547	1.644370050459443
14.069006754746367	1.6418352517185082
14.430086714473996	1.639304033689998
14.80043376317171	1.63677359096646
15.180285739954265	1.63424156579063
15.56988658805884	1.631706022843559
15.969486511506418	1.6291654248141436
16.379342135784967	1.626618608750208
16.799716672655457	1.6240647631894805
17.23088008918828	1.6215034060670908
17.673109281137226	1.6189343633946407
18.12668825076436	1.616357748704438
18.591908289227504	1.6137739432511626
19.06906816364943	1.6111835769619884
19.558474308987382	1.608587510125086
20.060441024828254	1.6059868158054031
20.575290677233163	1.6033827629757282
21.103353905763164	1.6007768003502176
21.644969835817378	1.5981705409068458
22.20048629642225	1.5955657470845972
22.77026004360905	1.5929643166406833
23.354656989524248	1.5903682691525771
23.95405243742146	1.5877797331492527
24.568831322682836	1.58520093385571
25.199388460027226	1.582634181534568
25.846128797061887	1.580081860408332
26.509467674343316	1.5775464181457681
27.189831092110783	1.5750303558957397
27.887655983866637	1.5725362188518073
28.603390496976846	1.5700665873308965
29.337494280475124	1.5676240683493712
30.090438780251546	1.565211287679942
30.862707541818356	1.5628308823729484
31.65479652084496	1.560485493725706
32.46721440166494	1.5581777606837726
33.30048292395537	1.555910313658218
34.155137217801624	1.5536857687431886
35.03172614736021	1.5515067223183145
35.930812663344064	1.5493755601500248
36.85297416455199	1.5472915480579357
37.79880286867812	1.5452515621790972
38.76890619263669	1.5432526950389966
39.76390714265038	1.54129231386521
40.78444471434766	1.5393680384312054
41.83117430313021	1.5374777199978114
42.90476812507064	1.5356194213145262
44.00591564861543	1.53379139764341
45.135324037364626	1.5319920787689583
46.293718604217155	1.5302200519579772
47.48184327716991	1.5284740458342163
48.70046107707468	1.5267529151331882
49.950354607653495	1.5250556263034019
51.2323265580922	1.5233812439209402
52.547200218530804	1.5217289178851499
53.89582000878757	1.5200978713639484
55.279052020649054	1.5184873894581024
56.69778457408033	1.516896808554602
58.1529287877078	1.5153255063400928
59.64541916394743	1.5137728924461216
61.17621418914679	1.5122383996987958
62.7462969491294	1.5107214759462235
64.35667576054097	1.5092215764379535
66.00838481839473	1.5077381567314112
67.70248486023868	1.5062706661011227
69.44006384736572	1.50481854142732
71.22223766351178	1.5033812015412689
73.05015083148128	1.5019580420054683
74.92497724816754	1.5005484303075742
76.84792093843446	1.499151701447688
78.82021682835156	1.4977671538993373
80.84313153826902	1.496394045925227
82.91796419624994	1.495031592229503
85.04604727237601	1.4936789609289876
87.22874743447125	1.4923352708264748
89.46746642578205	1.4909995889698748
91.76364196518644	1.489670928481586
94.11874867050324	1.488348246643126
96.53429900550435	1.4870304432206354
99.01184425122564	1.4857163590174778
101.55297550221037	1.4844047746407047
104.15932468831681	1.4830944094687317
106.83256562275778	1.481783920808092
109.57441507703085	1.4804719032276688
112.38663388344064	1.4791568880593096
115.27102806591313	1.4778373430542118
118.22944999983972	1.4765116721849434
121.26379960168066	1.4751785303274014
124.37602554910478	1.473839248124722
127.56812653243843	1.4724964129234792
130.84215253824175	1.471152423858765
134.20020616581903	1.4698094882840755
137.6444439775224	1.4684696303339786
141.17707788370546	1.467134699182187
144.80037656323134	1.465806377003905
148.51666692042795	1.4644861866511636
152.32833557944213	1.4631754990496681
156.2378304169399	1.4618755403255028
160.24766213415398	1.4605873986698634
164.36040586926708	1.4593120309498147
168.57870285118358	1.4580502690728725
172.90526209573767	1.4568028261130501
177.34286214544707	1.4555703022058166
181.89435285390635	1.4543531902192472
186.5626572159762	1.453151881208464
191.3507732449559	1.4519666696602884
196.26177589792073	1.4507977585348608
201.2988190504807	1.449645264110805
206.4651375222126	1.4485092206403505
211.76404915408955	1.447389584820646
217.1989569392125	1.4462862400873562
222.77335120823642	1.445199000736445
228.49081187087506	1.4441276158799057
234.35501071495025	1.4430717732410279
240.3697137644299	1.442031102794652
246.53878369799483	1.441005180257693
252.86618232966714	1.4399935304350708
259.35597315312197	1.4389956304260505
266.0123239512802	1.438010912695823
272.83950947288815	1.4370387680170522
279.8419141777791	1.4360785482859408
287.024035052611	1.435129569217257
294.3904844988518	1.4341911129226215
301.9459932948947	1.4332624303762211
309.6954136341847	1.4323427437720007
317.64372224133916	1.4314312487762495
325.79602356822164	1.4305271166793778
334.1575530720569	1.4296294964505822
342.73368057766334	1.4287375166989413
351.52991372600087	1.4278502875444212
360.55190151120263	1.4269669024021188
369.80543790839727	1.4260864396829929
379.29646559462503	1.4252079644142095
389.03107976527616	1.4243305297821425
399.015532048452	1.4234531786009577
409.25623451980374	1.4225750982901655
419.7597638203948	1.4216962376664937
430.53286538027686	1.4208167690655242
441.58245775043383	1.419936845949715
452.91563704592386	1.4190566048243414
464.53968150303405	1.418176167139407
476.4620561534276	1.4172956410939472
488.690417618222	1.4164151233467281
501.2326190251079	1.4155347006372188
514.0967150516951	1.414654451320549
527.290967098262	1.413774446820062
540.8238485932834	1.412894753000908
554.7040504351031	1.4120154314680253
568.9404865733038	1.4111365407917071
583.5422997332842	1.4102581376638672
598.5188672877804	1.4093802779879605
613.8798072790554	1.4085030179054474
629.6349845956877	1.4076264147615467
645.7945173078474	1.4067505280129402
662.3687831651895	1.4058754200799881
679.3684262614898	1.4050011571459091
696.8043638703738	1.4041278099052938
714.6877934564368	1.4032554542642262
733.0301998663346	1.4023841719942003
751.843362704399	1.4015140513419388
771.1393638976037	1.4006451875971284
790.9305954546293	1.3997776836200224
811.2297674240962	1.3989116503307721
832.0499160570143	1.3980472071622876
853.4044121787744	1.3971844824783364
875.3069697759506	1.3963236139585566
897.7716548035188	1.39546474895195
920.8128942180709	1.3946080448003961
944.4454852429334	1.3937536691336463
968.6846048710061	1.3929018001371987
993.545819611535	1.3920526267944062
1019.045095486988	1.3912063491041107
1045.1988082865748	1.390363178275038
1072.0237540828487	1.3895233368981466
1099.537160018262	1.3886870590980713
1127.756695368509	1.3878545906647457
1156.7004828898882	1.3870261891662614
1186.3871104578159	1.3862021240439537
1216.8356430040876	1.3853826766906887
1248.065634760459	1.3845681405132564
1280.0971418165427	1.3837588209797602
1312.950734999926	1.3829550356528408
1346.6475130868507	1.382157114097311
1381.2091163520333	1.3813652511185246
1416.6577404661398	1.3805792188742632
1453.0161507500022	1.3797987236902103
1490.307696794602	1.3790234865049669
1528.5563274563813	1.3782532426732734
1567.7866062373027	1.3774877417681053
1608.0237270596997	1.3767267473818534
1649.2935304459202	1.3759700369268306
1691.622520113336	1.3752174014353056
1735.037879995142	1.374468645359266
1779.567491698071	1.373723586370098
1825.2399524080754	1.3729820551583594
1872.084593255691	1.3722438952338154
1920.1314981526157	1.3715089627258887
1969.4115231118044	1.370777126184682
2019.9563160633356	1.3700482663826965
2071.7983371789815	1.3693222761173964
2124.9708797182752	1.3685990600147222
2179.5080914096707	1.367878534333678
2235.4449963803613	1.367160626772103
2292.817517649075	1.3664452762737158
2351.6625001959937	1.3657324328365315
2412.0177346248583	1.3650220573227383
2473.921981432249	1.3643141212701138
2537.41499589992	1.3636086067050504
2602.537553625805	1.3629055059572661
2669.3314767103957	1.3622048214762572
2737.8396606150714	1.3615065656495562
2808.1061017099337	1.3608107606228443
2880.175925528468	1.36011743812197
2954.0954157474744	1.3594266392769185
3029.9120439106405	1.3587384144477668
3107.6744999151792	1.358052823052666
3187.4327232806913	1.3573699333978815
3269.237935220673	1.356689822509919
3353.142671536993	1.3560125759697619
3439.200816358845	1.35533828774924
3527.467636747392	1.3546670600495523
3617.9998181885285	1.353999003141957
3710.855500996795	1.353334235210641
3806.09431765334	1.3526728821977825
3903.7774311023113	1.3520150776508104
4003.967574029957	1.351360962571873
4106.729089152106	1.3507106852695085
4212.127970535334	1.3500644012125305
4320.2319059788115	1.3494222728861198
4431.110320483702	1.348784469650122
4544.834420838488	1.348151165918372
4661.477241348292	1.3475223855003977
4781.11369073801	1.3468978757733892
4903.820600259002	1.346277361361319
5029.676773030808	1.345660573635132
5158.763034648834	1.3450472505492927
5291.162285091124	1.3444371364822372
5426.9595519570685	1.3438299820806288
5566.242045072871	1.3432255441073393
5709.099212498078	1.3426235852930637
5855.622797969738	1.3420238741914823
6005.906899820625	1.3414261850378908
6160.048031409998	1.340830297611212
6318.1451831049035	1.3402359970993154
6480.299885852477	1.3396430739675644
6646.616276383543	1.3390513238305144
6817.201164090127	1.3384605473266862
6992.16409961892	1.337870549996351
7171.617445225449	1.3372811421622433
7355.676446933609	1.3366921388131425
7544.45930854765	1.336103359490252
7738.0872675631745	1.335514628176308
7936.684673026695	1.3349257731873598
8140.379065393135	1.3343366270671493
8349.301258433392	1.3337470264840356
8563.58542324353	1.3331568121304025
8783.36917441037	1.332565828624488
9008.79365838818	1.3319739244145825
9240.003644144137	1.3313809516855328
9477.147616129658	1.3307867662675055
9720.377869637812	1.3301912275469518
9969.850608608678	1.3295941983797184
10225.726045944186	1.3289955450062596
10488.168506397958	1.3283951369688993
10757.346532105365	1.3277928470310876
11033.432990822741	1.3271885510986148
11316.60518694382	1.3265821281427288
11607.044975365827	1.3259734601251112
11904.938878277488	1.3253624319246735
12210.478204945175	1.3247489312661196
12523.859174572564	1.3241328486502464
12845.283042313966	1.3235140772859244
13174.95622852123	1.3228925130237363
13513.090451308695	1.3222680542912157
13859.90286251948	1.3216406020296636
14215.616187181897	1.3210100596324934
14580.458866544423	1.3203763328850753
14954.665204782628	1.3197393299060385
15338.47551947037	1.3191455592710846
15732.136295913364	1.3186077167941495
16135.90034544313	1.3180711631190134
16550.026967774596	1.3175358926047547
16974.782117529514	1.3170018996462702
17410.438575034368	1.316469178673976
17857.27612150103	1.3159377241535144
18315.581718704718	1.315407530585461
18785.649693272073	1.3148785925050357
19267.781925699757	1.3143509044818182
19762.288044223395	1.313824461119464
20269.485623663517	1.3132992570554252
20789.700389373473	1.312775286960672
21323.26642642255	1.3122525455394198
21870.52639414676	1.3117310275288574
22431.831746207696	1.3112107276988774
23007.542956297573	1.31069164085181
23598.02974963793	1.3101737618221607
24203.671340418758	1.309657085476349
24824.856675333096	1.3091416067124493
25461.984683360526	1.3086273204599361
26115.464531961195	1.3081142216794315
26785.71588984669	1.3076023053624528
27473.169196493138	1.3070915665311669
28178.265938572415	1.306582000238142
28901.45893347674	1.3060736015661072
29643.212620121954	1.3055663656277094
30404.00335721221	1.3050602875652761
31184.319729160816	1.3045553625505792
31984.66285986123	1.3040515857846013
32805.54673451318	1.3035489524973038
33647.498529706165	1.3030474579473985
34511.05895197595	1.3025470974221196
35396.78258504859	1.3020478662370005
36305.238245998866	1.3015497597356502
37237.00935054716	1.3010527732895325
38192.694287732986	1.300556902297749
39172.906804203056	1.3000621421868224
40178.276398364644	1.2995684884104823
41209.4487246522	1.2990759364494535
42267.086008171136	1.2985844818112455
43351.86746998158	1.2980941200299463
44464.48976330002	1.2976048466660137
45605.66742089306	1.2971166573060744
46776.13331395528	1.296629547562719
47976.63912276223	1.2961435130743049
49207.955819406074	1.295658549504756
50470.874162917135	1.2951746525433667
51766.2052070949	1.2946918179046087
53094.78082137017	1.2942100413279374
54457.45422503885	1.293729318577601
55855.10053520304	1.2932496454424525
57288.61732877738	1.292771017735761
58758.92521891667	1.2922934312950283
60266.9684462417	1.2918168819818037
61813.71548523462	1.2913413656815018
63400.15966620001	1.2908668783032238
65027.319813185786	1.290393415779578
66696.24089828084	1.2899209740665025
68407.99471270118	1.2894495491430904
70163.68055509918	1.2889791370114165
71964.42593754281	1.2885097336963645
73811.38730960866	1.2880413352454574
75705.75080106198	1.2875739377286872
77648.73298359421	1.28710753723835
79641.58165211581	1.286642129888878
81685.57662609572	1.2861777118166757
83782.03057147014	1.2857142791799583
85932.28984364225	1.2852518281585894
88137.73535212335	1.2847903549539212
90399.78344735884	1.2843298557886371
92719.88683031843	1.2838703269065932
95099.53548542675	1.283411764572665
97540.25763744432	1.2829541650725915
100043.62073290018	1.2824975247128232
102611.23244671682	1.282041839820371
105244.74171466591	1.2815871067426563
107945.83979232918	1.2811333218473624
110716.26134122993	1.2806804815222868
113557.78554284493	1.2802285821751958
116472.23724120212	1.2797776202336801
119461.48811481141	1.2793275921450111
122527.45787866462	1.2788784943759992
125672.11551708989	1.278430323412852
128897.48054824167	1.2779830757610366
132205.62432105283	1.2775367479451403
135598.67134546395	1.277091336508733
139078.80065679835	1.2766468380142328
142648.24721514774	1.2762032490427706
146309.30334068314	1.2757605661940563
150064.3201857926	1.2753187860862472
153915.7092450079	1.2748779053558164
157865.9439036762	1.2744379206574237
161917.5610263898	1.2739988286637862
166073.16258617165	1.2735606260655497
170335.41733548025	1.2731233095711645
174707.06252009392	1.2726868759067576
179190.90563699388	1.2722513218160096
183789.8262373521	1.2718166440600316
188506.77777579264	1.2713828394172417
193344.78950712582	1.2709499046832455
198306.9684317488	1.2705178366707146
203396.5012909827	1.270086632209268
208616.65661361144	1.2696562881453548
213970.78681495943	1.2692268013421362
219462.33034982692	1.2687981686793701
225094.81392068998	1.268370387053295
230871.85474256336	1.267943453376518
236797.16286600742	1.2675173645778994
242874.54355973905	1.267092117602443
249107.89975440127	1.2666677094111822
255501.2345490419	1.2662441369810726
262058.65378193863	1.2658213973048806
268784.3686673862	1.2653994873910765
275682.69850016723	1.2649784042637258
282758.0734294217	1.264558144962384
290015.0373037275	1.2641387065419905
297458.25058917917	1.2637200860727629
305092.493362372	1.2633022806400946
312922.6683801872	1.2628852873444518
320953.804228385	1.2624691033012703
329191.0585509845	1.2620537256408544
337639.7213625379	1.2616391515082774
346305.2184454009	1.2612253780632816
355193.1148342166	1.2608124024801797
364309.11838980543	1.2604002219477561
373659.0834647926	1.2599888336691707
383249.0146632984	1.259578234861863
393085.07069714693	1.2591684227574549
403173.5683410175	1.2587593946016573
413520.9864891216	1.258351147654176
424133.9703159756	1.257943679188619
435019.33554398984	1.2575369864924026
446184.07282055507	1.2571310668666613
457635.35220748483	1.256725917626156
469380.5277856593	1.2563215360991848
481427.14237788017	1.2559179196274928
493782.93239290715	1.2555150655661829
506455.8327938166	1.25511297128363
519453.9821939028	1.2547116341613913
532785.7280833314	1.2543110515941214
546459.6321899549	1.2539112209894858
560484.4759776912	1.2535121397680757
574869.2662860556	1.2531138053633248
589623.241114392	1.2527162152214233
604755.8755545806	1.252319366801237
620276.8878759819	1.251923257574223
636196.2457665936	1.2515278850243503
652524.172734343	1.2511332466480163
669271.154672695	1.2507393399539672
686447.946594737	1.25034616246322
704065.5795401419	1.2499537117089798
722135.3676593495	1.2495619852365645
740668.915479592	1.2491709806033247
759678.1253573722	1.2487806953785685
779175.2051222578	1.2483911271434829
799172.675916804	1.248002273491058
819683.3802377181	1.2476141320260132
840720.4901833647	1.2472267003647206
862297.515913002	1.2468399761351312
884428.3143230649	1.2464539569767015
907127.0979461591	1.24606864054032
930408.4440784112	1.2456840244882355
954287.3041411334	1.2453001064939835
978779.0132826921	1.2449168842423166
1.0038993002268458e6	1.2445343554291324
1.029664297373799e6	1.2441525177614041
1.0560905511605693e6	1.2437713689571102
1.0831950326871804e6	1.2433909067451652
1.1109951486156215e6	1.243011128865351
1.1395087523484782e6	1.2426320330682497
1.1687541554945435e6	1.2422536171151743
1.198750139628612e6	1.2418758787781037
1.229515968353137e6	1.2414988158396136
1.2610713996693995e6	1.2411224260928129
1.2934366986662655e6	1.2407467073412768
1.3266326505345257e6	1.2403716573989818
1.360680573915241e6	1.239997274090242
1.395602334590758e6	1.239623555249644
1.4314203595270112e6	1.2392504987219841
1.4681576512762741e6	1.2388781023622049
1.5058378027494983e6	1.2385063640353329
1.5444850123678814e6	1.2381352816164162
1.5841240996032034e6	1.2377648529904628
1.6247805209170596e6	1.2373950760523797
1.6664803861091104e6	1.237025948706913
1.7092504750850191e6	1.2366574688685852
1.7531182550546268e6	1.236289634461638
1.7981118981715809e6	1.2359224434199718
1.8442602996256165e6	1.2355558936870867
1.8915930961992927e6	1.2351899832160247
1.9401406853008675e6	1.234824709969311
1.9899342444857222e6	1.234460071918897
2.0410057514787181e6	1.2340960670461025
2.093388004710573e6	1.2337326933415602
2.147114644381152e6	1.2333699488051582
2.202220174063439e6	1.233007831445984
2.2587399828618774e6	1.2326463392822704
2.31671036813956e6	1.2322854703413402
2.3761685588285513e6	1.2319252226595496
2.43715273933857e6	1.2315655942822368
2.4997020740791745e6	1.2312065832636658
2.563856732611489e6	1.2308481876669752
2.6296579154452714e6	1.230490405564123
2.69714788049816e6	1.2301332350358356
2.7663699702338977e6	1.2297766741715548
2.837368639497227e6	1.2294207210693862
2.910189484062993e6	1.229065373836047
2.9848792699180637e6	1.2287106305868165
3.061485963294641e6	1.228356489445484
3.140058761474598e6	1.2280029485442985
3.2206481243841825e6	1.2276500060239195
3.303305806999732e6	1.227297660033367
3.3880848925849404e6	1.226945908729972
3.4750398267813893e6	1.2265947502793277
3.5642264525737767e6	1.2262441828552417
3.6557020461526685e6	1.2258942046396866
3.7495253536975104e6	1.2255448138227527
3.845756629103934e6	1.2251960086026008
3.9444576726790993e6	1.224847787185415
4.04569187083014e6	1.2245001477853554
4.1495242367714616e6	1.2241530886245122
4.256021452276515e6	1.2238066079328587
4.365251910501288e6	1.2234607039482066
4.477285759906685e6	1.22311537491616
4.5921949493084755e6	1.2227706190900702
4.710053274083131e6	1.222426434730991
4.83093642355974e6	1.2220828201076337
4.954922029628002e6	1.2217397734963245
5.082089716594109e6	1.2213972931809576
5.212521152315821e6	1.2210553774529556
5.346300100650122e6	1.2207140246112225
5.483512475246739e6	1.2203732329621033
5.624246394722616e6	1.2200330008193407
5.7685922392520895e6	1.2196933265040315
5.916642708609648e6	1.2193542083445867
6.068492881702132e6	1.2190156446766884
6.224240277629225e6	1.218677633843248
6.383984918310646e6	1.2183401741943665
6.547829392720926e6	1.2180032640872924
6.715878922772465e6	1.2176669018863817
6.888241430889979e6	1.2173310859630575
7.065027609318736e6	1.2169958146957693
7.246350991211882e6	1.2166610864699552
7.4323280235419255e6	1.216326899678
7.623078141883983e6	1.2159932527191977
7.818723847117825e6	1.2156601439997117
8.0193907840988e6	1.2153275719325372
8.225207822347478e6	1.2149955349374617
8.436307138810787e6	1.2146640314410277
8.652824302746618e6	1.2143330598764943
8.874898362787342e6	1.2140026186837996
9.102671936237436e6	1.2136727063095245
9.336291300663542e6	1.2133433212068545
9.57590648783457e6	1.2130144618355425
9.821671380073136e6	1.2126861266618743
1.0073743809079427e7	1.2123583141586296
1.0332285657292113e7	1.2120310228050484
1.059746296185001e7	1.211704251086794
1.0869446021221912e7	1.211377997495917
1.114840950457374e7	1.211052260530821
1.1434532563941853e7	1.2107270386962272
1.1727998949285699e7	1.2104023305031393
1.2028997126492854e7	1.2100781344688092
1.2337720398413418e7	1.2097544491167025
1.2654367028999971e7	1.2094312729764645
1.2979140370634042e7	1.2091086045838864
1.3312248994719872e7	1.208786442480871
1.3653906825630788e7	1.2084647852154
1.4004333278092355e7	1.2081436313415006
1.4363753398092043e7	1.2078229794192126
1.4732398007404706e7	1.2075028280145554
1.5110503851828337e7	1.207183175699495
1.549831375322324e7	1.2068640210519133
1.5896076765453914e7	1.206545362655574
1.6304048334332509e7	1.2062271991000921
1.6722490461668335e7	1.205909528980902
1.715167187352656e7	1.2055923508992252
1.759186819280595e7	1.2052756634620398
1.804336211624509e7	1.20495946528205
1.8506443595972642e7	1.2046437549776536
1.8981410025715884e7	1.2043285311729133
1.9468566431789033e7	1.2040137924975245
1.996822566898242e7	1.2036995375867867
2.0480708621480543e7	1.203385765081572
2.1006344408935305e7	1.203072473628296
2.1545470597828943e7	1.202759661878889
2.2098433418260626e7	1.2024473284907646
2.266558798629845e7	1.202135472126792
2.324729853203649e7	1.2018240914552665
2.3843938633505948e7	1.201513185149881
2.445589145658849e7	1.2012027518896964
2.5083550001088746e7	1.2008927903591142
2.5727317353120446e7	1.2005832992478476
2.6387606943971157e7	1.2002742772508928
2.7064842815609593e7	1.1999657230685032
2.7759459893009037e7	1.1996576354061592
2.8471904263458274e7	1.199350012974542
2.9202633463040914e7	1.1990428544895062
2.9952116770469014e7	1.198736158672052
3.0720835508455947e7	1.1984299242482985
3.1509283352825157e7	1.198124149949457
3.2317966649550874e7	1.1978188345118044
3.3147404739937883e7	1.1975139766766558
3.399813029414479e7	1.19720957519034
3.487068965326846e7	1.1969056288041706
3.5765643180206604e7	1.1966021362744237
3.6683565619527705e7	1.1962990963623077
3.762504646657446e7	1.1959965078339416
3.859069034604174e7	1.1956943694603275
3.958111740026925e7	1.1953926800173251
4.059696368750217e7	1.1950914382856275
4.163888159037062e7	1.1947906430507356
4.270754023485429e7	1.1944902931029333
4.380362591999798e7	1.1941903872372632
4.4927842558658786e7	1.1938909242535016
4.6080912129562005e7	1.1935919029561344
4.726357514096089e7	1.1932933221543325
4.847659110619415e7	1.1929951806619288
4.972073903145208e7	1.1926974772973924
5.099681791605764e7	1.1924002108838068
5.23056472655894e7	1.1921033802488454
5.364806761817151e7	1.1918069842247478
5.502494108427455e7	1.1915110216482971
5.643715190036662e7	1.1912154913607964
5.788560699677615e7	1.1909203922080451
5.9371236580126375e7	1.1906257230403179
6.0894994730722144e7	1.1903314827123401
6.24578600152644e7	1.1900376700832662
6.4060836115292475e7	1.1897442840166568
6.5704952471752726e7	1.189451323380457
6.739126494611433e7	1.189158787046973
6.912085649844818e7	1.1888666738928522
7.089483788291132e7	1.1885749827990586
7.271434836107798e7	1.1882837126508536
7.458055643358327e7	1.1879928623377725
7.649466059053984e7	1.187702430753604
7.845789008121394e7	1.1874124167963687
8.047150570345978e7	1.1871228193682974
8.25368006134096e7	1.1868336373758115
8.465510115594731e7	1.1865448697294994
8.682776771649294e7	1.186256515344098
8.905619559465389e7	1.185968573138472
9.13418159002924e7	1.185681042035591
9.368609647259426e7	1.1853939209625117
9.609054282272135e7	1.1851072088503565
9.855669910066395e7	1.184820904634293
1.0108614908690058e8	1.1845350072535141
1.0368051720951279e8	1.1842495156512187
1.0634146958739978e8	1.183964428774591
1.0907071510027452e8	1.1836797455747816
1.1187000648611344e8	1.183395465006887
1.1474114146677719e8	1.1831115860299308
1.176859639025152e8	1.182828107606845
1.2070636497610852e8	1.1825450287044486
1.2380428440739588e8	1.182262348293431
1.2698171169897513e8	1.1819800653483312
1.3024068741387008e8	1.1816981788475203
1.3358330448599808e8	1.1814166877731818
1.3701170956426102e8	1.1811355911112928
1.4052810439113832e8	1.180854887851606
1.4413474721665505e8	1.180574576987632
1.4783395424864998e8	1.1802946575166187
1.5162810114025417e8	1.180015128439536