# Internal run number: twoLoop 1948
# All dimensionful quantities in GeV
# Rescaling factor from internal to physical units: 1.51628
# Quantity: interpolated gluon dressing function Z
# Syntax: p^2 [GeV^2], Z
# Cutoff in GeV^2, renormalization constant Z3: 1516281., 1.22381
# Renormalization point 1: 15162.8
# Renormalization value Z at point 1: 1.
# Renormalization point 2: 0.00000151628
# Renormalization value D at point 2: 7.9141
# Lowest/highest calculated points (extrapolated beyond that): 0.00000151628/15162.8
# alpha(mu)=0.05
#
1.516281011402537e-14	1.2e-13
1.561769441744613e-14	1.231e-13
1.592095061972664e-14	1.262e-13
1.63758349231474e-14	1.295e-13
1.6830719226568162e-14	1.328e-13
1.7285603529988924e-14	1.362e-13
1.7588859732269432e-14	1.397e-13
1.8043744035690193e-14	1.433e-13
1.849862833911095e-14	1.47e-13
1.910514074367197e-14	1.507e-13
1.956002504709273e-14	1.546e-13
2.001490935051349e-14	1.586e-13
2.0621421755074505e-14	1.626e-13
2.1076306058495266e-14	1.668e-13
2.168281846305628e-14	1.711e-13
2.213770276647704e-14	1.755e-13
2.2744215171038055e-14	1.8e-13
2.3350727575599072e-14	1.846e-13
2.3957239980160086e-14	1.894e-13
2.45637523847211e-14	1.942e-13
2.5170264789282117e-14	1.992e-13
2.577677719384313e-14	2.043e-13
2.65349176995444e-14	2.096e-13
2.7141430104105418e-14	2.149e-13
2.789957060980668e-14	2.205e-13
2.8506083014367695e-14	2.261e-13
2.926422352006897e-14	2.319e-13
3.0022364025770235e-14	2.379e-13
3.07805045314715e-14	2.44e-13
3.169027313831303e-14	2.502e-13
3.244841364401429e-14	2.567e-13
3.3206554149715564e-14	2.632e-13
3.4116322756557086e-14	2.7e-13
3.502609136339861e-14	2.769e-13
3.593585997024013e-14	2.84e-13
3.6845628577081653e-14	2.913e-13
3.7755397183923176e-14	2.988e-13
3.866516579076469e-14	3.065e-13
3.9726562498746477e-14	3.143e-13
4.078795920672825e-14	3.224e-13
4.184935591471003e-14	3.307e-13
4.29107526226918e-14	3.392e-13
4.3972149330673584e-14	3.479e-13
4.5033546038655356e-14	3.568e-13
4.6246570847777383e-14	3.66e-13
4.745959565689942e-14	3.753e-13
4.867262046602144e-14	3.85e-13
4.988564527514347e-14	3.949e-13
5.1098670084265495e-14	4.05e-13
5.2463322994527785e-14	4.154e-13
5.382797590479007e-14	4.26e-13
5.519262881505235e-14	4.37e-13
5.6557281725314636e-14	4.482e-13
5.807356273671718e-14	4.597e-13
5.958984374811971e-14	4.715e-13
6.110612475952225e-14	4.836e-13
6.262240577092478e-14	4.96e-13
6.429031488346757e-14	5.087e-13
6.595822399601037e-14	5.218e-13
6.762613310855316e-14	5.352e-13
6.929404222109594e-14	5.489e-13
7.111357943477899e-14	5.63e-13
7.293311664846203e-14	5.775e-13
7.490428196328534e-14	5.923e-13
7.672381917696837e-14	6.075e-13
7.869498449179168e-14	6.231e-13
8.081777790775522e-14	6.391e-13
8.278894322257853e-14	6.555e-13
8.491173663854208e-14	6.723e-13
8.718615815564588e-14	6.895e-13
8.930895157160943e-14	7.072e-13
9.158337308871324e-14	7.254e-13
9.40094227069573e-14	7.44e-13
9.643547232520137e-14	7.631e-13
9.886152194344542e-14	7.827e-13
1.0143919966282973e-13	8.028e-13
1.0401687738221406e-13	8.234e-13
1.067461832027386e-13	8.445e-13
1.0947548902326318e-13	8.662e-13
1.1220479484378775e-13	8.884e-13
1.1508572876545257e-13	9.112e-13
1.1811829078825763e-13	9.346e-13
1.2115085281106272e-13	9.586e-13
1.241834148338678e-13	9.832e-13
1.2736760495781312e-13	1.0084e-12
1.307034231828987e-13	1.0343e-12
1.3403924140798428e-13	1.0609e-12
1.375266877342101e-13	1.0881e-12
1.4101413406043596e-13	1.116e-12
1.4465320848780205e-13	1.1446e-12
1.4829228291516814e-13	1.174e-12
1.5208298544367446e-13	1.2042e-12
1.5602531607332105e-13	1.2351e-12
1.6011927480410793e-13	1.2668e-12
1.6421323353489478e-13	1.2993e-12
1.6845882036682187e-13	1.3326e-12
1.7270440719874898e-13	1.3668e-12
1.7710162213181633e-13	1.4019e-12
1.8165046516602394e-13	1.4379e-12
1.8635093630137184e-13	1.4748e-12
1.912030355378599e-13	1.5126e-12
1.9605513477434804e-13	1.5514e-12
2.0105886211197644e-13	1.5913e-12
2.0621421755074505e-13	1.6321e-12
2.1152120109065395e-13	1.674e-12
2.1697981273170306e-13	1.717e-12
2.2259005247389243e-13	1.761e-12
2.282002922160818e-13	1.8062e-12
2.3411378816055175e-13	1.8526e-12
2.400272841050216e-13	1.9001e-12
2.46244036251772e-13	1.9489e-12
2.5261241649966267e-13	1.9989e-12
2.591324248486936e-13	2.0502e-12
2.656524331977245e-13	2.1028e-12
2.7247569774903593e-13	2.1568e-12
2.794505904014876e-13	2.2121e-12
2.8672873925621976e-13	2.2689e-12
2.9400688811095194e-13	2.3272e-12
3.015882931679646e-13	2.3869e-12
3.0932132632611754e-13	2.4481e-12
3.1720598758541076e-13	2.511e-12
3.2539390504698447e-13	2.5754e-12
3.337334506096984e-13	2.6415e-12
3.4237625237469287e-13	2.7093e-12
3.5117068224082757e-13	2.7788e-12
3.6011674020810256e-13	2.8502e-12
3.69366054377658e-13	2.9233e-12
3.78918624749494e-13	2.9983e-12
3.8862282322247023e-13	3.0753e-12
3.9863027789772703e-13	3.1542e-12
4.0878936067412396e-13	3.2352e-12
4.1925169965280147e-13	3.3182e-12
4.3001729483375955e-13	3.4034e-12
4.4108614621699806e-13	3.4907e-12
4.524582538025171e-13	3.5803e-12
4.639819894891764e-13	3.6722e-12
4.759606094792564e-13	3.7664e-12
4.880908575704767e-13	3.8631e-12
5.006759899651177e-13	3.9622e-12
5.135643785620393e-13	4.0639e-12
5.267560233612414e-13	4.1682e-12
5.40250924362724e-13	4.2752e-12
5.540490815664871e-13	4.3849e-12
5.683021230736709e-13	4.4975e-12
5.828584207831353e-13	4.6129e-12
5.978696027960203e-13	4.7313e-12
6.13184041011186e-13	4.8527e-12
6.289533635297724e-13	4.9773e-12
6.450259422506392e-13	5.105e-12
6.61553405274927e-13	5.236e-12
6.785357526026354e-13	5.3704e-12
6.959729842337645e-13	5.5082e-12
7.138651001683145e-13	5.6496e-12
7.322121004062852e-13	5.7946e-12
7.510139849476767e-13	5.9433e-12
7.702707537924887e-13	6.0958e-12
7.899824069407219e-13	6.2523e-12
8.103005724935158e-13	6.4128e-12
8.310736223497306e-13	6.5773e-12
8.524531846105063e-13	6.7462e-12
8.742876311747029e-13	6.9193e-12
8.967285901434605e-13	7.0969e-12
9.19776061516779e-13	7.279e-12
9.434300452946586e-13	7.4658e-12
9.67538913375959e-13	7.6574e-12
9.924059219629606e-13	7.854e-12
1.017879442954523e-12	8.0555e-12
1.0439594763506468e-12	8.2623e-12
1.0707976502524717e-12	8.4743e-12
1.0982423365588576e-12	8.6918e-12
1.1264451633709448e-12	8.9149e-12
1.1554061306887333e-12	9.1437e-12
1.1849736104110826e-12	9.3784e-12
1.2154508587402738e-12	9.6191e-12
1.246686247575166e-12	9.8659e-12
1.2786797769157594e-12	1.01192e-11
1.3114314467620544e-12	1.03789e-11
1.3450928852151908e-12	1.06452e-11
1.3796640922751686e-12	1.09184e-11
1.4149934398408474e-12	1.11987e-11
1.4513841841145085e-12	1.14861e-11
1.4885330688938705e-12	1.17809e-11
1.5267433503812147e-12	1.20832e-11
1.5660150285765403e-12	1.23933e-11
1.6061964753787075e-12	1.27114e-11
1.6474393188888566e-12	1.30376e-11
1.6897435591069874e-12	1.33723e-11
1.7331091960331e-12	1.37155e-11
1.7775362296671943e-12	1.40675e-11
1.8231762881104106e-12	1.44285e-11
1.869877743261609e-12	1.47988e-11
1.9179438513230693e-12	1.51786e-11
1.967071356092511e-12	1.55682e-11
2.017563513772216e-12	1.59677e-11
2.069420324362183e-12	1.63775e-11
2.1224901597612715e-12	1.67979e-11
2.1769246480706225e-12	1.7229e-11
2.232875417391376e-12	1.76712e-11
2.290190839622392e-12	1.81247e-11
2.34902254286481e-12	1.85899e-11
2.4092188990174915e-12	1.9067e-11
2.4710831642827146e-12	1.95563e-11
2.5344637105593408e-12	2.00582e-11
2.5995121659485096e-12	2.0573e-11
2.6662285304502216e-12	2.1101e-11
2.7346128040644757e-12	2.16426e-11
2.8048166148924134e-12	2.2198e-11
2.8768399629340336e-12	2.27678e-11
2.9506828481893373e-12	2.33521e-11
3.026496898759464e-12	2.39514e-11
3.104130486543274e-12	2.45661e-11
3.183735239641907e-12	2.51966e-11
3.265462786156504e-12	2.58433e-11
3.349313126087064e-12	2.65066e-11
3.435286259433588e-12	2.71868e-11
3.5233821861960753e-12	2.78846e-11
3.613904162576807e-12	2.86003e-11
3.706548932373502e-12	2.93343e-11
3.8017713798895816e-12	3.00871e-11
3.8992682489227645e-12	3.08593e-11
3.999342795675332e-12	3.16513e-11
4.101995020147284e-12	3.24637e-11
4.20722492233862e-12	3.32968e-11
4.31518413035048e-12	3.41514e-11
4.426024272284006e-12	3.50279e-11
4.539593720038056e-12	3.59269e-11
4.65604410171377e-12	3.68489e-11
4.7756786735134306e-12	3.77947e-11
4.898194179234756e-12	3.87647e-11
5.023893875080026e-12	3.97595e-11
5.1527777610492424e-12	4.078e-11
5.284997465243543e-12	4.18266e-11
5.42070461576407e-12	4.29001e-11
5.559899212610823e-12	4.40011e-11
5.702581255783802e-12	4.51304e-11
5.848902373384147e-12	4.62886e-11
5.999014193512998e-12	4.74766e-11
6.1529167161703556e-12	4.86951e-11
6.3109131975585e-12	4.99449e-11
6.472852009576291e-12	5.12267e-11
6.639036408426009e-12	5.25414e-11
6.809314766006514e-12	5.38899e-11
6.984141966621226e-12	5.5273e-11
7.163366382169006e-12	5.66916e-11
7.347139640750994e-12	5.81465e-11
7.535764998569469e-12	5.96389e-11
7.729242455624433e-12	6.11695e-11
7.927572011915885e-12	6.27394e-11
8.131056923646106e-12	6.43496e-11
8.339697190815095e-12	6.60011e-11
8.553796069625133e-12	6.76951e-11
8.77320193197508e-12	6.94324e-11
8.998369662168357e-12	7.12144e-11
9.229299260204964e-12	7.30421e-11
9.46629398228718e-12	7.49168e-11
9.709202200313866e-12	7.68395e-11
9.958327170487302e-12	7.88116e-11
1.0213972149009771e-11	8.08343e-11
1.047613713588127e-11	8.29089e-11
1.0744973759202939e-11	8.50367e-11
1.102078527517706e-11	8.72192e-11
1.1303571683803633e-11	8.94576e-11
1.1593636241284939e-11	9.17536e-11
1.1891282203823257e-11	9.41084e-11
1.2196357943317447e-11	9.65237e-11
1.2509469972172072e-11	9.9001e-11
1.2830466662285988e-11	1.015418e-10
1.3159802897962621e-11	1.041479e-10
1.3497478679201966e-11	1.068208e-10
1.3843948890307442e-11	1.095624e-10
1.419921353127906e-11	1.123743e-10
1.456372748642023e-11	1.152584e-10
1.4937490755730956e-11	1.182165e-10
1.5320806595413515e-11	1.212505e-10
1.5713978261670194e-11	1.243624e-10
1.611730901070327e-11	1.275541e-10
1.653095047061388e-11	1.308278e-10
1.695520589760431e-11	1.341855e-10
1.739037854787684e-11	1.376293e-10
1.7836771677633745e-11	1.411616e-10
1.8294536914976174e-11	1.447845e-10
1.8763977516106396e-11	1.485004e-10
1.9245548365327843e-11	1.523116e-10
1.9739552718842788e-11	1.562207e-10
2.0246142204752376e-11	1.602301e-10
2.0765771707360025e-11	1.643424e-10
2.129874448286802e-11	1.685602e-10
2.184536378747863e-11	1.728863e-10
2.240593287739415e-11	1.773234e-10
2.2981058265019134e-11	1.818744e-10
2.3570891578454717e-11	1.865422e-10
2.4175736073903193e-11	1.913298e-10
2.479634989187025e-11	1.962402e-10
2.5432733032355897e-11	2.012767e-10
2.6085340379663547e-11	2.064425e-10
2.6754930074298908e-11	2.117408e-10
2.7441502116261976e-11	2.171751e-10
2.8145814646058456e-11	2.227489e-10
2.886817091989062e-11	2.284657e-10
2.9609025822061904e-11	2.343293e-10
3.0368985864976856e-11	2.403433e-10
3.114835430483776e-11	2.465117e-10
3.194788928215032e-11	2.528384e-10
3.276774242501567e-11	2.593275e-10
3.360882350204066e-11	2.659831e-10
3.447128414132642e-11	2.728096e-10
3.53560341114798e-11	2.798112e-10
3.626337666870308e-11	2.869925e-10
3.7194069953501955e-11	2.943582e-10
3.814872047828099e-11	3.019128e-10
3.912778312734361e-11	3.096614e-10
4.013201604119551e-11	3.176089e-10
4.116202573224125e-11	3.257603e-10
4.22184187128854e-11	3.341209e-10
4.330195312363365e-11	3.426961e-10
4.441323547689057e-11	3.514913e-10
4.5553175541263e-11	3.605123e-10
4.672222820105435e-11	3.697648e-10
4.792145485297262e-11	3.792548e-10
4.915131038132123e-11	3.889884e-10
5.041270455470699e-11	3.989717e-10
5.1706547141736776e-11	4.092113e-10
5.303359628291628e-11	4.197137e-10
5.4394761746852335e-11	4.304856e-10
5.5790801674050655e-11	4.41534e-10
5.722262583311807e-11	4.528659e-10
5.869129562076256e-11	4.644887e-10
6.019756917748985e-11	4.764098e-10
6.174250790000789e-11	4.886368e-10
6.332717318502468e-11	5.011776e-10
6.495247480114707e-11	5.140403e-10
6.661947414508301e-11	5.272331e-10
6.832923261354051e-11	5.407645e-10
7.008296323132869e-11	5.546432e-10
7.188157576705438e-11	5.68878e-10
7.372643487362785e-11	5.834782e-10
7.561860194775707e-11	5.984532e-10
7.755929001425118e-11	6.138124e-10
7.954986372602043e-11	6.295659e-10
8.159153610787394e-11	6.457236e-10
8.368552018462084e-11	6.622961e-10
8.583333223727255e-11	6.792939e-10
8.803633691873929e-11	6.967279e-10
9.029574725383021e-11	7.146093e-10
9.26130795235567e-11	7.329497e-10
9.499000163703133e-11	7.517608e-10
9.742802987526547e-11	7.710547e-10
9.992837726306824e-11	7.908438e-10
1.0249316659385565e-10	8.111407e-10
1.0512361089243676e-10	8.319586e-10
1.078215296960253e-10	8.533107e-10
1.1058874254183492e-10	8.752109e-10
1.1342706896707932e-10	8.976731e-10
1.1633817688087106e-10	9.207118e-10
1.1932403744852494e-10	9.443418e-10
1.2238647020725465e-10	9.685783e-10
1.25527446322375e-10	9.934368e-10
1.2874908858730197e-10	1.0189332e-9
1.3205336816735038e-10	1.0450841e-9
1.3544255948403733e-10	1.0719061e-9
1.3891863370267765e-10	1.0994165e-9
1.4248401687288958e-10	1.1276329e-9
1.4614083178808906e-10	1.1565735e-9
1.4989150449789438e-10	1.1862569e-9
1.5373846105192377e-10	1.2167021e-9
1.5768427912789659e-10	1.2479286e-9
1.6173123314732997e-10	1.2799566e-9
1.6588205241604442e-10	1.3128066e-9
1.701393146117593e-10	1.3464997e-9
1.7450590066839633e-10	1.3810575e-9
1.7898469151987713e-10	1.4165022e-9
1.8357826484392115e-10	1.4528567e-9
1.8828980483065223e-10	1.4901441e-9
1.931221924139921e-10	1.5283885e-9
1.9807861178406474e-10	1.5676145e-9
2.0316239875909517e-10	1.6078472e-9
2.0837643427300507e-10	1.6491125e-9
2.1372450902832295e-10	1.6914368e-9
2.1920965558707164e-10	1.7348474e-9
2.2483566465177963e-10	1.7793721e-9
2.306060236687731e-10	1.8250396e-9
2.365245233405806e-10	1.8718791e-9
2.425949543697307e-10	1.9199207e-9
2.488211074587518e-10	1.9691953e-9
2.5520707656637474e-10	2.0197346e-9
2.6175695565133025e-10	2.0715709e-9
2.684749903004503e-10	2.1247376e-9
2.7536527447246577e-10	2.1792688e-9
2.8243250863851183e-10	2.2351996e-9
2.8968124164162277e-10	2.2925658e-9
2.971158706967317e-10	2.3514044e-9
3.047412479030751e-10	2.411753e-9
3.125623769879905e-10	2.4736504e-9
3.2058426167881563e-10	2.5371365e-9
3.288120573309892e-10	2.6022519e-9
3.3725107092805116e-10	2.6690385e-9
3.459066094535414e-10	2.7375391e-9
3.5478428314720213e-10	2.8077979e-9
3.6388970224877547e-10	2.8798598e-9
3.7322893188230713e-10	2.9537711e-9
3.8280788554374157e-10	3.0295795e-9
3.9263247672902315e-10	3.1073334e-9
4.0270937707460217e-10	3.1870828e-9
4.1304495496072634e-10	3.2688791e-9
4.236457303957449e-10	3.3527746e-9
4.345185266442091e-10	3.4388233e-9
4.456704702268725e-10	3.5270804e-9
4.571085360363875e-10	3.6176027e-9
4.688401538497101e-10	3.7104482e-9
4.808729050718972e-10	3.8056765e-9
4.932145227361071e-10	3.9033489e-9
5.058727398754977e-10	4.0035281e-9
5.188560476637331e-10	4.1062783e-9
5.321723307620724e-10	4.2116656e-9
5.458305352284831e-10	4.3197577e-9
5.598393038647299e-10	4.4306239e-9
5.742074311006793e-10	4.5443355e-9
5.889444695067028e-10	4.6609656e-9
6.040596683969701e-10	4.7805889e-9
6.195628835980553e-10	4.9032823e-9
6.354638193084315e-10	5.0291247e-9
6.517729378670771e-10	5.1581968e-9
6.685007016129711e-10	5.2905815e-9
6.856577245131931e-10	5.4263638e-9
7.032550754191263e-10	5.565631e-9
7.213039748102553e-10	5.7084725e-9
7.398162496784689e-10	5.85498e-9
7.58803575387555e-10	6.0052476e-9
7.782782338137057e-10	6.1593718e-9
7.982526584612147e-10	6.3174516e-9
8.18739737718679e-10	6.4795885e-9
8.397526632308976e-10	6.6458867e-9
8.61304778270771e-10	6.8164528e-9
8.834101842517051e-10	6.9913966e-9
9.06082830959005e-10	7.1708302e-9
9.293374263184812e-10	7.354869e-9
9.531886782559443e-10	7.5436312e-9
9.776522044658115e-10	7.7372379e-9
1.0027436226425006e-9	7.9358135e-9
1.0284790053647326e-9	8.1394855e-9
1.0548747284674302e-9	8.3483848e-9
1.0819480775541236e-9	8.5626454e-9
1.1097161866002417e-9	8.782405e-9
1.138196947721719e-9	9.0078048e-9
1.1674087079187934e-9	9.2389894e-9
1.1973701174479053e-9	9.4761073e-9
1.2281005847060005e-9	9.7193109e-9
1.2596196697181262e-9	9.9687562e-9
1.291947690649835e-9	1.02246036e-8
1.3251054205509836e-9	1.04870172e-8
1.3591140873557312e-9	1.07561657e-8
1.3939956771387431e-9	1.10322219e-8
1.429772479230887e-9	1.1315363e-8
1.4664675411035363e-9	1.16057709e-8
1.5041042134842669e-9	1.19036321e-8
1.5427070601254627e-9	1.22091379e-8
1.5823004931514081e-9	1.25224844e-8
1.6229101377111953e-9	1.2843873e-8
1.6645619222101196e-9	1.317351e-8
1.707282836450184e-9	1.35116071e-8
1.7511000218614922e-9	1.38583815e-8
1.7960418328989577e-9	1.42140557e-8
1.8421372305298982e-9	1.45788584e-8
1.889415478977834e-9	1.49530236e-8
1.937907207119195e-9	1.53367918e-8
1.9876433470866143e-9	1.57304094e-8
2.0386561956656345e-9	1.61341291e-8
2.0909780496417985e-9	1.65482103e-8
2.1446428737097614e-9	1.69729188e-8
2.1996849358203814e-9	1.74085274e-8
2.2561397169493252e-9	1.78553159e-8
2.3140433045846645e-9	1.83135712e-8
2.37343315086738e-9	1.87835876e-8
2.434347011194656e-9	1.92656669e-8
2.496824460500891e-9	1.97601188e-8
2.5609052253485827e-9	2.02672607e-8
2.626630700209343e-9	2.07874183e-8
2.694042886067187e-9	2.13209258e-8
2.7631853001871426e-9	2.18681257e-8
2.834102217974743e-9	2.24293694e-8
2.9068392794884305e-9	2.30050174e-8
2.981443034555256e-9	2.35954394e-8
3.0579615492832804e-9	2.42010145e-8
3.1364439511772732e-9	2.48221317e-8
3.2169404291387126e-9	2.54591897e-8
3.2995029916062887e-9	2.61125979e-8
3.3841845567873e-9	2.67827756e-8
3.4710394075419543e-9	2.74701535e-8
3.5601233430114717e-9	2.81751728e-8
3.6514935269899815e-9	2.88982864e-8
3.745208942808828e-9	2.96399587e-8
3.84132933193986e-9	3.04006659e-8
3.939916861904545e-9	3.11808966e-8
4.041034458364856e-9	3.19811519e-8
4.144747321404284e-9	3.28019457e-8
4.251121864131128e-9	3.36438051e-8
4.360226622447103e-9	3.45072707e-8
4.472131496906835e-9	3.53928971e-8
4.586908359230265e-9	3.6301253e-8
4.704631052302648e-9	3.72329219e-8
4.825375086918352e-9	3.81885019e-8
4.949217945037058e-9	3.91686068e-8
5.0762392314118665e-9	4.01738661e-8
5.206520521961191e-9	4.12049252e-8
5.340145363768759e-9	4.22624464e-8
5.477199881596018e-9	4.33471088e-8
5.617771716485428e-9	4.44596089e-8
5.7619513904133696e-9	4.56006613e-8
5.909831396521537e-9	4.67709987e-8
6.061506805629347e-9	4.79713728e-8
6.21707496297773e-9	4.92025543e-8
6.3766356398572365e-9	5.0465334e-8
6.54029148849234e-9	5.17605229e-8
6.70814758715713e-9	5.30889526e-8
6.880311591803414e-9	5.44514765e-8
7.056894342573129e-9	5.58489694e-8
7.238008954029723e-9	5.72823288e-8
7.423771876554873e-9	5.87524753e-8
7.614302441464177e-9	6.0260353e-8
7.809722861007152e-9	6.18069302e-8
8.010158834879643e-9	6.33932003e-8
8.21573894371142e-9	6.50201818e-8
8.426595255578573e-9	6.66889197e-8
8.642863174375423e-9	6.84004856e-8
8.864681591442613e-9	7.01559787e-8
9.092192885567113e-9	7.19565264e-8
9.325543377866525e-9	7.38032851e-8
9.564882725276675e-9	7.56974406e-8
9.810364678692114e-9	7.76402095e-8
1.0062146931338034e-8	7.96328394e-8
1.0320391118770248e-8	8.16766101e-8
1.0585263122131404e-8	8.37728339e-8
1.085693306815098e-8	8.59228571e-8
1.113557532914529e-8	8.81280605e-8
1.1421369129529878e-8	9.03898603e-8
1.1714497636050925e-8	9.2709709e-8
1.2015149322438146e-8	9.50890965e-8
1.2323517211264296e-8	9.75295507e-8
1.2639799328829456e-8	1.00032639e-7
1.2964198705161063e-8	1.025999689e-7
1.3296923828898177e-8	1.052331891e-7
1.363818834403531e-8	1.079339906e-7
1.3988211353178608e-8	1.107041081e-7
1.434721772080206e-8	1.135453204e-7
1.4715437921619401e-8	1.164594522e-7
1.5093108495468408e-8	1.194483749e-7
1.548047204731091e-8	1.225140081e-7
1.587777709560467e-8	1.256583206e-7
1.6285278982072014e-8	1.288833316e-7
1.6703239416815507e-8	1.321911122e-7
1.7131926781574162e-8	1.355837868e-7
1.757161628135156e-8	1.390635341e-7
1.8022590550928215e-8	1.426325888e-7
1.8485138896721112e-8	1.462932431e-7
1.8959558509808478e-8	1.500478477e-7
1.9446154162673614e-8	1.53898814e-7
1.9945238209204857e-8	1.578486151e-7
2.0457131191208028e-8	1.618997874e-7
2.0982161838406394e-8	1.660549328e-7
2.152066737169689e-8	1.703167197e-7
2.2072993654778226e-8	1.74687885e-7
2.2639495194150858e-8	1.79171236e-7
2.3220536048885624e-8	1.837696517e-7
2.381648937573943e-8	1.884860855e-7
2.442773773241146e-8	1.933235662e-7
2.5054673684055563e-8	1.982852004e-7
2.5697699954908366e-8	2.033741746e-7
2.6357229428289272e-8	2.085937569e-7
2.703368560148477e-8	2.139472994e-7
2.7727503040632722e-8	2.194382401e-7
2.8439127229094286e-8	2.250701054e-7
2.9169015173966296e-8	2.308465121e-7
2.9917635709337474e-8	2.367711698e-7
3.068546949628843e-8	2.428478834e-7
3.147300962940409e-8	2.490805553e-7
3.228076209165794e-8	2.554731883e-7
3.3109245299527795e-8	2.620298878e-7
3.3958991467648644e-8	2.687548644e-7
3.483054630555649e-8	2.75652437e-7
3.5724469624200764e-8	2.827270353e-7
3.664133533594425e-8	2.899832025e-7
3.7581732364331806e-8	2.974255988e-7
3.8546264492462154e-8	3.050590036e-7
3.953555142438466e-8	3.128883191e-7
4.0550228178586894e-8	3.209185733e-7
4.159094675590377e-8	3.291549235e-7
4.2658375078120804e-8	3.376026589e-7
4.375319895913945e-8	3.462672047e-7
4.487612134683661e-8	3.551541255e-7
4.602786353608939e-8	3.642691284e-7
4.720916501714705e-8	3.736180672e-7
4.842078453702772e-8	3.832069457e-7
4.966350025114643e-8	3.93041922e-7
5.0938110178199484e-8	4.031293122e-7
5.2245432655048735e-8	4.134755946e-7
5.3586307701374504e-8	4.240874134e-7
5.4961596109906975e-8	4.349715838e-7
5.637218111433527e-8	4.461350955e-7
5.7818968844191806e-8	4.575851179e-7
5.930288802159608e-8	4.693290042e-7
6.082489208404806e-8	4.813742964e-7
6.238595812303148e-8	4.937287302e-7
6.39870890068073e-8	5.064002395e-7
6.562931262227313e-8	5.193969621e-7
6.731368369450052e-8	5.327272445e-7
6.904128424161919e-8	5.463996477e-7
7.081322342318899e-8	5.60422952e-7
7.263063920810898e-8	5.748061633e-7
7.449469882950174e-8	5.895585186e-7
7.640659954285387e-8	6.046894919e-7
7.83675689292722e-8	6.202088005e-7
8.037886641176478e-8	6.361264109e-7
8.244178386175336e-8	6.524525456e-7
8.455764575070139e-8	6.691976892e-7
8.672781112127938e-8	6.863725957e-7
8.895367358736492e-8	7.039882947e-7
9.123666269869556e-8	7.220560993e-7
9.35782445473812e-8	7.405876127e-7
9.597992282930089e-8	7.59594736e-7
9.844324005712752e-8	7.790896756e-7
1.0096977816684025e-7	7.990849513e-7
1.0356115957912131e-7	8.195934041e-7
1.0621904871563693e-7	8.406282048e-7
1.0894515230229352e-7	8.622028621e-7
1.1174122118877495e-7	8.843312312e-7
1.1460905080342682e-7	9.070275232e-7
1.1755048312442179e-7	9.303063138e-7
1.2056740713464387e-7	9.541825527e-7
1.236617601863413e-7	9.786715734e-7
1.2683552966903577e-7	1.0037891029e-6
1.3009075361603468e-7	1.0295512718e-6
1.3342952267559656e-7	1.0559746248e-6
1.368539810206996e-7	1.0830761311e-6
1.403663277136947e-7	1.1108731954e-6
1.4396881852584249e-7	1.1393836692e-6
1.4766376699871015e-7	1.1686258621e-6
1.5145354611208053e-7	1.1986185536e-6
1.5534058949697697e-7	1.2293810052e-6
1.593273935584566e-7	1.2609329727e-6
1.634165186886353e-7	1.293294719e-6
1.6761059093459672e-7	1.3264870269e-6
1.7191230366630142e-7	1.3605312129e-6
1.7632441954775212e-7	1.3954491402e-6
1.808497719016468e-7	1.4312632335e-6
1.8549126713542804e-7	1.4679964926e-6
1.9025188610593623e-7	1.5056725079e-6
1.9513468593894653e-7	1.5443154753e-6
2.001428023035905e-7	1.5839502113e-6
2.0527945183840572e-7	1.6246021698e-6
2.1054793290947638e-7	1.6662974577e-6
2.1595162909787937e-7	1.7090628518e-6
2.2149401086759353e-7	1.7529258164e-6
2.2717863723340893e-7	1.7979145206e-6
2.3300915924837284e-7	1.8440578564e-6
2.389893212168149e-7	1.8913854573e-6
2.451229634236526e-7	1.9399277173e-6
2.514140251669536e-7	1.9897158107e-6
2.578665464258447e-7	2.0407817116e-6
2.6448467119633006e-7	2.0931582149e-6
2.7127264961408464e-7	2.146878957e-6
2.782348409870162e-7	2.2019784378e-6
2.8537571652457116e-7	2.2584920425e-6
2.9269986206704043e-7	2.3164560644e-6
3.002119811181214e-7	2.3759077284e-6
3.0791689818073607e-7	2.4368852147e-6
3.15819561334709e-7	2.4994276834e-6
3.239250457242136e-7	2.5635752997e-6
3.322385567419617e-7	2.6293692596e-6
3.407654333650228e-7	2.6968518164e-6
3.495111514906414e-7	2.7660663076e-6
3.5848132787856805e-7	2.8370571834e-6
3.6768172318362126e-7	2.9098700345e-6
3.7711824589801815e-7	2.9845516217e-6
3.8679695629370515e-7	3.061149906e-6
3.9672406990980414e-7	3.1397140793e-6
4.069059622530837e-7	3.220294596e-6
4.1734917198214944e-7	3.3029432053e-6
4.2806040591117105e-7	3.3877129847e-6
4.3904654280058463e-7	3.474658374e-6
4.503146380575644e-7	3.5638352098e-6
4.618719279816093e-7	3.6553007622e-6
4.737258350715264e-7	3.7491137708e-6
4.85883971512877e-7	3.8453344829e-6
4.983541456979856e-7	3.9440246922e-6
5.111443660166422e-7	4.0452477779e-6
5.242628461630854e-7	4.1490687462e-6
5.377180112011269e-7	4.2555542716e-6
5.515185019613665e-7	4.3647727397e-6
5.65673181257944e-7	4.4767942912e-6
5.801911393471507e-7	4.5916908671e-6
5.950816995376696e-7	4.7095362546e-6
6.103544250138396e-7	4.8304061349e-6
6.26019123687755e-7	4.9543781311e-6
6.420858554774138e-7	5.081531859e-6
6.585649388267268e-7	5.2119489773e-6
6.754669566190133e-7	5.3457132408e-6
6.92802763303521e-7	5.4829105537e-6
7.105834921735767e-7	5.6236290249e-6
7.288205618865926e-7	5.7679590247e-6
7.475256848036132e-7	5.9159932426e-6
7.667108730544393e-7	6.0678267472e-6
7.863884477869409e-7	6.2235570469e-6
8.065710458386955e-7	6.3832841525e-6
8.272716288346727e-7	6.5471106418e-6
8.485034906170122e-7	6.7151417252e-6
8.702802663427086e-7	6.8874853132e-6
8.926159414296709e-7	7.0642520859e-6
9.155248598962667e-7	7.245555564e-6
9.390217339138937e-7	7.4315121818e-6
9.63121653359549e-7	7.6222413616e-6
9.878400953684004e-7	7.817865591e-6
1.0131929343412409e-6	8.0185105009e-6
1.039196451800314e-6	8.2243049467e-6
1.0658673476097958e-6	8.4353810909e-6
1.0932227498316187e-6	8.6518744879e-6
1.121280226400837e-6	8.873924171e-6
1.150057795891222e-6	9.1016727419e-6
1.1795739393422527e-6	9.3352664621e-6
1.2098476123893651e-6	9.5748553469e-6
1.2408982569393158e-6	9.8205932617e-6
1.2727458137553134e-6	0.0000100726380209
1.305410735648665e-6	0.0000103311514891
1.338914000367163e-6	0.0000105962996853
1.373277123635103e-6	0.0000108682528893
1.4085221737095811e-6	0.000011147185751
1.44467178533028e-6	0.0000114332774028
1.4817491738208799e-6	0.0000117267115746
1.5197781507067564e-6	0.0000120276796527
1.5587831382712759e-6	0.0000123364038069
1.5987891857800029e-6	0.0000126530550734
1.6398219854016505e-6	0.0000129778370692
1.6819078885839165e-6	0.0000133109586432
1.7250739231874564e-6	0.0000136526340111
1.76934781077149e-6	0.0000140030828926
1.8147579841826584e-6	0.0000143625306535
1.8613336060536543e-6	0.0000147312084507
1.909104587756733e-6	0.0000151093533809
1.9581016079023424e-6	0.0000154972086332
2.008356132808915e-6	0.0000158950236461
2.0599004360628946e-6	0.0000163030542679
2.112767619898297e-6	0.0000167215629212
2.1669916359697613e-6	0.0000171508187725
2.2226073070353666e-6	0.0000175910979052
2.279650350004106e-6	0.0000180426834972
2.3381573982252144e-6	0.0000185058660038
2.398166025293782e-6	0.0000189809433444
2.4597147690079956e-6	0.0000194682210944
2.522843156539401e-6	0.0000199680126823
2.5875917291482833e-6	0.0000204806395911
2.654002068718588e-6	0.0000210064315659
2.7221168245960903e-6	0.0000215457268259
2.791979740426573e-6	0.0000220988722824
2.863635682358651e-6	0.0000226662237623
2.937130668611252e-6	0.0000232481462371
3.0125118978280707e-6	0.0000238450140585
3.0898277804645866e-6	0.0000244572111988
3.1691279691136824e-6	0.0000250851314989
3.250463390954061e-6	0.0000257291789217
3.3338862800470274e-6	0.0000263897678122
3.419450211149558e-6	0.0000270673231649
3.507210133678993e-6	0.0000277622808972
3.597222407952154e-6	0.0000284750881301
3.6895448402114372e-6	0.0000292062034768
3.7842367203802046e-6	0.0000299560973376
3.881358860273073e-6	0.0000307252522034
3.980973632412702e-6	0.0000315141629661
4.083145009756359e-6	0.000032323337238
4.187938607545276e-6	0.0000331532956783
4.295421724850746e-6	0.0000340045723288
4.405663388091394e-6	0.0000348777149582
4.5187343948536894e-6	0.0000357732854146
4.634707360290154e-6	0.0000366918599879
4.7536567627594146e-6	0.0000376340297809
4.875658992347198e-6	0.0000386004010902
5.000792399690577e-6	0.000039591595797
5.1291373460152494e-6	0.0000406082517689
5.260776255598852e-6	0.0000416510234122
5.395793667324523e-6	0.0000427205822353
5.534276290480042e-6	0.0000438176170701
5.67631305934394e-6	0.0000449428344916
5.8219951906525585e-6	0.0000460969592758
5.9714162425833765e-6	0.00004728073487
6.124672174193223e-6	0.0000484949238744
6.281861407282549e-6	0.000049740308537
6.443084889775972e-6	0.0000510176912612
6.608446160315841e-6	0.0000523278951257
6.778051414978606e-6	0.0000536717644193
6.952009575204211e-6	0.0000550501651881
7.130432358151528e-6	0.000056463985798
7.313434347811933e-6	0.000057914137511
7.5011330691554564e-6	0.0000594015550771
7.693649063641569e-6	0.0000609271973408
7.891105966094636e-6	0.000062492047864
8.093630584460293e-6	0.0000640971155645
8.301352981532997e-6	0.0000657434353717
8.514406557441707e-6	0.0000674320688984
8.732928136836052e-6	0.0000691641051308
8.957058055617597e-6	0.0000709406611362
9.18694025115856e-6	0.0000727628827887
9.42272235524985e-6	0.0000746319455142
9.664555788716993e-6	0.0000765490550541
9.91259585831049e-6	0.0000785154482499
0.000010167001856931995	0.0000805323938467
0.000010427937165680022	0.0000826011933189
0.0000106955693587766	0.0000847231817161
0.00001097007031122321	0.0000868997285323
0.000011251616309034429	0.0000891322385963
0.000011540388162959001	0.0000914221529861
0.000011836571324020445	0.0000937709499667
0.000012140356002696749	0.0000961801459523
0.000012451937291587502	0.0000986512964935
0.000012771515289748935	0.0001011859972901
0.00001309929523233595	0.0001037858852301
0.0000134354876216088	0.0001064526394557
0.000013780308362185347	0.0001091879824575
0.000014133978900235673	0.000111993681196
0.000014496726365102716	0.0001148715482533
0.000014868783715168506	0.0001178234430144
0.000015250389888117612	0.0001208512728787
0.00001564178995377827	0.0001239569945036
0.00001604323527151235	0.0001271426150801
0.000016454983651850923	0.0001304101936417
0.000016877299522375375	0.0001337618424072
0.00001731045409663115	0.0001371997281857
0.000017754725549258172	0.0001407260746217
0.000018210399194153892	0.0001443431638909
0.000018677767667336753	0.0001480533373423
0.000019157131116026453	0.0001518589969855
0.000019648797390150222	0.0001557626070713
0.000020153082240824016	0.0001597666957132
0.00002067030952277603	0.0001638738565511
0.00002120081140253207	0.0001680867504597
0.000021744928571756312	0.0001724081073006
0.000022303010465444124	0.000176840727721
0.000022875415487393053	0.0001813874849994
0.000023462511239616152	0.0001860513269402
0.000024064674758426913	0.0001908352778168
0.000024682292756892633	0.0001957424403674
0.00002531576187304959	0.000200775997842
0.000025965488924638256	0.0002059392161035
0.000026631891170358523	0.000211235445784
0.000027315396577493293	0.0002166681244982
0.000028016444097720008	0.000222240779114
0.000028735483947622626	0.0002279570280838
0.000029472977899211055	0.0002338205838366
0.000030229399575595974	0.0002398352552329
0.00003100523475500315	0.0002460049500842
0.00003180098168388548	0.0002523336777394
0.000032617151395493645	0.0002588255517384
0.00003345426803906068	0.0002654847925359
0.00003431286921580989	0.000272315730297
0.00003519350632481851	0.0002793228077661
0.00003609674491646284	0.0002865105832118
0.000037023165056022406	0.000293883733449
0.0000379733616960786	0.0003014470569403
0.000038947945058617475	0.0003092054769801
0.00003994754102714002	0.0003171640449616
0.000040972791548173395	0.0003253279437303
0.00004202435504369931	0.0003337024910259
0.00004310290683434813	0.0003422931430153
0.000044209139572297035	0.0003511054979178
0.0000453437636872083	0.000360145299727
0.000046507507841416876	0.00036941844203
0.00004770111939846115	0.0003789309719281
0.000048925364902834345	0.0003886890940605
0.000050181030572624164	0.0003986991747341
0.00005146892280367622	0.0004089677461628
0.00005278986868831385	0.0004195015108185
0.00005414471654588471	0.0004303073458967
0.00005553433646786391	0.0004413923079004
0.00005695962087675515	0.0004527636373453
0.000058421485098638446	0.0004644287642453
0.00005992086795163876	0.0004763953217304
0.00006145873234849609	0.0004886711497301
0.0000630360659149049	0.0005012642942356
0.0000646538816242293	0.0005141830126321
0.00006631321844738112	0.0005274357793221
0.0000680151420204384	0.0005410312915002
0.00006976074532924632	0.0005549784750837
0.00007155114941054553	0.0005692864908042
0.00007338750407281212	0.0005839647404621
0.0000752709886340799	0.0005990228733515
0.00007720281267962621	0.0006144707928581
0.00007918421683830758	0.0006303186632354
0.00008121647358012367	0.0006465769165644
0.00008330088803243131	0.0006632562599014
0.0000854387988189028	0.0006803676826195
0.0000876315789188023	0.0006979224639484
0.0000898806365487033	0.0007159321807188
0.00009218741606695024	0.0007344087153168
0.00009455339890147079	0.000753364263853
0.00009698010450078741	0.0007728113445543
0.00009946909130974409	0.0007927628063821
0.00010202195777070674	0.0008132318378852
0.00010464034335023708	0.0008342319762928
0.00010732592959093672	0.000855777116854
0.00011008044119301046	0.0008778815224311
0.00011290564712009003	0.000900559833354
0.00011580336173674806	0.000923827077542
0.00011877544597285031	0.0009476986809006
0.00012182380851868835	0.0009721904780016
0.00012495040705119597	0.0009973187230535
0.0001281572494909463	0.0010231001011704
0.00013144639529144532	0.0010495517399478
0.00013481995676208714	0.0010766912213534
0.00013828010042446753	0.0011045365939426
0.0001418290484037231	0.0011331063854058
0.00014546907985580677	0.0011624196154587
0.00014920253243069895	0.0011924958090833
0.0001530318037745871	0.0012233550101309
0.00015695935306828443	0.0012550177952957
0.00016098770260810453	0.00128750528847
0.0001651194394241881	0.0013208391754915
0.00016935721694295332	0.0013550417192929
0.000173703756690941	0.0013901357754661
0.00017816185004202516	0.0014261448082512
0.00018273436001087004	0.0014630929069628
0.00018742422309111774	0.0015010048028655
0.00019223445114103529	0.0015399058865109
0.00019716813331813746	0.0015798222347398
0.00020222843806308902	0.0016207806905828
0.00020741861513425038	0.0016628088516224
0.0002127419976945354	0.0017059350611103
0.00021820200445255144	0.0017501884284312
0.0002238021418577199	0.0017955988502932
0.00022954600635195302	0.0018421970325159
0.00023543728668001156	0.0018900145124367
0.00024147976625763236	0.0019390836819503
0.0002476773256018236	0.0019894378112022
0.0002540339448225693	0.002041111072953
0.00026055370617912766	0.0020941385676338
0.0002672407967018323	0.002148556349113
0.00027409951088076204	0.0022044014511941
0.00028113425342340086	0.0022617119148665
0.00028834954208401854	0.0023205268163304
0.000295750010564771	0.0023808862958182
0.00030334041149109844	0.0024428315872364
0.00031112561946445417	0.0025064050486502
0.00031911063419251475	0.0025716501936364
0.000327300583700057	0.0026386117235287
0.00033570072762232033	0.0027073355605827
0.00034431646058221907	0.0027778688820851
0.0003531533156558031	0.0028502601554366
0.0003622169679247525	0.0029245591742347
0.00037151323812136563	0.0030008170953875
0.00038104809636664637	0.0030790864772859
0.0003908276660043726	0.0031594213190668
0.00040085822753311597	0.003241877100998
0.00041114622264015575	0.0033265108260176
0.00042169825833819727	0.003413381062461
0.00043252111120853186	0.00350254798801
0.0004436217317526125	0.0035940734348998
0.0004550072488561363	0.0036880209364195
0.000466684974367	0.003784455774745
0.00047866240779122297	0.0038834450301407
0.0004909472411089581	0.003985057631572
0.0005035473637145358	0.0040893644087679
0.000516470867482814	0.0041964381457759
0.0005297260519662304	0.0043063536360535
0.000543321429724228	0.0044191877391392
0.0005572657317906607	0.0045350194389499
0.0005715679132808486	0.0046539299037515
0.0005862371591420742	0.0047760025478506
0.0006012828900528251	0.0049013230950585
0.0006167147684726037	0.0050299796439766
0.0006325427048468522	0.0051620627351585
0.0006487768639721486	0.0052976654202005
0.0006654276715237969	0.0054368834240036
0.0006825058207509652	0.0055798155379732
0.000700022279344378	0.0057265634458713
0.0007179882964798961	0.0058772317051215
0.000736415410042079	0.0060319278305838
0.0007553154540350089	0.0061907623808327
0.0007747005661809809	0.0063538490470122
0.0007945831957166138	0.0065213047443451
0.0008149761113865318	0.0066932497063786
0.0008358924096447767	0.0068698075820461
0.0008573455230644064	0.0070511055356328
0.0008793492289646777	0.0072372743497306
0.0009019176582586984	0.0074284485312738
0.0009250653045280666	0.007624766420748
0.0009488070333314695	0.0078263703046678
0.0009731580917507358	0.0080334065314221
0.0009981341181826743	0.0082460256305877
0.0010237511523826155	0.0084643824358166
0.001050025645764965	0.0086886362114041
0.0010769744719681925	0.0089189507826476
0.001104614937691543	0.0091554946701118
0.001132964793809223	0.0093984412279157
0.0011620422467704086	0.0096479687861643
0.0011918659702911366	0.0099042607976471
0.0012224551173473292	0.0101675059889329
0.001253829332473804	0.0104378985159928
0.0012860087643817035	0.0107156381244859
0.0013190140788964652	0.0110009303148479
0.001352866472231044	0.0112939865123267
0.0013875876845971104	0.0115950242421118
0.0014232000141671175	0.0119042673097106
0.0014597263313946675	0.0122219459867278
0.0014971900937015108	0.0125482972022082
0.0015356153605424045	0.0128835647397104
0.0015750268088563202	0.0132279994402796
0.001615449748913552	0.0135818594114971
0.0016569101405707006	0.0139454102427853
0.001699434609942188	0.0143189252271543
0.001743050466499355	0.0147026855895814
0.001787785720609284	0.0150969807222189
0.0018336691015225933	0.0155021084266326
0.0018807300758239992	0.0159183751632789
0.0019289988663559565	0.0163460963084323
0.0019785064716275128	0.0167855964187851
0.0020292846857226207	0.0172372095039425
0.0020813661187170157	0.0177012793070465
0.0021347842176224516	0.0181781595937658
0.0021895732878648225	0.0186682144507133
0.002245768515316485	0.0191718189452868
0.0023034059888926346	0.0196893600487979
0.0023625227237270533	0.0202212362821241
0.0024231566849448206	0.0207678579251335
0.002485346812042292	0.021329647371154
0.0025491330438954245	0.0219070394921722
0.0026145563444081236	0.0225004820150752
0.0026816587288195706	0.0231104359092654
0.0027504832906870454	0.0237373757859794
0.002821074229560333	0.0243817903096595
0.002893476879367564	0.0250441826217282
0.002967737737528112	0.0257250707771312
0.0030439044948145392	0.0264249881940213
0.003122026065978889	0.0271444841169651
0.003202152621166698	0.0278841240940694
0.0032843356181364485	0.0286444904684256
0.003368627835305854	0.0294261828842929
0.00345508340564665	0.0302298188084394
0.0035437578514489775	0.0310560340670827
0.0036347081199783996	0.0319054833988734
0.0037279926200473844	0.0327788410243836
0.0038236712595261274	0.0336768012325687
0.003921805483815604	0.034600078984688
0.004022458315308328	0.0355494105361745
0.004125694393861529	0.0365255540769668
0.004231580018309144	0.0375292903908159
0.004340183189039732	0.038561423534105
0.004451573651666441	0.0396227815347223
0.004565822941818096	0.0407142171115497
0.004683004431079784	0.0418366084151326
0.004803193374112956	0.0429908597901223
0.0049264669569835445	0.044177902560082
0.00505290434673238	0.0453986958352738
0.005182586742215635	0.0466542273440485
0.005315597426252151	0.0479455142884794
0.005452021819107984	0.0492736042248919
0.00559194753335302	0.0506395759699586
0.005735464430127737	0.0520445405330386
0.005882664676851046	0.0534896420754592
0.00603364280641165	0.0549760588974484
0.0061884957778778164	0.0565050044534444
0.006347323038764365	0.058077728396517
0.006510226588899034	0.0596955176526598
0.006677311045926873	0.0613596975257118
0.006848683712496816	0.063071632833699
0.007024454645172102	0.064832729077382
0.007204736725108674	0.0666444336418253
0.007389645730548736	0.0685082369581892
0.007579300411174166	0.0704256692047124
0.0077738225643678655	0.0723982983442548
0.007973337113433397	0.0744277374466498
0.00817797218782065	0.0765156465839008
0.008387859205412445	0.07866373415976
0.008603132956920874	0.0808737582740365
0.008823931692451343	0.0831475281223533
0.009050397210287189	0.0854869054320966
0.009282674947953871	0.0878938059352839
0.009520914075619466	0.0903702008790999
0.009765267591892685	0.0929181185748305
0.01001589242207987	0.0955396459859471
0.010272949518962769	0.0982369303560695
0.01053660396616404	0.101012180877559
0.010807025084163943	0.1038676704014638
0.011084386539040581	0.1068057371895606
0.011368866453997832	0.1098287867092046
0.011660647523757681	0.1129392934717181
0.011959917131888074	0.1161398029150118
0.012266867471141498	0.1194329333311496
0.012581695666882532	0.1228213778395257
0.012904603903682596	0.1263079064063371
0.013235799555164567	0.1298953679109872
0.013575495317179241	0.1335866922600656
0.01392390934439952	0.137384892549498
0.014281265390421126	0.1412930672754643
0.01464779295145829	0.1453144025946229
0.015023727413727785	0.1494521746341849
0.015409310204615147	0.1537097518523062
0.01580478894772095	0.1580905974492712
0.01621041762188593	0.1625982718298583
0.01662645672429837	0.1672364351172718
0.017053173437786184	0.1720088497189384
0.01749084180240394	0.1769193829444487
0.017939742891422313	0.1819720096758313
0.01840016499183647	0.1871708150903196
0.018872403789503698	0.192519997435667
0.019356762559036497	0.1980238708580328
0.019853552358566336	0.2036868682823399
0.020363092229507416	0.2095135443449661
0.02088570940144691	0.2155085783784952
0.021421739502293445	0.2216767774481979
0.021971526773820263	0.2280230794397864
0.022535424292738512	0.2345525561978655
0.023113794197445726	0.2412704167144309
0.02370700792059299	0.248182010366574
0.024315446427621422	0.2552928302024897
0.02493950046142046	0.2626085086037254
0.025579570793265307	0.2701346526076214
0.026236068480194625	0.2778768286938336
0.02690941512899377	0.2858407159948018
0.027600043166953418	0.2940321143976272
0.02830839611957689	0.3024569457090538
0.02903492889541507	0.3111212547503189
0.02978010807821097	0.3200312103759587
0.03054441222654312	0.3291931064102884
0.03132833218115858	0.338613362495074
0.032132371380193814	0.3482985248415307
0.03295704618248582	0.3582552668795603
0.03380288619918054	0.3684903897967443
0.03467043463385315	0.3790108229593729
0.035560248631355706	0.3898236242073759
0.03647289963561983	0.4009359800147774
0.03740897375664011	0.41235520550686
0.03836907214687978	0.4240887443249731
0.03935381138733165	0.4361441683294703
0.04036382388349275	0.4485291771310013
0.04139975827149689	0.4612515974399137
0.042462279834674474	0.474319382223269
0.04355207093079956	0.4877406096584865
0.044669831430306464	0.5015234818723766
0.04581627916574834	0.5156763234538276
0.04699215039279557	0.5302075797281675
0.04819820026306255	0.5451258147807082
0.0494352033090709	0.560439709216749
0.050703953941658615	0.5761580576448121
0.05200526696015665	0.5922897658696487
0.05333997807565625	0.6088438477810686
0.05470894444770922	0.6258294219244261
0.056113045234799645	0.6432557077381238
0.057553182158946274	0.6611320214433023
0.059030280084792525	0.6794677715704319
0.060545287613560476	0.6982724541073559
0.06209917769224916	0.7175556472529644
0.06369294823846582	0.7373270057604322
0.06532762278129535	0.7575962548537951
0.06700425111861673	0.7783731837012976
0.06872390999128947	0.7996676384289296
0.07048770377464308	0.8214895146572544
0.07229676518771395	0.8438487495446977
0.07415225602068334	0.8667553133202228
0.07605536788098811	0.8902192002884807
0.07800732295857538	0.9142504192903502
0.08000937481080336	0.9388589836020694
0.08206280916748049	0.9640549002560833
0.08416894475657148	0.9898479870188887
0.0863291341510906	1.0162460973967227
0.08854476463773359	1.043255636326215
0.09081725910779968	1.0708826134254767
0.09314807697098407	1.0991326286308343
0.09553871509261559	1.1280108401282902
0.09799070875495704	1.1575219310530622
0.10050563264316853	1.187670074945076
0.10308510185658394	1.218458899950907
0.10573077294593329	1.2498914517649984
0.10844434497719374	1.2819701553060756
0.11122756062273637	1.3146967751274505
0.11408220728048409	1.3480723745634855
0.11701011822178632	1.3820972736177675
0.12001317376876022	1.4167710056026106
0.12309330250184151	1.452092272543306
0.126252482498334	1.4880588993651631
0.1294927426027392	1.5246677868856975
0.13281616372969612	1.5619148636395157
0.13622488020035384	1.599795036568321
0.13972108111304837	1.6383021406141967
0.14330701174915247	1.6774288872597714
0.14698497501501148	1.71716681206518
0.1507573329208802	1.7575062212576893
0.1546265080978243	1.7984361374367654
0.1585949853535453	1.8399442444638108
0.16266531326813966	1.8820168316131944
0.16684010583081552	1.9246387370683093
0.171122044118607	1.9677932908539115
0.1755138780181834	2.011462257303966
0.1800184279918386	2.0556257771718065
0.18463858688881293	2.1002623094979183
0.18937732180309436	2.145348573358483
0.19423767597890915	2.1908594896266083
0.19922277076510594	2.2367681228861453
0.2043358076197107	2.283045623646967
0.2095800701659169	2.329661171018567
0.2149589263008537	2.3765819160077775
0.22047583035846402	2.423772925614312
0.22613432532790495	2.4711971279065077
0.2319380451288701	2.5188152582672982
0.23789071694532204	2.566585807008615
0.2439961636191048	2.6144649685595867
0.2502583061050037	2.662406592441404
0.25668116598879864	2.7103621362480435
0.26326886806995814	2.758280620858681
0.2700256430106035	2.806108588112817
0.2769558300524725	2.853790061184611
0.2840638798035995	2.901269281050288
0.29135435709653057	2.9485053464074937
0.29883194391987866	2.9954629224542346
0.30650144242513255	3.042106175292875
0.31436777801062016	3.088398803962224
0.3224360024846373	3.1343040866776435
0.33071129730974025	3.1797849299155136
0.3391989769303223	3.224803920336832
0.3479044921855719	3.269323379533704
0.3568334338100449	3.313305421571845
0.36599153602405765	3.356712013290199
0.37538468021624843	3.399505037307047
0.3850188987206304	3.441646357669137
0.3949003786906035	3.4830978880677823
0.4050354660723708	3.523821662532251
0.4154306696803553	3.5637799084976005
0.42609266537718865	3.60293512213001
0.43702830036099666	3.6412501457790087
0.44824459756271406	3.6786882474118863
0.4597487601562441	3.7152132018715194
0.47154817618439165	3.7507893737851927
0.4836504233034966	3.785381801937964
0.49606327364986436	3.818956284910988
0.5087946988310642	3.851479467771892
0.5218528750453589	3.8829189295919484
0.5352461883324932	3.9132432715525343
0.5489832399592749	3.9424222053923166
0.5630728519433451	3.97042664193577
0.5775240727187468	3.997228779434339
0.5923461829468674	4.022802191442551
0.6075487014765527	4.047121913944233
0.623141391457153	4.070164531437309
0.6391342666084917	4.091908261680948
0.6555375976517216	4.1123330388048585
0.672361918905261	4.131420594478687
0.6896180350499773	4.149154536838533
0.70731702806804	4.165520426868812
0.7254702643598139	4.180505851940122
0.7440894020434532	4.194100496208306
0.7631863984417929	4.206296207585778
0.7827735177614357	4.21708706100422
0.8028633389688783	4.226469417697137
0.8234687638688211	4.234441980242305
0.8446030253897635	4.24100584311707
0.8662796960822935	4.246164538534316
0.8885126968354371	4.2499240773432945
0.9113163058167635	4.252292984797486
0.9347051676418839	4.2532823308815875
0.9586943027793399	4.252903142820301
0.9832991171968104	4.251159486317051
1.0085354122549466	4.24805534634468
1.0344193948550724	4.243596670598573
1.060967687847383	4.237791381170194
1.088197340706211	4.230649381708531
1.1161258404793322	4.222182560021991
1.1447711230182251	4.212404786093314
1.1741515844965966	4.201331905500447
1.2042860932245278	4.188981728257027
1.235194001765787	4.175374013106777
1.266895159366194	4.160530447326721
1.2994099247009165	4.144474622114626
1.3327591789489044	4.127232003656056
1.3669643392029607	4.108829899985937
1.4020473722238949	4.089297423778565
1.438030808547727	4.0686654512179015
1.474937756954894	4.046966577117414
1.5127919193109087	4.02423506647462
1.5516176057878015	4.000506802660796
1.5914397504762807	3.9758192324598447
1.6322839273985121	3.950211308182873
1.6741763669319767	3.9237234270959287
1.717143972654734	3.896397368407994
1.7612143386230863	3.868276228074177
1.8064157670925984	3.8394043516755474
1.852777286694052	3.809827265641672
1.9003286710757579	3.7795916070853703
1.9491004580243996	3.7487450525204435
1.9991239690765306	3.7173362457333274
2.050431329633535	3.6854147250777953
2.1030554895927	3.6530308504589515
2.157030244507871	3.6202357302678645
2.2123902572930967	3.587081148522431
2.2691710804834537	3.5536194924623845
2.327409179067041	3.519903680838193
2.387141953903045	3.4859870931234456
2.448407765740733	3.451923499869819
2.511245959855057	3.417766994411717
2.575696891314361	3.3835719261154433
2.641801950896686	3.3493928353541667
2.7096035916711023	3.3152843903762994
2.7791453562614405	3.281301326220319
2.8504719048095515	3.2474983858146573
2.9236290436563603	3.213930263386009
2.998663754758893	3.180651550284545
3.0756242258624953	3.147716683319178
3.154559881447238	3.1151798256279086
3.2355214144685442	3.083082517331096
3.3185608189126463	3.0514392606195604
3.403731423187353	3.0202602132769716
3.4910879243699173	2.989554572384417
3.580686423333737	2.9593305804042576
3.6725844607768168	2.92959553285822
3.7668410541746584	2.9003557875046497
3.863516735681692	2.8716167749180994
3.962673591005281	2.8433830103737847
4.064375299277702	2.815658106938865
4.168687173951162	2.788444789673022
4.275676204742551	2.761744910841213
4.385411100654516	2.7355594660428584
4.497962334100987	2.7098886111631226
4.613402186164863	2.6847316800541647
4.7318047930174245	2.660087202856352
4.853246193528895	2.6359529248722433
4.97780437810127	2.612325825908914
5.105559338754087	2.5892021400076235
5.236593120495855	2.5665773754829426
5.370989874013706	2.5444463351972146
5.508835909715702	2.522803136999744
5.650219753159747	2.501641234264126
5.7952322019053195	2.4809534364607657
5.943966383824047	2.460731929705766
6.096517816907233	2.4409682972310947
6.252984470607929	2.421653539725103
6.413466828757594	2.4027780954961844
6.5780679540972375	2.384331860416315
6.746893554465206	2.3663042076049106
6.920052050683215	2.3486840068172867
7.097654646184959	2.3314596435054185
7.279815398431419	2.3146190375223212
7.466651292159553	2.2981496614445853
7.658282314510417	2.2820385584909926
7.854831532085719	2.2662723600180317
8.056425169981727	2.250837302576208
8.263192692852117	2.235719244513642
8.475266888050792	2.2209036821162775
8.692783950908545	2.2063757652762996
8.915883572198878	2.1921203126826905
9.144709027848029	2.1781218265300852
9.37940727094776	2.1643645067439476
9.620129026129257	2.1508322647220077
9.867028886359796	2.137508736593471
10.120265412223016	2.124377295999184
10.380001233747636	2.111421066397188
10.646403154849132	2.098623117845731
10.91964226045267	2.085973825607791
11.199894026364593	2.073473359160922
11.487338431964178	2.0611224143635583
11.782160075787184	2.0489215321110703
12.084548294076615	2.036871103611522
12.39469728237529	2.024971375573255
12.712806220239555	2.013222455298286
13.039079399153245	2.0016243156763087
13.373726353725452	1.9901768000747384
13.716961996254547	1.97887962712098
14.069006754746367	1.9677323953736188
14.430086714473996	1.956734587879896
14.80043376317171	1.945885576617297
15.180285739954265	1.9351846268176918
15.56988658805884	1.9246309011728155
15.969486511506418	1.9142234639204305
16.379342135784967	1.9039612848107839
16.799716672655457	1.8938432429534988
17.23088008918828	1.8838681305452272
17.673109281137226	1.8740346564788113
18.12668825076436	1.8643414498348831
18.591908289227504	1.8547870632571957
19.06906816364943	1.8453699762130977
19.558474308987382	1.836088598140845
20.060441024828254	1.8269412714855473
20.575290677233163	1.8179262746257976
21.103353905763164	1.8090418246930804
21.644969835817378	1.8002860802862297
22.20048629642225	1.791657144083258
22.77026004360905	1.7831530653530268
23.354656989524248	1.774771842369245
23.95405243742146	1.7665114247293219
24.568831322682836	1.7583697155807128
25.199388460027226	1.7503445737573469
25.846128797061887	1.742433815828805
26.509467674343316	1.7346352180648497
27.189831092110783	1.726946518318005
27.887655983866637	1.7193654178267832
28.603390496976846	1.7118895829421952
29.337494280475124	1.7045166467801114
30.090438780251546	1.6972442108020722
30.862707541818356	1.6900698463270374
31.65479652084496	1.6829910959765926
32.46721440166494	1.6760054750560145
33.30048292395537	1.6691104728736361
34.155137217801624	1.6623035540008138
35.03172614736021	1.655582159474813
35.930812663344064	1.648943763915642
36.85297416455199	1.6423867687687932
37.79880286867812	1.635910346477835
38.76890619263669	1.6295136749337686
39.76390714265038	1.6231959141634074
40.78444471434766	1.6169562071813544
41.83117430313021	1.6107936808042238
42.90476812507064	1.6047074464285787
44.00591564861543	1.5986966007739418
45.135324037364626	1.5927602265922882
46.293718604217155	1.5868973933453188
47.48184327716991	1.5811071578508225
48.70046107707468	1.5753885648993522
49.950354607653495	1.5697406478424678
51.2323265580922	1.5641624291536915
52.547200218530804	1.5586529209633375
53.89582000878757	1.5532111255682914
55.279052020649054	1.5478360359178374
56.69778457408033	1.5425266360765355
58.1529287877078	1.5372819016651622
59.64541916394743	1.5321008002806449
61.17621418914679	1.5269822918959413
62.7462969491294	1.5219253292407435
64.35667576054097	1.516928858163839
66.00838481839473	1.5119918179779894
67.70248486023868	1.5071131417880852
69.44006384736572	1.5022917568033556
71.22223766351178	1.4975265846343446
73.05015083148128	1.4928165415753716
74.92497724816754	1.488160538873137
76.84792093843446	1.48355748298212
78.82021682835156	1.479006275807375
80.84313153826902	1.4745058149353343
82.91796419624994	1.4700549938531722
85.04604727237601	1.4656527021572758
87.22874743447125	1.4612978257513274
89.46746642578205	1.4569892470345198
91.76364196518644	1.45272584508035
94.11874867050324	1.4485064958064713
96.53429900550435	1.444330072136
99.01184425122564	1.4401954441507354
101.55297550221037	1.4361014792366427
104.15932468831681	1.4320470422220135
106.83256562275778	1.4280309955086277
109.57441507703085	1.4240521991962878
112.38663388344064	1.4201095112010416
115.27102806591313	1.416201787367398
118.22944999983972	1.4123278815748417
121.26379960168066	1.408486705889338
124.37602554910478	1.4046776995828174
127.56812653243843	1.4009005753300703
130.84215253824175	1.3971550465923037
134.20020616581903	1.3934408253414736
137.6444439775224	1.3897576221356023
141.17707788370546	1.3861051461903626
144.80037656323134	1.3824831054470856
148.51666692042795	1.3788912066373968
152.32833557944213	1.375329155344617
156.2378304169399	1.3717966560620989
160.24766213415398	1.3682934122486379
164.36040586926708	1.364819126381114
168.57870285118358	1.3613735000044853
172.90526209573767	1.3579562337792788
177.34286214544707	1.3545670275266766
181.89435285390635	1.3512055802713476
186.5626572159762	1.3478715902821121
191.3507732449559	1.3445647551105495
196.26177589792073	1.3412847716276637
201.2988190504807	1.3380313360586855
206.4651375222126	1.3348041440161227
211.76404915408955	1.3316028905311228
217.1989569392125	1.3284272700832533
222.77335120823642	1.3252769766287669
228.49081187087506	1.322151703627434
234.35501071495025	1.3190511440680008
240.3697137644299	1.315974990492362
246.53878369799483	1.3129229350184966
252.86618232966714	1.3098946693622375
259.35597315312197	1.3068898848579253
266.0123239512802	1.303908272478012
272.83950947288815	1.300949522851665
279.8419141777791	1.2980133262824143
287.024035052611	1.2950993727649025
294.3904844988518	1.292207352000772
301.9459932948947	1.289336953413744
309.6954136341847	1.2864878661639263
317.64372224133916	1.2836597791613775
325.79602356822164	1.2808523810789874
334.1575530720569	1.2780653603646883
342.73368057766334	1.2752984052530478
351.52991372600087	1.2725512037762559
360.55190151120263	1.269823443774554
369.80543790839727	1.2671148129061287
379.29646559462503	1.2644249986564968
389.03107976527616	1.2617536883474008
399.015532048452	1.259100569145256
409.25623451980374	1.256465349127162
419.7597638203948	1.2538478422875623
430.53286538027686	1.2512478958032038
441.58245775043383	1.2486653567375012
452.91563704592386	1.246100072034983
464.53968150303405	1.2435518885273984
476.4620561534276	1.2410206529395107
488.690417618222	1.2385062118945938
501.2326190251079	1.2360084119196506
514.0967150516951	1.233527099450358
527.290967098262	1.2310621208357646
540.8238485932834	1.2286133223427407
554.7040504351031	1.2261805501602085
568.9404865733038	1.2237636504031453
583.5422997332842	1.2213624691163898
598.5188672877804	1.2189768522782476
613.8798072790554	1.2166066458039166
629.6349845956877	1.214251695548727
645.7945173078474	1.2119118473112276
662.3687831651895	1.2095869468361027
679.3684262614898	1.2072768398169462
696.8043638703738	1.2049813718988882
714.6877934564368	1.2027003886810892
733.0301998663346	1.2004337357191053
751.843362704399	1.1981812585271339
771.1393638976037	1.1959428025801386
790.9305954546293	1.1937182133158692
811.2297674240962	1.1915073361367785
832.0499160570143	1.189310016411837
853.4044121787744	1.187126099478256
875.3069697759506	1.1849554306431205
897.7716548035188	1.1827978551849418
920.8128942180709	1.1806532183551288
944.4454852429334	1.178521365379377
968.6846048710061	1.176402141458997
993.545819611535	1.1742953917721668
1019.045095486988	1.1722009614751234
1045.1988082865748	1.1701186957032887
1072.0237540828487	1.168048439572344
1099.537160018262	1.1659900381792423
1127.756695368509	1.163943336603174
1156.7004828898882	1.16190817990648
1186.3871104578159	1.1598844131355166
1216.8356430040876	1.1578718813214806
1248.065634760459	1.1558704294811863
1280.0971418165427	1.153879902617807
1312.950734999926	1.1519001457215738
1346.6475130868507	1.1499310037832837
1381.2091163520333	1.1479723386013772
1416.6577404661398	1.1460240618709292
1453.0161507500022	1.144086094490511
1490.307696794602	1.1421583573487701
1528.5563274563813	1.1402407713249376
1567.7866062373027	1.1383332572893134
1608.0237270596997	1.1364357361037214
1649.2935304459202	1.1345481286219476
1691.622520113336	1.1326703556901487
1735.037879995142	1.1308023381472458
1779.567491698071	1.128943996825293
1825.2399524080754	1.1270952525498337
1872.084593255691	1.125256026140229
1920.1314981526157	1.1234262384099774
1969.4115231118044	1.121605810167016
2019.9563160633356	1.1197946622140051
2071.7983371789815	1.1179927153485978
2124.9708797182752	1.1161998903636967
2179.5080914096707	1.1144161080476978
2235.4449963803613	1.1126412891847226
2292.817517649075	1.1108753545548358
2351.6625001959937	1.109118224934251
2412.0177346248583	1.1073698210955332
2473.921981432249	1.1056300638077825
2537.41499589992	1.1038988738368114
2602.537553625805	1.102176171945314
2669.3314767103957	1.1004618788930254
2737.8396606150714	1.0987559154368745
2808.1061017099337	1.097058202331126
2880.175925528468	1.0953686603275175
2954.0954157474744	1.0936872101753885
3029.9120439106405	1.092013772621806
3107.6744999151792	1.090348268411676
3187.4327232806913	1.088690618287858
3269.237935220673	1.087040742991267
3353.142671536993	1.085398563260977
3439.200816358845	1.0837639998343107
3527.467636747392	1.0821369734469315
3617.9998181885285	1.0805174048329291
3710.855500996795	1.0789052147248983
3806.09431765334	1.0773003238540158
3903.7774311023113	1.075702652950113
4003.967574029957	1.0741121227417472
4106.729089152106	1.0725286539562617
4212.127970535334	1.0709521673198528
4320.2319059788115	1.069382583557624
4431.110320483702	1.0678198233936482
4544.834420838488	1.0662638078335207
4661.477241348292	1.0647144843074727
4781.11369073801	1.063171847848222
4903.820600259002	1.0616358984713616
5029.676773030808	1.0601066361916889
5158.763034648834	1.0585840610232484
5291.162285091124	1.0570681729793676
5426.9595519570685	1.0555589720726972
5566.242045072871	1.0540564583152414
5709.099212498078	1.0525606317183942
5855.622797969738	1.0510714922929678
6005.906899820625	1.0495890400492256
6160.048031409998	1.048113274996906
6318.1451831049035	1.0466441971452534
6480.299885852477	1.0451818065030398
6646.616276383543	1.0437261030785911
6817.201164090127	1.04227708687981
6992.16409961892	1.0408347579141952
7171.617445225449	1.0393991161888636
7355.676446933609	1.0379701617105717
7544.45930854765	1.0365478944857294
7738.0872675631745	1.035132314520422
7936.684673026695	1.0337234218204239
8140.379065393135	1.0323212163912165
8349.301258433392	1.0309256982380013
8563.58542324353	1.0295368673657157
8783.36917441037	1.0281547237790443
9008.79365838818	1.0267792674824354
9240.003644144137	1.0254104984801096
9477.147616129658	1.024048416776072
9720.377869637812	1.0226930223741257
9969.850608608678	1.021344315277879
10225.726045944186	1.0200022954907568
10488.168506397958	1.0186669630160095
10757.346532105365	1.0173383178567228
11033.432990822741	1.0160163600158247
11316.60518694382	1.0147010894960944
11607.044975365827	1.01339250630017
11904.938878277488	1.0120906104305554
12210.478204945175	1.0107954018896268
12523.859174572564	1.0095068806796392
12845.283042313966	1.0082250468027334
13174.95622852123	1.0069499002609419
13513.090451308695	1.005681441056193
13859.90286251948	1.0044196691903167
14215.616187181897	1.0031645846650503
14580.458866544423	1.0019161874820437
14954.665204782628	1.0006744776428615
15338.47551947037	0.9994638668063752
15732.136295913364	0.998287092792579
16135.90034544313	0.997114041661091
16550.026967774596	0.9959446942689263
16974.782117529514	0.9947790316092551
17410.438575034368	0.9936170348101651
17857.27612150103	0.9924586851334422
18315.581718704718	0.991303963973359
18785.649693272073	0.9901528528554817
19267.781925699757	0.9890053334354865
19762.288044223395	0.987861387497992
20269.485623663517	0.986720996955401
20789.700389373473	0.9855841438467577
21323.26642642255	0.9844508103366155
21870.52639414676	0.9833209787139194
22431.831746207696	0.9821946313908975
23007.542956297573	0.9810717509019661
23598.02974963793	0.9799523199026473
24203.671340418758	0.9788363211684976
24824.856675333096	0.9777237375940466
25461.984683360526	0.9766145521917492
26115.464531961195	0.9755087480909489
26785.71588984669	0.9744063085368503
27473.169196493138	0.9733072168895041
28178.265938572415	0.9722114566228028
28901.45893347674	0.9711190113234875
29643.212620121954	0.9700298646901632
30404.00335721221	0.9689440005323263
31184.319729160816	0.9678614027694028
31984.66285986123	0.9667820554297959
32805.54673451318	0.965705942649942
33647.498529706165	0.9646330486733796
34511.05895197595	0.9635633578498264
35396.78258504859	0.9624968546342663
36305.238245998866	0.9614335235860448
37237.00935054716	0.9603733493679769
38192.694287732986	0.9593163167454598
39172.906804203056	0.9582624105856002
40178.276398364644	0.9572116158563452
41209.4487246522	0.9561639176256264
42267.086008171136	0.9551193010605101
43351.86746998158	0.9540777514263593
44464.48976330002	0.9530392540859999
45605.66742089306	0.9520037944988998
46776.13331395528	0.9509713582203537
47976.63912276223	0.9499419309006784
49207.955819406074	0.9489154982844137
50470.874162917135	0.9478920462095333
51766.2052070949	0.9468715606066632
53094.78082137017	0.9458540274983097
54457.45422503885	0.944839432998091
55855.10053520304	0.9438277633099811
57288.61732877738	0.9428190047275588
58758.92521891667	0.9418131436332658
60266.9684462417	0.9408101664976705
61813.71548523462	0.9398100598787402
63400.15966620001	0.9388128104211214
65027.319813185786	0.9378184048554263
66696.24089828084	0.9368268299975258
68407.99471270118	0.9358380727478506
70163.68055509918	0.9348521200907006
71964.42593754281	0.9338689590935576
73811.38730960866	0.9328885769064075
75705.75080106198	0.9319109607610692
77648.73298359421	0.930936097970529
79641.58165211581	0.9299639759282821
81685.57662609572	0.9289945821076805
83782.03057147014	0.9280279040612874
85932.28984364225	0.9270639294202392
88137.73535212335	0.9261026458936099
90399.78344735884	0.9251440412677868
92719.88683031843	0.9241881034058484
95099.53548542675	0.923234820246951
97540.25763744432	0.9222841798057185
100043.62073290018	0.9213361701716415
102611.23244671682	0.9203907795084784
105244.74171466591	0.919447996053667
107945.83979232918	0.9185078081177365
110716.26134122993	0.9175702040837296
113557.78554284493	0.9166351724066274
116472.23724120212	0.9157027016127818
119461.48811481141	0.9147727802993516
122527.45787866462	0.9138453971337448
125672.11551708989	0.9129205408530665
128897.48054824167	0.9119982002635725
132205.62432105283	0.911078364240126
135598.67134546395	0.9101610217256618
139078.80065679835	0.9092461617306545
142648.24721514774	0.9083337733325928
146309.30334068314	0.9074238456754562
150064.3201857926	0.9065163679691993
153915.7092450079	0.9056113294892407
157865.9439036762	0.9047087195759556
161917.5610263898	0.9038085276341729
166073.16258617165	0.9029107431326784
170335.41733548025	0.9020153556037224
174707.06252009392	0.9011223546425315
179190.90563699388	0.9002317299068243
183789.8262373521	0.8993434711163326
188506.77777579264	0.8984575680523277
193344.78950712582	0.8975740105571488
198306.9684317488	0.8966927885337381
203396.5012909827	0.8958138919451791
208616.65661361144	0.89493731081424
213970.78681495943	0.8940630352229189
219462.33034982692	0.893191055311997
225094.81392068998	0.8923213612805927
230871.85474256336	0.891453943385722
236797.16286600742	0.8905887919418607
242874.54355973905	0.8897258973205129
249107.89975440127	0.8888652499497814
255501.2345490419	0.8880068403139448
262058.65378193863	0.8871506589530348
268784.3686673862	0.8862966964624199
275682.69850016723	0.8854449434923927
282758.0734294217	0.8845953907477603
290015.0373037275	0.8837480289874378
297458.25058917917	0.8829028490240475
305092.493362372	0.8820598417235193
312922.6683801872	0.881218998004697
320953.804228385	0.8803803088389466
329191.0585509845	0.8795437652497676
337639.7213625379	0.8787093583124105
346305.2184454009	0.8778770791534949
355193.1148342166	0.877046918950632
364309.11838980543	0.8762188689320511
373659.0834647926	0.8753929203762284
383249.0146632984	0.8745690646115207
393085.07069714693	0.8737472930157993
403173.5683410175	0.8729275970160908
413520.9864891216	0.8721099680882185
424133.9703159756	0.8712943977564491
435019.33554398984	0.8704808775931393
446184.07282055507	0.869669399218389
457635.35220748483	0.8688599542996955
469380.5277856593	0.8680525345516122
481427.14237788017	0.8672471317354075
493782.93239290715	0.8664437376587301
506455.8327938166	0.8656423441752761
519453.9821939028	0.8648429431844568
532785.7280833314	0.8640455266310727
546459.6321899549	0.8632500865049884
560484.4759776912	0.862456614840811
574869.2662860556	0.8616651037175707
589623.241114392	0.8608755452584048
604755.8755545806	0.860087931630244
620276.8878759819	0.8593022550435021
636196.2457665936	0.8585185077517671
652524.172734343	0.8577366820514962
669271.154672695	0.856956770281713
686447.946594737	0.8561787648237075
704065.5795401419	0.8554026581007372
722135.3676593495	0.8546284425777338
740668.915479592	0.853856110761009
759678.1253573722	0.8530856551979655
779175.2051222578	0.8523170684768091
799172.675916804	0.8515503432262627
819683.3802377181	0.8507854721152845
840720.4901833647	0.8500224478527884
862297.515913002	0.8492612631873635
884428.3143230649	0.8485019109070009
907127.0979461591	0.8477443838388191
930408.4440784112	0.8469886748487939
954287.3041411334	0.8462347768414888
978779.0132826921	0.845482682759789
1.0038993002268458e6	0.844732385584637
1.029664297373799e6	0.8439838783347714
1.0560905511605693e6	0.8432371540664657
1.0831950326871804e6	0.8424922058732717
1.1109951486156215e6	0.8417490268857636
1.1395087523484782e6	0.8410076102712852
1.1687541554945435e6	0.8402679492336981
1.198750139628612e6	0.839530037013132
1.229515968353137e6	0.838793866885739
1.2610713996693995e6	0.838059432163448
1.2934366986662655e6	0.837326726193721
1.3266326505345257e6	0.8365957423593128
1.360680573915241e6	0.8358664740780318
1.395602334590758e6	0.8351389148025032
1.4314203595270112e6	0.8344130580199335
1.4681576512762741e6	0.8336888972518771
1.5058378027494983e6	0.8329664260540062
1.5444850123678814e6	0.8322456380158799
1.5841240996032034e6	0.8315265267607181
1.6247805209170596e6	0.8308090859451744
1.6664803861091104e6	0.8300933092591145
1.7092504750850191e6	0.8293791904253913
1.7531182550546268e6	0.8286667231996275
1.7981118981715809e6	0.8279559013699951
1.8442602996256165e6	0.8272467187570006
1.8915930961992927e6	0.8265391692132686
1.9401406853008675e6	0.8258332466233296
1.9899342444857222e6	0.8251289449034078
2.0410057514787181e6	0.8244262580012132
2.093388004710573e6	0.8237251798957307
2.147114644381152e6	0.8230257045970164
2.202220174063439e6	0.8223278261459915
2.2587399828618774e6	0.82163153861424
2.31671036813956e6	0.8209368361038064
2.3761685588285513e6	0.8202437127469967
2.43715273933857e6	0.8195521627061795
2.4997020740791745e6	0.8188621801735907
2.563856732611489e6	0.8181737593711363
2.6296579154452714e6	0.8174868945502007
2.69714788049816e6	0.8168015799914536
2.7663699702338977e6	0.816117810004661
2.837368639497227e6	0.8154355789284938
2.910189484062993e6	0.8147548811303427
2.9848792699180637e6	0.8140757110061306
3.061485963294641e6	0.8133980629801296
3.140058761474598e6	0.8127219315047763
3.2206481243841825e6	0.8120473110604911
3.303305806999732e6	0.8113741961554976
3.3880848925849404e6	0.8107025813256443
3.4750398267813893e6	0.8100324611342271
3.5642264525737767e6	0.8093638301718125
3.6557020461526685e6	0.8086966830560633
3.7495253536975104e6	0.8080310144315667
3.845756629103934e6	0.8073668189696601
3.9444576726790993e6	0.8067040913682618
4.04569187083014e6	0.806042826351702
4.1495242367714616e6	0.8053830186705536
4.256021452276515e6	0.8047246631014671
4.365251910501288e6	0.8040677544470033
4.477285759906685e6	0.8034122875354716
4.5921949493084755e6	0.8027582572207647
4.710053274083131e6	0.8021056583821987
4.83093642355974e6	0.801454485924352
4.954922029628002e6	0.8008047347769067
5.082089716594109e6	0.8001563998944901
5.212521152315821e6	0.799509476256518
5.346300100650122e6	0.7988639588670401
5.483512475246739e6	0.7982198427545848
5.624246394722616e6	0.7975771229720063
5.7685922392520895e6	0.7969357945963326
5.916642708609648e6	0.7962958527286147
6.068492881702132e6	0.7956572924937777
6.224240277629225e6	0.7950201090404707
6.383984918310646e6	0.7943842975409205
6.547829392720926e6	0.7937498531907851
6.715878922772465e6	0.7931167712090087
6.888241430889979e6	0.792485046837677
7.065027609318736e6	0.7918546753418745
7.246350991211882e6	0.7912256520095429
7.4323280235419255e6	0.7905979721513399
7.623078141883983e6	0.7899716311004992
7.818723847117825e6	0.7893466242126919
8.0193907840988e6	0.7887229468658888
8.225207822347478e6	0.7881005944602243
8.436307138810787e6	0.7874795624178592
8.652824302746618e6	0.7868598461828477
8.874898362787342e6	0.786241441221002
9.102671936237436e6	0.7856243430197618
9.336291300663542e6	0.7850085470880606
9.57590648783457e6	0.7843940489561957
9.821671380073136e6	0.7837808441756985
1.0073743809079427e7	0.7831689283192063
1.0332285657292113e7	0.7825582969803332
1.059746296185001e7	0.7819489457735439
1.0869446021221912e7	0.7813408703340283
1.114840950457374e7	0.7807340663175749
1.1434532563941853e7	0.7801285294004483
1.1727998949285699e7	0.7795242552792646
1.2028997126492854e7	0.7789212396708707
1.2337720398413418e7	0.7783194783122211
1.2654367028999971e7	0.7777189669602586
1.2979140370634042e7	0.7771197013917939
1.3312248994719872e7	0.7765216774033877
1.3653906825630788e7	0.7759248908112317
1.4004333278092355e7	0.7753293374510324
1.4363753398092043e7	0.7747350131778941
1.4732398007404706e7	0.7741419138662048
1.5110503851828337e7	0.7735500354095199
1.549831375322324e7	0.7729593737204501
1.5896076765453914e7	0.7723699247305471
1.6304048334332509e7	0.7717816843901932
1.6722490461668335e7	0.7711946486684883
1.715167187352656e7	0.7706088135531405
1.759186819280595e7	0.7700241750503558
1.804336211624509e7	0.76944072918473
1.8506443595972642e7	0.7688584719991403
1.8981410025715884e7	0.7682773995546365
1.9468566431789033e7	0.7676975079303369
1.996822566898242e7	0.7671187932233211
2.0480708621480543e7	0.7665412515485248
2.1006344408935305e7	0.7659648790386359
2.1545470597828943e7	0.7653896718439905
2.2098433418260626e7	0.7648156261324713
2.266558798629845e7	0.7642427380894039
2.324729853203649e7	0.7636710039174561
2.3843938633505948e7	0.7631004198365371
2.445589145658849e7	0.7625309820836982
2.5083550001088746e7	0.7619626869130328
2.5727317353120446e7	0.7613955305955779
2.6387606943971157e7	0.7608295094192162
2.7064842815609593e7	0.7602646196885798
2.7759459893009037e7	0.7597008577249527
2.8471904263458274e7	0.7591382198661748
2.9202633463040914e7	0.7585767024665483
2.9952116770469014e7	0.7580163018967413
3.0720835508455947e7	0.7574570145436953
3.1509283352825157e7	0.7568988368105314
3.2317966649550874e7	0.7563417651164583
3.3147404739937883e7	0.7557857958966798
3.399813029414479e7	0.7552309256023041
3.487068965326846e7	0.7546771507002527
3.5765643180206604e7	0.7541244676731711
3.6683565619527705e7	0.7535728730193387
3.762504646657446e7	0.7530223632525805
3.859069034604174e7	0.7524729349021789
3.958111740026925e7	0.7519245845127864
4.059696368750217e7	0.7513773086443383
4.163888159037062e7	0.7508311038719662
4.270754023485429e7	0.750285966785913
4.380362591999798e7	0.7497418939914475
4.4927842558658786e7	0.7491988821087797
4.6080912129562005e7	0.7486569277729764
4.726357514096089e7	0.7481160276338789
4.847659110619415e7	0.7475761783560192
4.972073903145208e7	0.7470373766185382
5.099681791605764e7	0.7464996191151038
5.23056472655894e7	0.7459629025538297
5.364806761817151e7	0.7454272236571955
5.502494108427455e7	0.7448925791619657
5.643715190036662e7	0.7443589658191102
5.788560699677615e7	0.7438263803937263
5.9371236580126375e7	0.7432948196649597
6.0894994730722144e7	0.7427642804259262
6.24578600152644e7	0.742234759483635
6.4060836115292475e7	0.7417062536589113
6.5704952471752726e7	0.7411787597863203
6.739126494611433e7	0.7406522747140916
6.912085649844818e7	0.7401267953040429
7.089483788291132e7	0.7396023184315063
7.271434836107798e7	0.7390788409852536
7.458055643358327e7	0.7385563598674221
7.649466059053984e7	0.7380348719934418
7.845789008121394e7	0.7375143742919623
8.047150570345978e7	0.7369948637047806
8.25368006134096e7	0.7364763371867691
8.465510115594731e7	0.735958791705804
8.682776771649294e7	0.7354422242426953
8.905619559465389e7	0.734926631791115
9.13418159002924e7	0.7344120113575282
9.368609647259426e7	0.733898359961123
9.609054282272135e7	0.7333856746337419
9.855669910066395e7	0.7328739524198131
1.0108614908690058e8	0.7323631903762817
1.0368051720951279e8	0.7318533855725426
1.0634146958739978e8	0.7313445350903739
1.0907071510027452e8	0.7308366360238685
1.1187000648611344e8	0.7303296854793689
1.1474114146677719e8	0.7298236805754008
1.176859639025152e8	0.7293186184426084
1.2070636497610852e8	0.7288144962236877
1.2380428440739588e8	0.7283113110733235
1.2698171169897513e8	0.727809060158124
1.3024068741387008e8	0.727307740656558
1.3358330448599808e8	0.7268073497588909
1.3701170956426102e8	0.7263078846671213
1.4052810439113832e8	0.7258093425949192
1.4413474721665505e8	0.725311720767564
1.4783395424864998e8	0.7248150164218817
1.5162810114025417e8	0.7243192268061843