# Internal run number: twoLoop 1964
# All dimensionful quantities in GeV
# Rescaling factor from internal to physical units: 2.84386
# Quantity: interpolated ghost dressing function G
# Syntax: p^2 [GeV^2], G
# Cutoff in GeV^2, renormalization constant Zt3: 2843857., 0.833857
# Renormalization point: 0.00000284386
# Renormalization value: 4030.291782021497966
# Lowest/highest calculated points (extrapolated beyond that): 0.00000284386/28438.6
# alpha(mu)=0.05
#
2.843857433789439e-14	2.33432052675629615783691e8
2.929173156803122e-14	2.29936718928484112024307e8
2.9860503054789106e-14	2.2649372314377298951149e8
3.0713660284925944e-14	2.23102281630292683839798e8
3.156681751506277e-14	2.19761622431570142507553e8
3.2419974745199607e-14	2.16470985150151431560516e8
3.298874623195749e-14	2.13229620774520635604858e8
3.3841903462094324e-14	2.10036791508610516786575e8
3.4695060692231155e-14	2.06891770603866279125214e8
3.5832603665746926e-14	2.03793842193823724985123e8
3.6685760895883764e-14	2.00742301131164461374283e8
3.7538918126020595e-14	1.97736452827211052179336e8
3.8676461099536366e-14	1.94775613093825280666351e8
3.95296183296732e-14	1.91859107987674176692963e8
4.0667161303188975e-14	1.88986273656827539205551e8
4.1520318533325806e-14	1.86156456189652651548386e8
4.2657861506841584e-14	1.83369011465971648693085e8
4.3795404480357355e-14	1.80623305010447531938553e8
4.493294745387313e-14	1.77918711848165452480316e8
4.607049042738891e-14	1.75254616362376689910889e8
4.7208033400904687e-14	1.72630412154372423887253e8
4.8345576374420464e-14	1.70045501905456066131592e8
4.976750509131518e-14	1.67499297240982055664062e8
5.090504806483096e-14	1.64991218596430569887161e8
5.2326976781725675e-14	1.62520695085487842559814e8
5.3464519755241446e-14	1.60087164370101362466812e8
5.488644847213617e-14	1.5769007253248131275177e8
5.630837718903089e-14	1.55328873949018090963364e8
5.77303059059256e-14	1.53003031166088253259659e8
5.943662036619928e-14	1.50712014777719646692276e8
6.0858549083094e-14	1.48455303305088818073273e8
6.228047779998871e-14	1.46232383077822327613831e8
6.398679226026238e-14	1.44042748117075622081757e8
6.569310672053604e-14	1.41885900020362794399262e8
6.73994211808097e-14	1.39761347848110646009445e8
6.910573564108336e-14	1.37668608011911422014236e8
7.081205010135703e-14	1.35607204164449036121368e8
7.251836456163069e-14	1.33576667091073364019394e8
7.45090647652833e-14	1.31576534602997988462448e8
7.649976496893591e-14	1.29606351432097345590591e8
7.849046517258852e-14	1.27665669127279013395309e8
8.048116537624112e-14	1.2575404595240780711174e8
8.247186557989373e-14	1.23871046785758107900619e8
8.446256578354634e-14	1.22016243020972028374672e8
8.67376517305779e-14	1.20189212469500377774239e8
8.901273767760945e-14	1.18389539264504626393318e8
9.128782362464098e-14	1.16616813766197621822357e8
9.356290957167254e-14	1.14870632468601852655411e8
9.583799551870409e-14	1.13150597907703816890717e8
9.839746720911458e-14	1.11456318570983663201332e8
1.0095693889952508e-13	1.09787408808299511671066e8
1.0351641058993558e-13	1.08143488744106128811836e8
1.0607588228034608e-13	1.06524184190988153219223e8
1.089197397141355e-13	1.04929126564487725496292e8
1.1176359714792495e-13	1.03357952799207970499992e8
1.1460745458171438e-13	1.0181030526617206633091e8
1.1745131201550382e-13	1.00285831691420391201973e8
1.205795551926722e-13	9.8784185075826123356819e7
1.2370779836984058e-13	9.7305023616111785173416e7
1.2683604154700897e-13	9.584801062704810500145e7
1.2996428472417736e-13	9.4412814464818343520164e7
1.3337691364472469e-13	9.2999108451529592275619e7
1.36789542565272e-13	9.1606570800854966044426e7
1.404865572291983e-13	9.0234884544788673520088e7
1.438991861497456e-13	8.8883737461498230695724e7
1.4759620081367188e-13	8.7552822004256784915924e7
1.515776012209771e-13	8.6241835231439635157585e7
1.5527461588490338e-13	8.495047873756904900074e7
1.5925601629220857e-13	8.3678458585391417145729e7
1.6352180244289273e-13	8.2425485238971576094627e7
1.6750320285019794e-13	8.1191273497788950800896e7
1.7176898900088212e-13	7.9975542431820526719093e7
1.763191608949452e-13	7.8778015317595735192299e7
1.808693327890083e-13	7.7598419575209155678749e7
1.8541950468307142e-13	7.6436486706275835633278e7
1.9025406232051346e-13	7.529195223281629383564e7
1.9508861995795553e-13	7.4164555637056037783623e7
2.0020756333877648e-13	7.3054040302126973867416e7
2.0532650671959748e-13	7.1960153453656435012817e7
2.1044545010041849e-13	7.0882646102230936288834e7
2.158487792246184e-13	6.9821272986721485853195e7
2.2153649409219729e-13	6.8775792518457472324371e7
2.2722420895977618e-13	6.7745966726236522197723e7
2.32911923827355e-13	6.6731561202157728374004e7
2.3888402443831285e-13	6.5732345048265926539898e7
2.4514051079264963e-13	6.4748090823995016515255e7
2.5139699714698637e-13	6.3778574494398087263107e7
2.579378692447021e-13	6.2823575379152856767178e7
2.644787413424178e-13	6.1882876102330632507801e7
2.7130399918351246e-13	6.0956262542917415499687e7
2.781292570246071e-13	6.0043523786075875163078e7
2.852389006090807e-13	5.9144452075137197971344e7
2.9263292993693324e-13	5.8258842764311656355858e7
3.0031134500816476e-13	5.7386494272107340395451e7
3.0798976007939624e-13	5.6527208035446435213089e7
3.1595256089400667e-13	5.5680788464468471705913e7
3.239153617086171e-13	5.4847042898010343313217e7
3.3216254826660645e-13	5.4025781559752963483334e7
3.406941205679748e-13	5.32168175150246322155e7
3.4951007861272206e-13	5.2419966628251053392887e7
3.5861042240084823e-13	5.1635047521042712032795e7
3.677107661889744e-13	5.0861881530909575521946e7
3.7709549572047963e-13	5.0100292670594237744808e7
3.867646109953637e-13	4.9350107588013760745525e7
3.9671811201362676e-13	4.8611155526801571249962e7
4.0695599877526866e-13	4.7883268287440001964569e7
4.174782712802896e-13	4.7166280188974872231483e7
4.2800054378531053e-13	4.6460028031303398311138e7
4.3909158777708936e-13	4.5764351058026731014252e7
4.5018263176886813e-13	4.5079090919858761131764e7
4.618424472474048e-13	4.4404091638582795858383e7
4.737866484693205e-13	4.3739199571547977626324e7
4.860152354346151e-13	4.3084263376697279512882e7
4.982438223999097e-13	4.2439133978119201958179e7
5.110411808519622e-13	4.180366453211522847414e7
5.241229250473936e-13	4.117771039377548545599e7
5.377734407295829e-13	4.0561129084054708480835e7
5.514239564117722e-13	3.9953780257341399788857e7
5.656432435807193e-13	3.9355525669512465596199e7
5.801469164930455e-13	3.8766229146466210484505e7
5.949349751487507e-13	3.8185756553126566112042e7
6.102918052912135e-13	3.7613975762911379337311e7
6.259330211770555e-13	3.7050756627657882869244e7
6.421430085496553e-13	3.6495970947998523712158e7
6.58637381665634e-13	3.5949492444180347025394e7
6.754161405249917e-13	3.5411196727321334183216e7
6.927636708711072e-13	3.4880961271097138524056e7
7.106799727039807e-13	3.4358665383851699531078e7
7.288806602802332e-13	3.3844190181125625967979e7
7.476501193432435e-13	3.3337418558595795184374e7
7.667039641496327e-13	3.2838235165420152246952e7
7.863265804427799e-13	3.2346526377981744706631e7
8.065179682226849e-13	3.1862180274025745689869e7
8.272781274893478e-13	3.1385086607183888554573e7
8.486070582427686e-13	3.0915136781880278140306e7
8.702203747395683e-13	3.0452223828612972050905e7
8.926868484665049e-13	2.9996242379605680704117e7
9.154377079368205e-13	2.9547088644824091345072e7
9.390417246372728e-13	2.9104660388351257890463e7
9.63214512824483e-13	2.8668856905116781592369e7
9.87956072498451e-13	2.8239578997974418103695e7
1.0132664036591772e-12	2.7816728955122921615839e7
1.039145506306661e-12	2.7400210527865003794432e7
1.0658777661842817e-12	2.698992890869926661253e7
1.0931787975486603e-12	2.6585790709740247577429e7
1.1213329861431757e-12	2.6187703941461555659771e7
1.1500559462244491e-12	2.5795577991757296025753e7
1.1796320635358592e-12	2.5409323605317045003176e7
1.2097769523340272e-12	2.5028852863309655338526e7
1.2407749983623323e-12	2.4654079163371235132217e7
1.272626201620774e-12	2.4284917199892837554216e7
1.3053305621093524e-12	2.3921282944603260606527e7
1.3388880798280677e-12	2.3563093627442631870508e7
1.37329875477692e-12	2.3210267717722348868847e7
1.4085625869559091e-12	2.2862724905567202717066e7
1.4446795763650348e-12	2.2520386083635244518518e7
1.4816497230042976e-12	2.2183173329111520200968e7
1.5197574126170762e-12	2.1851009885971318930387e7
1.5587182594599913e-12	2.1523820147509068250656e7
1.5988166492764225e-12	2.1201529639128793030977e7
1.6397681963229905e-12	2.0884065001392312347889e7
1.6818572863430741e-12	2.0571353973321199417114e7
1.7250839193366736e-12	2.0263325375948835164308e7
1.769448095303789e-12	1.9959909096118733286858e7
1.8146654285010409e-12	1.9661036070525430142879e7
1.8613046904151877e-12	1.9366638269994381815195e7
1.9090814953028503e-12	1.9076648683997232466936e7
1.9579958431640287e-12	1.8791001305398929864168e7
2.0083321197421018e-12	1.8509631115433253347874e7
2.0598059392936906e-12	1.8232474068903364241123e7
2.112701687562174e-12	1.7959467079603787511587e7
2.1670193645475525e-12	1.7690548005960900336504e7
2.2224745845064464e-12	1.7425655636888276785612e7
2.2796361189256145e-12	1.7164729677853900939226e7
2.3382195820616767e-12	1.6907710737155973911285e7
2.3982249739146335e-12	1.6654540312404248863459e7
2.4596522944844857e-12	1.640516077720377035439e7
2.5227859295146113e-12	1.6159515368038011714816e7
2.5876258790050106e-12	1.5917548171348419040442e7
2.653887757212304e-12	1.5679204110807426273823e7
2.722140335623251e-12	1.5444428934782041236758e7
2.791814842751092e-12	1.5213169203985139727592e7
2.8634800500825863e-12	1.498537227931166626513e7
2.9371359576177327e-12	1.4760986309856988489628e7
3.0124981796131524e-12	1.4539960221114622429013e7
3.0898511018122255e-12	1.432224370335073210299e7
3.1691947242149507e-12	1.4107787200152659788728e7
3.250529046821329e-12	1.3896541897148950025439e7
3.333854069631359e-12	1.3688459710898274555802e7
3.4194541783884213e-12	1.348349327794474363327e7
3.507044987349136e-12	1.3281595944037050008774e7
3.5971952680002613e-12	1.3082721753509100526571e7
3.689336248855039e-12	1.2886825438819626346231e7
3.784036701400227e-12	1.2693862410248434171081e7
3.8812966256358265e-12	1.2503788745746936649084e7
3.980831635818457e-12	1.2316561180940665304661e7
4.082926117691498e-12	1.2132137099281469359994e7
4.187864456998328e-12	1.1950474522347183898091e7
4.295362267995568e-12	1.1771532100286550819874e7
4.405703936426599e-12	1.1595269102407194674015e7
4.51860507654804e-12	1.1421645407904554158449e7
4.634634459846648e-12	1.1250621496729623526335e7
4.753507700579048e-12	1.1082158440593438223004e7
4.875509184488614e-12	1.09162178941062502563e7
5.000638911575349e-12	1.0752762086049403995276e7
5.128896881839253e-12	1.0591753810777878388763e7
5.260567481023704e-12	1.0433156419751578941941e7
5.3956507091287026e-12	1.0276933813193423673511e7
5.534146566154248e-12	1.0123050431872390210628e7
5.67633943784372e-12	9.971471249009497463703e6
5.821944938453739e-12	9.822161762305092066526e6
5.971247453727685e-12	9.675087986085450276732e6
6.124531369408936e-12	9.530216443567000329495e6
6.281796685497491e-12	9.387514159236367791891e6
6.4430434019933525e-12	9.246948651344526559114e6
6.608271518896519e-12	9.108487924513326957822e6
6.778049807693749e-12	8.972100462452754378319e6
6.951809496898283e-12	8.837755220787214115262e6
7.13040374374026e-12	8.705421619989236816764e6
7.313263776732922e-12	8.575069538419011980295e6
7.500958367363024e-12	8.446669305468121543527e6
7.69348751563057e-12	8.320191694805946201086e6
7.890851221535555e-12	8.195607917727197520435e6
8.093333870821364e-12	8.072889616599069908261e6
8.301219849231373e-12	7.952008858406495302916e6
8.514224771022201e-12	7.832938128394060768187e6
8.732633021937229e-12	7.715650323803132399917e6
8.957013373463216e-12	7.600118747702744789422e6
9.186797054113403e-12	7.486317102912889793515e6
9.422552835374549e-12	7.374219486018755473196e6
9.664280717246651e-12	7.263800381474632769823e6
9.91226508547309e-12	7.155034655796091072261e6
1.0166790325797244e-11	7.047897551839112304151e6
1.0427856438219114e-11	6.942364683164905756712e6
1.0695463422738702e-11	6.838412028489086776972e6
1.0969895665099382e-11	6.736015926213972270489e6
1.1251437551044538e-11	6.635153069042759016156e6
1.1540089080574165e-11	6.535800498674334026873e6
1.1836419025175023e-11	6.437935600577536039054e6
1.2140142999103737e-11	6.341536098843652755022e6
1.2451829773847059e-11	6.246580051116005517542e6
1.2771194963661613e-11	6.15304584359544981271e6
1.3099091725777534e-11	6.060912186120663769543e6
1.3435235674451446e-11	5.970158107322106137872e6
1.3779911195426725e-11	5.880762949848533608019e6
1.4133687060190131e-11	5.79270636566499248147e6
1.4496563268741665e-11	5.705968311421221122146e6
1.4868539821081325e-11	5.620529043889405205846e6
1.5250185488695866e-11	5.53636911547024641186e6
1.5641500271585293e-11	5.453469369766311720014e6
1.604305294123636e-11	5.371810937221677042544e6
1.6454559111905692e-11	5.291375230826860293746e6
1.6876871940823426e-11	5.212143941888065077364e6
1.7309991427989557e-11	5.134099035859770141542e6
1.7754486344890848e-11	5.057222748239730484784e6
1.8210072305783916e-11	4.981497580525435507298e6
1.8677318082155517e-11	4.906906296231117099524e6
1.9156792445492418e-11	4.833431916964399628341e6
1.9648495395794612e-11	4.761057718561697751284e6
2.015271131880548e-11	4.689767227281475439668e6
2.0670008986011778e-11	4.619544216054511256516e6
2.1200388397413506e-11	4.550372700790310278535e6
2.1744418324497427e-11	4.482236936738818883896e6
2.2302667538750295e-11	4.415121414906623773277e6
2.287485165442873e-11	4.349010858526810072362e6
2.346210821450625e-11	4.283890219581676647067e6
2.4064152833239473e-11	4.219744675377522595227e6
2.468183866785854e-11	4.156559625170728657395e6
2.531516571836345e-11	4.094320686844335868955e6
2.5964987141984334e-11	4.033013693634413648397e6
2.6631302938721202e-11	3.972624690905432682484e6
2.7314966265804184e-11	3.913139932973922230303e6
2.801597712323328e-11	3.854545879979697987437e6
2.873490428249525e-11	3.796829194803925231099e6
2.947231651507685e-11	3.73997674003334203735e6
3.022878259246484e-11	3.683975574969936162233e6
3.10045869004026e-11	3.628812952685388736427e6
3.1800298210376884e-11	3.574476317119641695172e6
3.261648529387445e-11	3.520953300222891848534e6
3.345371692238206e-11	3.46823171914039272815e6
3.43122774816431e-11	3.416299573439402971417e6
3.51927357431443e-11	3.365145042377661913633e6
3.609594486411583e-11	3.314756482212761417031e6
3.702247361604443e-11	3.265122423551814164966e6
3.7972606384673485e-11	3.216231568740795832127e6
3.8947196327233124e-11	3.168072789292989298701e6
3.9946812215210116e-11	3.12063512335592508316e6
4.09720228200912e-11	3.073907773216265719384e6
4.202339691336316e-11	3.027880102842027321458e6
4.3102072037999494e-11	2.982541635461626108736e6
4.420833257974358e-11	2.93788205117916315794e6
4.5342747310082196e-11	2.893891184625421650708e6
4.650673815773221e-11	2.850559022644034121185e6
4.7700305122693635e-11	2.80787570201229956001e6
4.892430136219661e-11	2.765831507196126040071e6
5.018014880495803e-11	2.724416868138589896262e6
5.146784745097789e-11	2.68362235808161040768e6
5.278881922897308e-11	2.643438691420240793377e6
5.4143632910430366e-11	2.603856721589085645974e6
5.553314165257989e-11	2.56486743898037308827e6
5.695848299839516e-11	2.526461968893193639815e6
5.842022571936293e-11	2.488631569513451773673e6
5.991979174420009e-11	2.451367629924061242491e6
6.145746545865006e-11	2.41466166814493900165e6
6.303495317717305e-11	2.378505329202343709767e6
6.465253928551248e-11	2.342890383227127604186e6
6.631193009812862e-11	2.307808723581457044929e6
6.801369438650823e-11	2.273252365013594739139e6
6.975925407936817e-11	2.239213441840299870819e6
7.154974671968201e-11	2.205684206156448926777e6
7.338602546467985e-11	2.172657026071469299495e6
7.52695122430786e-11	2.140124383972172625363e6
7.720134459785176e-11	2.108078874811605550349e6
7.918266007197286e-11	2.076513204423517920077e6
8.121488059415879e-11	2.045420187862075865269e6
8.329914370738307e-11	2.014792747766427695751e6
8.543715572610598e-11	1.98462391274976497516e6
8.762976980755763e-11	1.954906815812500892207e6
8.98789766519417e-11	1.925634692779212025926e6
9.218562941648832e-11	1.896800880758982617408e6
9.455143441565774e-11	1.868398816628805128858e6
9.697809796391028e-11	1.840422035539687843993e6
9.94670419899628e-11	1.812864169445132836699e6
1.0201997280827556e-10	1.785718945651647867635e6
1.0463831234756552e-10	1.758980185390962753445e6
1.0732376692229288e-10	1.73264180241362284869e6
1.1007832723266133e-10	1.706697801603645086289e6
1.1290341520738776e-10	1.681142277613913407549e6
1.1580102154667581e-10	1.655969413522013230249e6
1.1877313695072916e-10	1.631173479506184812635e6
1.2182146773400805e-10	1.606748831541111459956e6
1.2494800459671618e-10	1.58268991011322918348e6
1.2815473823905714e-10	1.558991238955277018249e6
1.31443943746978e-10	1.535647423799795331433e6
1.3481732743493906e-10	1.512653151151286670938e6
1.3827744877463064e-10	1.490003187076762318611e6
1.418262984662565e-10	1.46769237601440679282e6
1.454661515957636e-10	1.445715639600063906982e6
1.4919956763484238e-10	1.424067975511310622096e6
1.5302882166943983e-10	1.402744456328833242878e6
1.5695618878550306e-10	1.381740228414851939306e6
1.609845128404658e-10	1.361050510808340739459e6
1.6511635330601847e-10	1.340670594136791536584e6
1.6935398526810811e-10	1.320595839544269489124e6
1.7370025258416851e-10	1.300821677635522559285e6
1.7815828349737686e-10	1.281343607435900019482e6
1.827309218651669e-10	1.262157195366845466197e6
1.8742044277348565e-10	1.243258074236729880795e6
1.9223082762274053e-10	1.224641942246795631945e6
1.9716435149887842e-10	1.20630456201198650524e6
2.0222442703081998e-10	1.188241759596436982974e6
2.074144668474857e-10	1.170449423563405638561e6
2.1273788357779613e-10	1.152923504039435880259e6
2.1819780546492847e-10	1.135660011792524717748e6
2.2379792952354665e-10	1.118655017324100248516e6
2.2954166838257116e-10	1.101904649974591797218e6
2.35432719056666e-10	1.085405097042395500466e6
2.414750629462384e-10	1.069152602916030446067e6
2.4767239706595234e-10	1.053143468219289556146e6
2.5402898720195854e-10	1.037374048969192430377e6
2.605485303689208e-10	1.02184075574654515367e6
2.672355767387333e-10	1.006540052878920221701e6
2.740941077118033e-10	991468.457635870669037
2.8112867346002486e-10	976622.539436194347218
2.8834382415529204e-10	961998.91906706802547
2.9574439435524227e-10	947594.267914875643328
3.033346498460263e-10	933405.307207551551983
3.111197095710249e-10	919428.807268270291388
3.1910440808787546e-10	905661.58678031002637
3.272941487257023e-10	892100.512062925845385
3.3569433481362957e-10	878742.496358063421212
3.443098009092947e-10	865584.499127754592337
3.531465191133086e-10	852623.525362033280544
3.6220989275479553e-10	839856.624897214700468
3.715058939343665e-10	827280.891744380816817
3.810407791383757e-10	814893.463427922921255
3.9081995169594746e-10	802691.520333990454674
4.008505212506661e-10	790672.285068687633611
4.111381755173995e-10	778833.02182589052245
4.2169002413973183e-10	767171.035764524131082
4.3251260798976084e-10	755683.672395165078342
4.436130367110712e-10	744368.316975830122828
4.5499841994724725e-10	733222.393916810746305
4.666758673418734e-10	722243.366194420261309
4.78653057310021e-10	711428.73477351909969
4.909376682667612e-10	700776.038038686616346
5.035376630129087e-10	690282.851233911234885
5.164607199635347e-10	679946.785910669481382
5.297156550766839e-10	669765.489384270040318
5.433109999246577e-10	659736.644198337802663
5.57255001694014e-10	649857.967597317066975
5.715567607285412e-10	640127.211006872821599
5.862256617577704e-10	630542.159522072877735
6.012710895112335e-10	621100.631403232808225
6.167027131042052e-10	611800.477579311234876
6.325304860377036e-10	602639.581158740329556
6.487643618127472e-10	593615.856947580585256
6.65414862701841e-10	584727.250974891940132
6.8249251097749e-10	575971.740025210310705
7.000086820694292e-10	567347.331178025342524
7.179744670216507e-10	558852.061354154488072
7.364009568781459e-10	550483.996868908405304
7.553006646116238e-10	542241.232991947908886
7.746855344233061e-10	534121.893513730494305
7.945677949001582e-10	526124.130318450625054
8.149602434006322e-10	518246.122963372210506
8.358762460546668e-10	510486.078264462179504
8.573288846064573e-10	502842.229888227477204
8.793320939574297e-10	495312.837949663924519
9.019000933947526e-10	487896.188616225495935
9.250473865913383e-10	480590.593717723328155
9.487884772200991e-10	473394.39036206639139
9.731392908826647e-10	466305.940556755405851
9.981146156376902e-10	459323.630836044903845
1.0237312302440355e-9	452445.871893687115516
1.0500053446890728e-9	445671.098221177700907
1.076953453345918e-9	438997.767751413513906
1.1045934725164044e-9	432424.361507690569851
1.1329427497308779e-9	425949.38325795554556
1.1620197700626578e-9	419571.359174235665705
1.191842734199321e-9	413288.837497166357935
1.22243126475716e-9	407100.388205544324592
1.2538049843524687e-9	401004.602690826752223
1.285983799987283e-9	395000.093436505994759
1.3189884718208696e-9	389085.493702283652965
1.3528400443982387e-9	383259.457212975248694
1.387560699807374e-9	377520.657852072326932
1.4231723357505158e-9	371867.789359892485663
1.459697987472877e-9	366299.56503625086043
1.4971609746054153e-9	360814.717447582108434
1.535585469936318e-9	355411.998138448572718
1.5749962150252586e-9	350090.177347368153278
1.6154182358176553e-9	344848.043726897391025
1.6568779801876412e-9	339684.404067905619741
1.699401611623608e-9	334598.083027977962047
1.7430167155426631e-9	329587.922863885003608
1.7877508773619144e-9	324652.78316805860959
1.8336333888129297e-9	319791.540609013522044
1.8806935416272774e-9	315003.088675655599218
1.9289614806937555e-9	310286.337425418954808
1.9784679196726486e-9	305640.213236174371559
2.0292452785387026e-9	301063.658561852702405
2.0813256928809186e-9	296555.631691727030557
2.134742720217016e-9	292115.106513299455401
2.189530771221943e-9	287741.072278738953173
2.2457248253421354e-9	283432.533374815306161
2.303361283952746e-9	279188.509096278983634
2.3624768328146703e-9	275008.033422634063754
2.4231095796175213e-9	270890.154798253497575
2.4852984852081425e-9	266833.935915787005797
2.5490833635906055e-9	262838.453502812073566
2.6145054506977013e-9	258902.798111679789145
2.6816065512337067e-9	255026.07391250715591
2.7504298918316146e-9	251207.39848926893319
2.821019267895906e-9	247445.902638944156934
2.8934207499170077e-9	243740.730173667368945
2.9676801239996047e-9	240091.037725845060777
3.0438454513343265e-9	236495.99455618893262
3.1219653618832923e-9	232954.782364623883041
3.2020904763088233e-9	229466.595104027481284
3.284271699658984e-9	226030.638796758023091
3.368562212067786e-9	222646.131353930541081
3.4550163312122145e-9	219312.302397398249013
3.543688943540743e-9	216028.393084399955114
3.6346374949735334e-9	212793.655934833048377
3.727920000202234e-9	209607.354661112767644
3.823597033390186e-9	206468.764000579336425
3.921729168700728e-9	203377.169550414138939
4.022380108540377e-9	200331.867605028324761
4.125614124087137e-9	197332.164995885977987
4.231497761604959e-9	194377.378933725703973
4.340098704900767e-9	191466.83685314503964
4.451487197253175e-9	188599.876259511598619
4.565734050712284e-9	185775.844578166725114
4.6829134899571185e-9	182994.099005887313979
4.803100024052441e-9	180254.006364571396261
4.926371290306195e-9	177554.942957114806632
5.052806063569296e-9	174896.294425445987145
5.182485962550094e-9	172277.45561068636016
5.315494027885657e-9	169697.830415404605446
5.45191585968474e-9	167156.83166793367127
5.591838764370561e-9	164653.880988719378365
5.7353528922237716e-9	162188.408658670174191
5.882550384225226e-9	159759.853489478293341
6.033525372055983e-9	157367.662695882521803
6.188375400026022e-9	155011.291769844101509
6.347199718759781e-9	152690.204356605914654
6.510100138353391e-9	150403.872132608346874
6.677181312760415e-9	148151.774685232579941
6.8485504554061055e-9	145933.399394345004111
7.02431819234464e-9	143748.241315614810446
7.204596571558906e-9	141595.803065579500981
7.389502191203692e-9	139475.594708430609899
7.5791530713625e-9	137387.133644495072076
7.773671497904978e-9	135329.944500386889558
7.973182031786734e-9	133303.559020802262239
8.17781321536377e-9	131307.51596193635487
8.387696150463784e-9	129341.360986495288671
8.60296563592914e-9	127404.646560280481936
8.823760167616862e-9	125496.931850321183447
9.050221369627153e-9	123617.782624532614136
9.282494563074878e-9	121766.771152876477572
9.520729050475313e-9	119943.476110001545749
9.765077831358397e-9	118147.482479341953876
1.0015697602268728e-8	116378.38145865147817
1.0272749894308547e-8	114635.770366952565382
1.0536399082437529e-8	112919.25255287832988
1.080681494494447e-8	111228.437304387276527
1.1084170957132829e-8	109562.939759829750983
1.1368645428863707e-8	107922.380820346181281
1.1660420935784354e-8	106306.387063576941728
1.195968460371391e-8	104714.590658664339571
1.2266628961800645e-8	103146.629282527370378
1.258145108936472e-8	101602.14603739004815
1.2904352900283934e-8	100080.789369544683723
1.3235542280536698e-8	98582.212989331703284
1.3575231381887574e-8	97106.07579231740965
1.392363861258747e-8	95652.041781652224017
1.4280987784216434e-8	94219.779991591334692
1.4647508111683624e-8	92808.964412160770735
1.5023435350770304e-8	91419.273914951176266
1.5409010660586856e-8	90050.392180022972752
1.5804481741115764e-8	88702.007623905898072
1.621010254882587e-8	87373.813328676769743
1.6626133581058102e-8	86065.506972099043196
1.70528418760255e-8	84776.790758808536339
1.749050186597042e-8	83507.371352529662545
1.793939423962158e-8	82256.959809306397801
1.8399807364122762e-8	81025.27151173321181
1.887203700064708e-8	79812.026104170741746
1.935638630439698e-8	78616.947428931496688
1.985316639337572e-8	77439.763463421200868
2.036269634838737e-8	76280.206258221063763
2.088530321303681e-8	75138.011876097909408
2.1421323131272714e-8	74012.920331926434301
2.1971099641073095e-8	72904.675533511981485
2.253498623391696e-8	71813.025223299104255
2.3113344932855643e-8	70737.720920952910092
2.3706547145669983e-8	69678.517866800175398
2.4314973664870373e-8	68635.174966117483564
2.493901552085396e-8	67607.454734253391507
2.557907341313316e-8	66595.123242572517484
2.623555827910716e-8	65597.950065208860906
2.6908891862833385e-8	64615.708226616530737
2.759950643064178e-8	63648.174149905818922
2.8307845624292006e-8	62695.1276059528318
2.903436446097348e-8	61756.351663271168945
2.9779529048919595e-8	60831.632638634182513
3.0543818293722194e-8	59920.760048436648503
3.132772304517436e-8	59023.526560784703179
3.213174666604186e-8	58139.727948303123412
3.295640531644895e-8	57269.163041649320803
3.380222909142127e-8	56411.633683723433933
3.466976059895719e-8	55566.944684563910414
3.555955723511374e-8	54734.903776918661606
3.64721906152351e-8	53915.321572481327166
3.7408246573952634e-8	53108.011518782906933
3.836832630272785e-8	52312.789856728879386
3.935304634985239e-8	51529.475578772209701
4.036303918921953e-8	50757.89038771246851
4.139895350470992e-8	49997.85865611211193
4.2461454190191585e-8	49249.207386320304067
4.355122405583436e-8	48511.766171095339814
4.4668962974952706e-8	47785.367154816784023
4.581538845277718e-8	47069.844995278290298
4.6991236763997384e-8	46365.0368260526011
4.819726323714773e-8	45670.782219420063484
4.943424225460744e-8	44986.923149852198549
5.070296810575778e-8	44313.303958042139129
5.200425584013925e-8	43649.771315473590221
5.333894098306592e-8	42996.174189520344953
5.470788067316833e-8	42352.363809068388946
5.6111954231165004e-8	41718.193630652756838
5.755206315986244e-8	41093.519305101595819
5.9029132281698145e-8	40478.198644679316203
6.054411059189773e-8	39872.091590722113324
6.209797040531784e-8	39275.060181757951796
6.369170991591772e-8	38686.96852210387442
6.532635262798778e-8	38107.682750933585339
6.700294849369262e-8	37537.071011808184267
6.872257391307086e-8	36975.003422663139645
7.048633344034985e-8	36421.352046244646772
7.229535949955968e-8	35875.990860988720669
7.415081437523357e-8	35338.795732336242509
7.605388907486476e-8	34809.644384477607673
7.800580645714981e-8	34288.416372520441655
8.00078192412883e-8	33774.993055074024596
8.20612137039975e-8	33269.25756724429084
8.416730825758376e-8	32771.09479403313162
8.632745572502829e-8	32280.391344136052794
8.854304305560158e-8	31797.035524132152204
9.081549331556351e-8	31320.91731306058864
9.314626597254907e-8	30851.928337377714342
9.553685774872567e-8	30389.961846289192181
9.798880347395033e-8	29934.912687451505917
1.0050367864524136e-7	29486.677283037282905
1.0308309772046396e-7	29045.153606158997718
1.0572871724657326e-7	28610.241157645745261
1.0844223671277171e-7	28181.840943167699152
1.1122539798173751e-7	27759.855450703125825
1.1407998927102505e-7	27344.188628342813899
1.1700784316236465e-7	26934.745862426811072
1.20010840583063e-7	26531.433956008586392
1.2309090938407448e-7	26134.16110764160112
1.2625002775263001e-7	25742.836890483595198
1.2949022506539438e-7	25357.372231713692599
1.328135816040804e-7	24977.679392257745349
1.362222316836921e-7	24603.671946817270509
1.3971836450568206e-7	24235.264764197374461
1.4330422557987997e-7	23872.373987929313444
1.469821172932642e-7	23514.917017183161079
1.5075440175381927e-7	23162.812487966235494
1.5462350192807882e-7	22815.980254603262438
1.585919019255112e-7	22474.341371493501356
1.6266215069553437e-7	22137.818075141360168
1.6683686202751566e-7	21806.333766455900332
1.7111871711024374e-7	21479.812993315437779
1.755104656694712e-7	21158.181433393208863
1.8001492795861528e-7	20841.365877240205009
1.846349970338433e-7	20529.294211621298018
1.8937363989161592e-7	20221.895403100901603
1.942338994593873e-7	19919.099481874422054
1.9921889743946259e-7	19620.837525841794559
2.0433183487776914e-7	19327.041644919510873
2.0957599557648584e-7	19037.644965587536717
2.1495474694719998e-7	18752.581615667637379
2.2047154370792216e-7	18471.786709329626319
2.261299287362434e-7	18195.196332322095259
2.3193353562880684e-7	17922.747527424344298
2.3788609182955096e-7	17654.378280116110545
2.4399141976725246e-7	17390.027504461875651
2.5025344055254113e-7	17129.635029206569015
2.5667617568421404e-7	16873.141584079432505
2.6326374960870745e-7	16620.488786302965309
2.7002039313272554e-7	16371.619127303993082
2.769504454139409e-7	16126.475959623418021
2.8405835708923734e-7	15885.003484022456178
2.913486925497961e-7	15647.146736781383879
2.988261339224961e-7	15412.851577189036107
3.0649548334500014e-7	15182.06467521907507
3.143616660939978e-7	14954.733499391330042
3.2242973371344865e-7	14730.806304814374016
3.3070486771159713e-7	14510.232121407671002
3.39192382120444e-7	14292.960742299545018
3.4789772804591824e-7	14078.942712399411903
3.5682649622734904e-7	13868.12931714061051
3.6598442045009445e-7	13660.472571392268946
3.7537738181132743e-7	13455.925208536766149
3.8501141327020803e-7	13254.440669711171722
3.948927010698121e-7	13055.973093209331637
4.0502759127800306e-7	12860.477304043100958
4.154225929156753e-7	12667.908803659447585
4.2608438108499756e-7	12478.223759811942728
4.370198035102845e-7	12291.378996583502158
4.4823588281308327e-7	12107.33198455893762
4.5973982163111636e-7	11926.040831144237018
4.7153900830599674e-7	11747.464271031236422
4.83641020011471e-7	11571.561656804633458
4.960536290099058e-7	11398.292949690086971
5.087848066336877e-7	11227.618710440403447
5.218427289729393e-7	11059.500090358631496
5.35235781994461e-7	10893.898822455170375
5.489725666606759e-7	10730.777212737650189
5.630619046173433e-7	10570.098131630891658
5.775128444500462e-7	10411.82500552568672
5.923346665187481e-7	10255.921808453773338
6.07536889498666e-7	10102.353053887816714
6.231292763523696e-7	9951.083786663823048
6.391218405862695e-7	9802.079575024863516
6.555248525071019e-7	9655.306502783574615
6.723488466159586e-7	9510.731161602339853
6.896046272960023e-7	9368.32064338885175
7.073032762064951e-7	9228.042532805548035
7.254561596768285e-7	9089.86489989140864
7.440749352473951e-7	8953.75629279392524
7.631715604855465e-7	8819.685730610224709
7.827582989576946e-7	8687.622696335069122
8.028477296140407e-7	8557.537129914759134
8.234527538982187e-7	8429.399421404745226
8.445866045632538e-7	8303.180404229991836
8.662628536343631e-7	8178.851348545968904
8.884954223624565e-7	8056.383954699323112
9.112985877650087e-7	7935.750346786214322
9.346869948546466e-7	7816.923066307359477
9.586756637487925e-7	7699.875065917828579
9.832799996231653e-7	7584.579703270680511
1.0085158040872098e-6	7471.010734952532402
1.0343992834312842e-6	7359.142310510192146
1.060947060286475e-6	7248.948966566470517
1.088176183862483e-6	7140.405621024367065
1.1161041404698972e-6	7033.487567357774424
1.1447488663175527e-6	6928.170468987937056
1.1741287566128743e-6	6824.430353743856358
1.204262679212392e-6	6722.243608405889972
1.2351699868503283e-6	6621.586973330817273
1.2668705282296428e-6	6522.437537157619772
1.2993846613881606e-6	6424.772731592306627
1.3327332673490896e-6	6328.570326271052181
1.3669377623496065e-6	6233.808423700035746
1.4020201134820724e-6	6140.465454271262388
1.4380028500694641e-6	6048.520171352804027
1.474909081012902e-6	5957.951646452771456
1.512762507304626e-6	5868.739264455485682
1.551587439091137e-6	5780.862718929185576
1.5914088096081002e-6	5694.302007503802997
1.6322521922434881e-6	5609.037427318140544
1.6741438173163423e-6	5525.049570535027669
1.7171105877179858e-6	5442.319319923827606
1.7611800968283277e-6	5360.827844508896305
1.8063806464321628e-6	5280.556595283374918
1.852741264635475e-6	5201.48730098705073
1.9002917246348966e-6	5123.601963947437071
1.949062563202779e-6	5046.882855983241825
1.999085101731742e-6	4971.312514369006749
2.050391464719743e-6	4896.873737860343681
2.10301460166778e-6	4823.549582778525291
2.1569883072712838e-6	4751.323359153862839
2.2123472436021993e-6	4680.178626926665856
2.269126962859849e-6	4610.099192205263535
2.327363929268636e-6	4541.069103579878174
2.3870955426820565e-6	4473.07264849186322
2.448360163324264e-6	4406.094349657152634
2.5111971359628546e-6	4340.11896154340775
2.5756468143660425e-6	4275.131466899773841
2.6417505886036907e-6	4211.117073338741648
2.709550911210799e-6	4148.061209969044285
2.7790913236353795e-6	4085.949524079119328
2.850416485530186e-6	4024.750970092714852
2.9235722020537476e-6	3964.29893640129194
2.998605454299642e-6	3904.74847279605774
3.0755644291569987e-6	3846.086233143465051
3.15449855002416e-6	3788.299067357533204
3.235458508944268e-6	3731.374018543484908
3.3184962990252427e-6	3675.298320182496809
3.403665247428525e-6	3620.059393357257704
3.4910200500641384e-6	3565.644844017458581
3.580616807138909e-6	3512.042460284929803
3.6725130578515216e-6	3459.240209797595526
3.7667678187846007e-6	3407.226237091932489
3.863441620590466e-6	3355.988861023136451
3.962596548089528e-6	3305.516572222717059
4.064296279231128e-6	3255.798030592721261
4.168606125760705e-6	3206.822062836312398
4.275593076446426e-6	3158.577660023947374
4.385325838883893e-6	3111.053975194872692
4.497874884144699e-6	3064.240320993204023
4.6133124917093825e-6	3018.126167338317373
4.7317127966754565e-6	2972.701139128848354
4.853151836112284e-6	2927.955013980017611
4.9777075988285876e-6	2883.877719993609844
5.105460075708721e-6	2840.459333560332652
5.23649131004895e-6	2797.690077193926754
5.370885450453196e-6	2755.560317396634673
5.50872880628826e-6	2714.060562555665001
5.650109900863957e-6	2673.181460870005139
5.795119530300961e-6	2632.913798307387424
5.943850820407954e-6	2593.248496590752893
6.096399287540182e-6	2554.176611213977594
6.252862899173608e-6	2515.689329486278439
6.41334213732294e-6	2477.777968605045771
6.577940062244037e-6	2440.433973756526029
6.7467623804020965e-6	2403.648916244132579
6.91991751016477e-6	2367.414491643804922
7.0975166526142015e-6	2331.722517986209368
7.279673863212248e-6	2296.564933965219552
7.46650612460322e-6	2261.933797172471259
7.658133421122947e-6	2227.821282357447217
7.854678817289247e-6	2194.219679712886773
8.056268535723621e-6	2161.121393185006127
8.263032038769955e-6	2128.518938808312214
8.475102110682004e-6	2096.404943064526833
8.69261494464543e-6	2064.772141265394112
8.915710228377908e-6	2033.613375958907682
9.144531235132568e-6	2002.921595358756576
9.3792249152702e-6	1972.689851796502353
9.619941990106553e-6	1942.911300348647274
9.866837050309796e-6	1913.579212472700192
0.00001012006865259168	1884.686986178302504
0.000010379799424361486	1856.228118034487579
0.00001064619616610489	1828.196198680081807
0.000010919429959166167	1800.584911505834952
0.00001119967627637424	1773.38803135421108
0.00001148711509352189	1746.599423236507619
0.000011781931005395147	1720.213041067209133
0.000012084313344646521	1694.222926415240636
0.000012394456302943339	1668.62320727202291
0.000012712559056097456	1643.408096836012874
0.00001303882589147009	1618.571892313635317
0.000013373466339926792	1594.10897373627904
0.000013716695309214358	1570.013802793282366
0.000014068733223025469	1546.28092168060266
0.00001442980616262278	1522.904951965016835
0.0000148001460110225	1499.880593463692776
0.00001517999060258129	1477.202623138846775
0.000015569583876280173	1454.865894007408542
0.00001596917603043039	1432.865334065386833
0.000016379023686195197	1411.195945226870435
0.000016799390050258503	1389.852802277360297
0.000017230545084034393	1368.831051841357976
0.000017672765677995602	1348.125911363937121
0.000018126335829130193	1327.732668106204983
0.000018591546822664062	1307.646678154389292
0.00001906869742003992	1287.863365442469103
0.000019558094050308887	1268.378220788080398
0.00002006005100692543	1249.186800941625961
0.000020574890649661238	1230.284727648322132
0.00002110294361135367	1211.667686723103543
0.00002164454901119504	1193.331427138147774
0.00002220005467143458	1175.27176012292648
0.00002276981734090561	1157.484558276544249
0.000023354202925093623	1139.965754692293785
0.000023953586719332582	1122.71134209417778
0.00002456835365195474	1105.717371985336513
0.00002519889852999991	1088.979953808132905
0.000025845626292887567	1072.495254115835905
0.00002650895227348294	1056.259495755663465
0.000027189302463713306	1040.268957063120524
0.00002788711378814709	1024.519971067405777
0.000028602834385820095	1009.008924707823326
0.000029336923896896374	993.732258060971731
0.000030089853757860615	978.686463578652933
0.000030862107504673346	963.868085336283912
0.000031654181083888924	949.273718291744672
0.00003246658316946128	934.900007414886431
0.00003329983549120943	920.743642956872804
0.000034154473168970726	906.801359417233698
0.000035031045055570085	893.069939585779821
0.00003593011409144897	879.546214105849231
0.00003685225766384463	866.22706077285568
0.000037798067979051	853.109403842898246
0.00003876815244207369	840.190213351310263
0.00003976313404709161	827.466504441025563
0.0000407836517775877	814.935336700583093
0.00004183036101558002	802.593813511684289
0.000042903933964503344	790.439081406118476
0.00004400506007948482	778.468329431977395
0.000045134446510132516	766.678788528974564
0.00004629281855526829	755.067730912796719
0.0000474809201284672	743.632469468303611
0.00004869951423582557	732.370357151510461
0.000049949383465957635	721.278786400171839
0.000051231330491936353	710.355188552899563
0.00005254617858859113	699.59703327664522
0.00005389477215862136	689.001828002477282
0.000055277977277479576	678.567117369488642
0.00005669668224792363	668.2904826767641
0.000058151798170210094	658.169541343255332
0.000059644259529350844	648.20194637548866
0.0000611750247926075	638.385385842955316
0.00006274507702689284	628.717582361117707
0.00006435542452896965	619.196292581883768
0.00006600710147413463	609.81930669148187
0.00006770116857912148	600.584447915592818
0.00006943871378405796	591.489572031677767
0.0000712208529509173	582.532566888357564
0.00007304873058017022	573.711351931784407
0.0000749235205462065	565.023877738868691
0.0000768464268503884	556.468125557302301
0.00007881868439457991	548.042106852239044
0.00008084155977486735	539.743862859585192
0.00008291635209348069	531.571464145758568
0.00008504439379517192	523.523010173869466
0.00008722705152094124	515.596628876189129
0.00008946572698678879	507.790476232858225
0.00009176185788351128	500.102735856706545
0.00009411691880067129	492.531618584134037
0.00009653242217217975	485.075362071933455
0.00009900991924917967	477.732230400000162
0.0001015510010951118	470.50051367982104
0.00010415729960808137	463.378527668669676
0.00010683048856910404	456.364613389438603
0.00010957228471594634	449.457136538344855
0.0001123844488468268	442.654484402163746
0.00011526878695056486	435.95506650738912
0.00011822715136630605	429.357316440690511
0.0001212614419739605	422.859691533593207
0.00012437360741308047	416.460672503097328
0.00012756564633501055	410.158763097710448
0.00013083960868688952	403.952489748840719
0.00013419759702664987	397.840401227439202
0.0001376417678749876	391.821068305844506
0.00014117433309918342	385.893083424718896
0.00014479756133417817	380.055060365030897
0.00014851377943862778	374.305633924978395
0.00015232537399077252	368.643459601805318
0.00015623479281928513	363.067213278413135
0.00016024454657677744	357.575590914718475
0.00016435721035141417	352.167308243661807
0.0001685754253206161	346.841100471821562
0.00017290190044742107	341.595721984539182
0.00017733941422064023	336.429946055512403
0.00018189081643852565	331.342564560764401
0.00018655903003879224	326.332387696946455
0.0001913470529764171	321.398243703887999
0.0001962579601492153	316.538978591348609
0.0002012949053706237	311.753455869889876
0.00020646112339822457	307.040556285825744
0.0002117599320077708	302.399177560167857
0.00021719473412664764	297.828234131526756
0.000222769020017671	293.326656902890022
0.0002284863695206157	288.893392992237921
0.00023435045435204308	284.527405486918099
0.00024036504046285887	280.227673201744835
0.000246533990456445	275.993190440744058
0.0002528612660699252	271.822966762511783
0.0002593509307179959	267.716026749108494
0.00026600715210244914	263.67140977845861
0.00027283420488909604	259.688169800184369
0.0002798364734520892	255.765375114829652
0.00028701845469133205	251.90210815642763
0.00029438476091785674	248.097465278348807
0.0003019401228188298	244.350556542395338
0.0003096893924928014	240.660505511077332
0.0003176375465677105	237.026449043038383
0.00032578968939652716	233.447537091567
0.00033415105633423007	229.92293250616467
0.0003427270171015206	226.451810837105143
0.00035152307923243145	223.033360142960191
0.0003605448916109477	219.666780801027983
0.0003697982480994843	216.35128490777845
0.0003792890912597895	213.086093517396961
0.0003890235161688325	209.870438319770869
0.0003990077743328045	206.703562862589678
0.0004092482777029297	203.584722371973697
0.00041975160279251805	200.51318356939953
0.0004305244949000929	197.488224491553126
0.00044157387244257734	194.509134313050652
0.00045290683139683006	191.575213171992374
0.0004645306498577805	188.685771998291557
0.00047645279271173955	185.840132344745797
0.0004886809164308588	183.037626220793726
0.0005012228739904447	180.277595928925138
0.0005140867199116861	177.559393903690562
0.0005272807154337782	174.882382553279342
0.0005408133338205601	172.245934103612342
0.0005546932658016678	169.649430444921194
0.0005689294251530348	167.092262980761603
0.0005835309544224314	164.573832479432241
0.0005985072308003229	162.09354892775039
0.0006138678721420228	159.650831387155677
0.0006296227431445508	157.245107852094151
0.0006457819616807565	154.875815110656674
0.0006623559052989558	152.542398607423877
0.0006793552178858042	150.244312308492994
0.000696790816502646	147.981018568640735
0.0007146738983964754	145.751988000598175
0.0007330159481909154	143.556699346392605
0.0007518287452609081	141.394639350733996
0.0007711243712985128	139.265302636403561
0.0007909152180715193	137.168191581617293
0.0008112139953816965	135.102816199333148
0.0008320337392263808	133.068694018465521
0.0008533878201710752	131.065349966983462
0.0008752899519356244	129.092316256853906
0.0008977542002016418	127.149132270809218
0.0009207949916451683	125.235344450900357
0.0009444271232019605	123.350506188816198
0.0009686657715696717	121.494177717931294
0.0009935265029551725	119.665926007063391
0.0010190252830701424	117.865324655904374
0.0010451784873854487	116.091953792105826
0.0010720029116474488	114.345399969985337
0.0010995157826633193	112.625256070834283
0.0011277347693653664	110.931121204794479
0.0011566779941577338	109.262600614285432
0.0011863640445540368	107.619305578950431
0.001216811985115589	106.000853322104021
0.0012480413696942113	104.406867147573962
0.0012800722539892825	102.836977075822944
0.0013129252084284233	101.290818984950533
0.001346621331378068	99.768034253856086
0.0013811822626916001	98.268269678950034
0.0014166301976087064	96.791177392137684
0.0014529879010070834	95.336414780044478
0.0014902787220244153	93.903644404472217
0.001528526609050906	92.49253392405916
0.0015677561251114193	91.102756017133515
0.0016079924636380812	89.73398830573511
0.001649261464650975	88.385913280793332
0.0016915896313523342	87.058218228438392
0.0017350041471464615	85.750595157434091
0.0017795328930984519	84.462740727709004
0.0018252044658382668	83.19435617997577
0.0018720481959257982	81.945147266415319
0.001920094166688009	80.71482418241618
0.0019693732335381107	79.50310149934667
0.0020199170437907098	78.30969809835004
0.0020717580569865708	77.134337105142294
0.002124929565737808	75.976745825799355
0.0021794657171091436	74.836655683520121
0.0022354015345466063	73.713802156346361
0.0022927729403710226	72.607924715829881
0.0023516167788453987	71.51876676662765
0.0024119708398395094	70.446075587015414
0.0024738738830956818	69.389602270301196
0.0025373656631233537	68.349101667129602
0.0026024869547275294	67.324332328658826
0.0026692795791953025	66.315056450601475
0.0027377864311543838	65.3210398181117
0.002808051506119272	64.342051751510127
0.0028801199287461178	63.377865052829542
0.0029540379818121945	62.428255953172915
0.0030298531359379127	61.493004060867555
0.0031076140800738164	60.571892310407087
0.003187370752768803	59.664706912165194
0.003269174374240301	58.771237302873907
0.003353077479269166	57.891276096849978
0.003439133950936651	57.024619037962644
0.0035273990552293116	56.17106495232737
0.0036179294765312053	55.33041570171823
0.0037107833540261145	54.502476137684319
0.0038060203190365457	53.687054056363337
0.0039037015333165523	52.883960153977853
0.004003889728333652	52.093007983007666
0.00410664924555207	51.314013908684778
0.004212046077755407	50.546796925230211
0.004320147911427226	49.79117840840766
0.004431024170218275	49.046982395431968
0.004544746059533336	48.314035601486864
0.004661386612257044	47.592167378560681
0.00478102073565819	46.881209674921294
0.0049037252594944306	46.180996995223623
0.005029578985352921	45.491366361236508
0.005158662737257902	44.812157273182244
0.005291059413575363	44.143211671676148
0.005426854040252044	43.484373900259449
0.005566133825418062	42.835490668513927
0.005708988215394418	42.196411015750236
0.005855508952134072	41.566986275261286
0.006005790132140419	40.947070039130061
0.006159928266896413	40.336518123585641
0.006318022344844455	39.735188534895919
0.006480173894957684	39.142941435791613
0.006646487051942252	38.559639112410103
0.006817068623113743	37.985145941754084
0.006992028156988751	37.419328359653797
0.0071714780136382114	36.862054829227937
0.007355533436845446	36.313195809832621
0.007544312628116705	35.772623726493258
0.007737936822590543	35.24021293980946
0.007936530366895534	34.715839716327871
0.008140220799007192	34.199382199373026
0.008349138930153079	33.690720380331896
0.008563418928820617	33.189736070382025
0.008783198406920868	32.696312872659313
0.009008618508164515	32.210336154855632
0.009239823998703572	31.731693022242297
0.009476963360103056	31.260272291110294
0.009720188884694662	30.795964462622887
0.009969656773381587	30.338661697072105
0.01022552723595132	29.888257788534972
0.010487964593961868	29.444648139920996
0.01075713738627274	29.007729738406955
0.011033218477278757	28.57740113125093
0.01131638516792629	28.153562401981663
0.01160681930957731	27.736115146955338
0.01190470742079413	27.32496245227615
0.012210240807123782	26.920008871072927
0.012523615683954676	26.521160401128345
0.012845033302528196	26.12832446285314
0.013174700079183496	25.741409877602052
0.013512827727918215	25.360326846324224
0.013859633396353597	24.984986922688986
0.014215339805187865	24.615302644247695
0.014580175391228039	24.251187341001362
0.014954374454094579	23.892555645256955
0.015338177306688471	23.539323519476703
0.015731830429523665	23.191408234863381
0.016135586629016468	22.848728350305187
0.016549705199840496	22.511203691675476
0.016974452091446508	22.178755331479621
0.01741010007885761	21.851305568844602
0.017856928937846364	21.528777909843988
0.018315225624608543	21.211097048153956
0.01878528446004879	20.898188846033236
0.019267407318794196	20.589980315622824
0.019761903823061193	20.286399600558731
0.020269091541494946	19.987375957893601
0.020789296193116858	19.692839740320661
0.021322851856500544	19.402722378696222
0.02187010118432009	19.116956364854275
0.022431395623404068	18.83547523470942
0.023007095640436265	18.55821355164219
0.023597570953449973	18.285106890162954
0.02420320076926247	18.016091819848601
0.02482437402700479	17.751105889548633
0.025461489647900567	17.490087611854705
0.026114956791454907	17.232976447830605
0.02678519511822002	16.979712791996903
0.0274726350593033	16.730237957567276
0.028177718092793135	16.484494161931004
0.028900897027278383	16.242424512378719
0.02964263629264505	16.00397299206621
0.03040341223833549	15.76908444621332
0.031183713439264137	15.537704568533011
0.03198404100958175	15.309779887887695
0.03280490892449508	15.085257755168167
0.0336468443503435	14.864086330392286
0.03451038798315112	14.646214570018817
0.03539609439586118	14.431592214473882
0.03630453239448971	14.220169775885452
0.037236285383414156	14.011898526023435
0.03819195174003993	13.806730484441024
0.039172145199081784	13.604618406814838
0.04017749524670738	13.405515773479939
0.041208647524798706	13.209376778156704
0.04226626424558566	13.0161563168668
0.04335102461692362	12.825809977034343
0.04446362527848423	12.638294026770167
0.04560478074914203	12.453565404335281
0.04677522388584272	12.271581796431358
0.04797570635424831	12.092303478319025
0.04920699911146129	11.915693131111917
0.05046989290113778	11.741713926895986
0.051765198761308286	11.57032944471492
0.053093748545231	11.401503668971896
0.05445639545561334	11.2352009877513
0.055854014592543015	11.0713861910634
0.05728750351548347	10.910024469016364
0.05875778281969169	10.751081409918475
0.060265796727429946	10.594522998314735
0.06181251369435129	10.440315612960433
0.06339892703144692	10.288426024735768
0.06502605554295814	10.13882139450391
0.06669494418065654	9.991469270916305
0.06840666471492028	9.846337588167556
0.07016231642302884	9.703394663703454
0.07196302679512985	9.562609195884319
0.07380995225831483	9.423950261607057
0.07570427891928852	9.287387313887942
0.07764722332608989	9.152890179409376
0.07964003324936997	9.02042905603247
0.08168398848371412	8.889974510278545
0.08378040166953818	8.761497474781251
0.08593061913606946	8.634969245712263
0.0881360217659713	8.510361480182109
0.09039802588215223	8.387646193618913
0.09271808415733768	8.266795757126566
0.09509768654698454	8.147782894824847
0.09753836124614171	8.03058068117296
0.10004167567086297	7.915162538278895
0.10260923746481403	7.801502233195862
0.10524269553170836	7.68957387520815
0.10794374109424609	7.57935191310755
0.11071410878022488	7.470811132462498
0.11355557773652898	7.363926652881103
0.11646997277170978	7.25867392526977
0.11945916552788657	7.15502872908901
0.12252507568272791	7.052967169607485
0.1256696721822798	6.952465675156082
0.12889497450543477	6.85350099438285
0.13220305396085316	6.756050193510524
0.13559603501717096	6.660090653597325
0.13907609666734438	6.565600067802649
0.1426454738280162	6.472556438658249
0.14630645877478735	6.380938075346404
0.15006140261433593	6.29072359098556
0.1539127167943066	6.201891899924846
0.15786287465196172	6.114422654855253
0.16191441300256987	6.028300514811271
0.16606993376856685	5.943513023689437
0.1703321056505223	5.860047627282341
0.174703665841001	5.777891642364627
0.1791874217823971	5.697032269169176
0.18378625296989862	5.617456603425057
0.18850311280070883	5.539151647970952
0.19334103047074352	5.462104323956679
0.19830311291999114	5.386301481645832
0.20339254682781605	5.3117299108316
0.2086126006594565	5.23837635087814
0.21396662676505868	5.166227500398967
0.2194580635325704	5.095270026584167
0.22509043759590103	5.025490574187312
0.23086736609974037	4.95687577418331
0.23679255902251775	4.889412252107511
0.24286982155896572	4.823086636086767
0.24910305656384585	4.757885564572204
0.25549626705837925	4.693795693783873
0.26205355880101666	4.630803704876537
0.2687791429241767	4.568896310836209
0.2756773386386654	4.508060263116187
0.28275257600749315	4.448282358021701
0.2900093987908954	4.389549442851424
0.2974524673643567	4.3318484218044135
0.3050865617115337	4.275166261660356
0.31291658449399445	4.219489997240956
0.3209475641997283	4.164806736660178
0.3291846583724807	4.111103666370403
0.33763315692395035	4.058368056011879
0.3462984855310108	4.006587263072026
0.35518620912010423	3.9557487373614406
0.3643020354410809	3.9058400253127483
0.37365181873273956	3.856848774108638
0.38324156348246585	3.808762735644733
0.39307742828234016	3.761569770333193
0.4031657297842331	3.715257850752217
0.41351294675638645	3.669815065146828
0.42412572424412925	3.6252296207856936
0.43501087783735326	3.581489847178849
0.44617539804753986	3.5385841991606077
0.4576264547970942	3.496501259842063
0.4693714020239275	3.4552297434369805
0.4814177824041861	3.4147584979650256
0.4937733321962174	3.3750765078356357
0.5064459862088285	3.336172896316025
0.5194438828970819	3.298036927886166
0.5327753695888461	3.260657337688771
0.5464490078455155	3.2240189964166195
0.5604735789602817	3.1881056658677362
0.574858089597547	3.1529015717709843
0.5896117775770454	3.1183913967906194
0.6047441178064412	3.0845602708671134
0.6202648283661547	3.0513937617371725
0.6361838767503908	3.0188778656244293
0.652511486268305	2.9869989980927363
0.6692581426094946	2.9557439850537315
0.6864346005779507	2.9251000539208425
0.7040518909988792	2.8950548249017016
0.7221213278027441	2.8655963024213564
0.7406545152911609	2.836712866668597
0.7596633555892293	2.8083932652581254
0.779160056289172	2.7806266050012214
0.7991571382901025	2.7534023437780495
0.8196674438390348	2.726710282504707
0.8407041447782565	2.700540557188528
0.8622807510043483	2.674883631065375
0.884411119144343	2.6497302868128187
0.9071094614545117	2.6250716188335783
0.9303903549475862	2.600899025603684
0.9542687507541779	2.577204202080367
0.9787599837245129	2.5539791321647853
1.0038797822765346	2.531216081215297
1.029644278496821	2.5089075886070975
1.0560700185006766	2.4870464603346942
1.0831739730581793	2.465625761653822
1.1109735484928787	2.44463880976005
1.139486597860276	2.4240791665015706
1.1687314324131317	2.4039406311242426
1.1987268333610939	2.3842172330472557
1.2294920639320746	2.3649032246684167
1.2610468817432416	2.3459930741982964
1.2934115514894473	2.32748145852319
1.3266068579573738	2.309363256097041
1.3606541193736101	2.291633539863214
1.3955752010953872	2.27428757020721
1.4313925296526007	2.257320787942117
1.468129107150305	2.240728807328816
1.5058085260407648	2.224507409133627
1.54445498427471	2.208652533726303
1.5840933008413656	2.193160274221902
1.6247489317073986	2.178026869670277
1.66644798616485	2.1632486982974983
1.7092172435987258	2.1488222708037044
1.7530841706848321	2.134744223658719
1.7980769390290914	2.1210100561233363
1.8442244432594646	2.107611003329277
1.8915563195823104	2.094537675995878
1.940102964814882	2.0817810616716943
1.9898955559064022	2.069332505027116
2.040966069960031	2.0571836885371355
2.093347304768815	2.045326613560352
2.147072899878575	2.0337535818208403
2.2021773581914474	2.0224571772997875
2.2586960681238826	2.011430248544176
2.316665326333243	2.000665891399962
2.376122361027793	1.9901574321773061
2.4371053558748628	1.97989841125551
2.4996534745225714	1.9698825671352378
2.563806885751061	1.960103820945448
2.6296067892690624	1.9505562614123462
2.6970954421726314	1.9412341302972862
2.7663161860828387	1.9321318083102537
2.8373134749801316	1.9232438015050746
2.9101329037528743	1.9145647281620468
2.9848212374787035	1.9060893061630517
3.061426441457257	1.8978123408636187
3.1399977120139053	1.8897287134656526
3.220585508093848	1.8818333698938718
3.303241583667196	1.874121310178115
3.3880190209655896	1.8665875783429096
3.474972264572072	1.8592272528047442
3.5641571563856336	1.8520354372766625
3.655630971483268	1.8450072521787964
3.74945245490227	1.838137826552561
3.8456818593668065	1.8314222904752175
3.9443809839824793	1.8248557679706454
4.045613213924138	1.8184333704110878
4.1494435611421085	1.812150190403808
4.255938706113434	1.8060012961555378
4.365167040664363	1.7999817263068123
4.477198711892055	1.7940864852272906
4.592105667213346	1.7883105387623917
4.709961700570004	1.7826488104206817
4.830842499819514	1.7770961779907601
4.954825695342353	1.7716474705755783
5.0819909098965415	1.7662974660315143
5.212419809752075	1.7610408887988374
5.346196157137355	1.7558724081096864
5.48340586403187	1.7507866365591247
5.624137047339244	1.7457781290244105
5.768480085476662	1.7408413819171917
5.916527676416332	1.7359708443558308
6.068374897216557	1.73116293506031
6.2241192650810415	1.726418283700579
6.383860799984864	1.7217378823778933
6.547702088908003	1.7171225316149263
6.715748351717126	1.7125728509643117
6.888107508738701	1.7080892894080504
7.064890250065902	1.7036721355388205
7.2462101066445515	1.6993215275147933
7.432183523183176	1.6950374627802347
7.6229299329348095	1.6908198075448149
7.818571834397546	1.6866683060152479
8.019234869983924	1.682582589373565
8.225047906709019	1.6785621844970375
8.436143118949952	1.6746065224154334
8.652656073328863	1.6707149465020565
8.87472581577472	1.666886720395649
9.102494960819207	1.6631210356509745
9.336109783185027	1.6594170191165358
9.575720311724144	1.6557737400385912
9.821480425767373	1.652190216891224
10.073547953946315	1.6486654239328886
10.332084775552305	1.6451982974904187
10.59725692449596	1.6417877419720952
10.869234695935337	1.6384326356118863
11.14819275564019	1.6351318359475218
11.434310252163845	1.631884185035532
11.727770931893188	1.6286885144068564
12.028763257051853	1.6255436497670597
12.337480526731479	1.6224484154455783
12.654121001030047	1.6194016385987966
12.978888028375387	1.616402153172087
13.31199017611695	1.613448803626251
13.653641364468633	1.6105404484340733
14.004061003890202	1.6076759633529136
14.363474135993652	1.6048542444795337
14.732111578066474	1.6020742110934696
15.110210071303502	1.5993348082954522
15.49801243284418	1.5966350094474897
15.895767711710853	1.5939738184213321
16.30373134874927	1.5913502716620984
16.722165340674852	1.5887634400738948
17.151338408328165	1.5862124307342982
17.59152616924928	1.583696388444548
18.043011314680548	1.5812144971223032
18.506083791113337	1.578765981043758
18.981040986492967	1.5763501059418756
19.468187921203278	1.5739661799674174
19.967837443952032	1.5716135475563566
20.480310432685062	1.5692913141836362
21.005936000655492	1.5669982568559557
21.54505170778252	1.5647331751675897
22.098003777433874	1.5624949172700837
22.66514731877342	1.560282379857422
23.246846554813846	1.5580945080766175
23.84347505632318	1.5559302953684504
24.45541598173353	1.553788783242937
25.08306232320876	1.5516690609939785
25.726817159025753	1.5495702653575025
26.387093912434082	1.5474915801172462
27.064316617158177	1.5454322356622026
27.75892018971546	1.5433915084995775
28.471350708721612	1.541368720726986
29.202065701365363	1.5393632394674333
29.9515344372344	1.5373744762705057
30.720238229684345	1.5354018864830132
31.508670744940293	1.53344496859222
32.31733831913271	1.531503263544612
33.14676028346861	1.5295763540430334
33.99746929775055	1.527663863824867
34.87001169245313	1.525765456923808
35.76494781958015	1.5238808369176262
36.68285241252507	1.5220097461642055
37.624314955169794	1.5201519650279804
38.589940060453735	1.5183073110988143
39.58034785866049	1.5164756384051912
40.59617439566811	1.5146568366235131
41.63807204142327	1.5128508302851604
42.70670990889643	1.5110575779828637
43.80277428378925	1.5092770715778376
44.92696906527326	1.5075093354090219
46.08001621803696	1.5057544255056639
47.262656235936504	1.504012428804408
48.47564861754408	1.5022834623719428
49.7197723539044	1.5005676726341757
50.99582642880618	1.498865234612844
52.30463033189506	1.4971763511703589
53.64702458495332	1.4955012522636295
55.02387128169026	1.4938401942075332
56.43605464138254	1.4921934589486334
57.884481576725925	1.4905613533496815
59.37008227625845	1.4889442084853821
60.89381080173559	1.4873423789498361
62.45664570083285	1.4857562421760375
64.05959063557587	1.4841861977677282
65.70367502689646	1.4826326668438947
67.38995471573558	1.4810960607788248
69.11951264110907	1.479576292678532
70.89345953557853	1.4780728632860993
72.71293463856853	1.476585279960621
74.57910642799601	1.4751130692545795
76.49317337067188	1.4736557762624232
78.45636469196475	1.4722129639882664
80.46994116521464	1.4707842127323418
82.53519592141255	1.4693691194958205
84.65345527965488	1.467967297403614
86.82607959891459	1.4665783751447825
89.05446415166972	1.4652019964301475
91.34004001995926	1.4638378194667163
93.68427501443038	1.4624855164485455
96.0886746169766	1.461144773063633
98.55478294756466	1.4598152880164603
101.08418375588163	1.4584967725657902
103.67850143842595	1.4571889500773487
106.33940208170618	1.4558915555909884
109.06859453220873	1.4546043354019733
111.86783149383383	1.453327046656001
114.73891065349059	1.4520594569575904
117.68367583557979	1.4508013439914793
120.7040181861139	1.4495524951566576
123.80187738721932	1.448312707212692
126.97924290281365	1.4470817859379883
130.23815525624792	1.445859545799647
133.5807073407483	1.444645809634575
137.0090457634812	1.4434404083415224
140.52537222411945	1.4422431805837213
144.131944928783	1.4410539725018017
147.83108004027858	1.4398726374366826
151.62515316554936	1.4386990356621183
155.51660088130637	1.4375330341266186
159.50792229880844	1.436374506204439
163.6016806688129	1.4352233314553569
167.8005050277065	1.4340793953929598
172.10709188589084	1.4329425892611705
176.52420695949277	1.4318128098187504
181.05468694653115	1.430689959131507
185.70144134865674	1.42957394437198
190.4674543396544	1.4284646776263317
195.35578668189206	1.427362075708229
200.36957769196886	1.4262660599794663
205.51204725679804	1.4251765561771155
210.7864979014403	1.424093494246981
216.19631690999992	1.4230168081831407
221.74497850096756	1.4219464358733747
227.43604605837862	1.4208823159056088
233.27317442024318	1.4198243636510293
239.26011222569858	1.418772484003295
245.4007043224177	1.4177265850725191
251.69889423578724	1.4166865781760698
258.15872670146666	1.4156523777147805
264.78435026293477	1.4146239010537973
271.5800199357205	1.4136010684078952
278.55009993999215	1.412583802731116
285.69906650328966	1.411572029610558
293.0315107351774	1.4105656771641835
300.55214157569424	1.4095646759424847
308.2657888194553	1.4085689588338817
316.17740621737966	1.407578460973708
324.2920746580102	1.4065931196566588
332.6150054305042	1.4056128742525715
341.1515435713484	1.4046376661254203
349.9071712969663	1.403667438555405
358.88751152444496	1.40270213666402
368.09833148259713	1.401741707341993
377.5455464157155	1.4007860991799932
387.23522338236717	1.399835262401996
397.1735851517121	1.3988891488012147
407.3670141997916	1.3979477116784982
417.8220568083997	1.397010905783106
428.54542726913223	1.3960786872557713
439.5440121953635	1.3951510135739618
450.8248749448593	1.3942278434992608
462.39526015591434	1.39330913702679
474.2625983998894	1.3923948553365906
486.43451095318903	1.3914849607468935
498.9188146916781	1.3905794166692067
511.7235271107338	1.3896781875651503
524.8568714741155	1.388781238904971
538.327282095015	1.3878885371276768
552.1434097526108	1.3870000496027255
566.314127247657	1.3861157445932077
580.848535100634	1.385235591220476
595.7559673961822	1.3843595594301474
611.0459977774909	1.3834876199594464
626.728445594559	1.3826197443058237
642.8133822102232	1.381755904696805
659.3111374680735	1.3808960740610252
676.2323063263256	1.3800402260003988
693.5877556619745	1.3791883347633835
711.3886312495503	1.3783403752193
729.6463649190308	1.3774963228336552
748.3726818974128	1.3766561536444433
767.5796083387334	1.3758198424349932
787.2794790473174	1.3749873554285672
807.4849453992967	1.3741586565006922
828.2089834673774	1.3733337100127823
849.4649023541645	1.3725124807937616
871.2663527393239	1.3716949341214288
893.627335646168	1.3708810357045564
916.5622114331785	1.3700707516657014
940.0857090162975	1.369264048524695
964.2129353279638	1.3684608931827908
988.9593850188511	1.3676612529074383
1014.3409504086396	1.366865095317661
1040.373931692132	1.3660723883700183
1067.0750474073789	1.365283100345121
1094.4614451723974	1.3644971998346853
1122.5507126974899	1.3637146557290991
1151.360889080147	1.3629354372054872
1180.9104763899104	1.362159513716245
1211.218451550485	1.3613868549780337
1242.3042785268485	1.3606174309612111
1274.1879208250946	1.3598512118796853
1306.8898543131672	1.3590881681811688
1340.431080370554	1.3583282705378257
1374.8331393755166	1.3575714898372873
1410.1181245384137	1.3568177971740307
1446.3086960901517	1.3560671638410964
1483.4280958346842	1.355319561322139
1521.5001620750581	1.3545749612837952
1560.5493449224762	1.3538333355683558
1600.600721998366	1.35309465618673
1641.6800145393418	1.3523588953116914
1683.8136039155577	1.351626025271393
1727.0285485729376	1.3508960185431427
1771.352601410343	1.3501688477474247
1816.8142276026042	1.3494444856421641
1863.4426228810562	1.348722905117216
1911.2677322831573	1.3480040791890804
1960.3202693834544	1.3472879809958218
2010.6317360179728	1.3465745837921996
2062.234442514915	1.3458638609449856
2115.161528444489	1.3451557859284764
2169.446983901429	1.3444503323201786
2225.1256713335815	1.3437474737966726
2282.2333479308095	1.3430471841296352
2340.806688588415	1.3423494371820315
2400.8833094600723	1.3416542069044473
2462.501792115102	1.3409614673315777
2525.7017083157366	1.3402711925803585
2590.5236454304513	1.3395833588172528
2657.009232499342	1.33889794813453
2725.2011669685908	1.3382149437760962
2795.143242110942	1.3375343290543735
2866.880375150123	1.3368560873475488
2940.458636106883	1.3361802020969402
3015.925277385476	1.3355066568044596
3093.328764119357	1.3348354350301865
3172.718805295912	1.3341665203900335
3254.1463856797836	1.333499896553506
3337.6637985556436	1.3328355472415525
3423.324679311157	1.332173456224502
3511.184039882099	1.3315136073200802
3601.298304081256	1.3308559843915106
3693.7253438341877	1.3302005713456875
3788.52451634483	1.3295473521314247
3885.756702215196	1.3288963107377731
3985.484344543173	1.3282474311924053
4087.7714890239063	1.3276006975600667
4192.683825080221	1.3269560939410887
4300.288728048935	1.3263136044699582
4410.655302449594	1.3256732133139495
4523.854426363878	1.325034904671807
4639.958796953795	1.324398662772483
4759.042977148446	1.323764471873925
4881.18344352864	1.3231323162619117
5006.458635440706	1.3225021802489372
5134.94900537056	1.3218740481731373
5266.737070610996	1.321247904397262
5401.907466254645	1.320623733307686
5540.546999547224	1.3200015193134622
5682.744705635512	1.3193812468454098
5828.591904746498	1.3187629003552428
5978.1822608336215	1.318146464314728
6131.611841728423	1.317531923214884
6288.979180835701	1.3169192615652072
6450.385340412529	1.3163084638929279
6615.933976470919	1.3156995147423018
6785.731405346193	1.315092398673925
6959.886671974259	1.3144871002640786
7138.511619920747	1.3138836041040989
7321.720963207712	1.3132818947997724
7509.632359983471	1.3126819569707586
7702.366488083692	1.3120837752500298
7900.047122531213	1.3114873342833397
8102.801215025228	1.3108926187287073
8310.758975470206	1.310299613255928
8524.053955597814	1.3097083025997012
8742.823134734435	1.309118676520382
8967.207007770221	1.3085307338229457
9197.34967538552	1.307944474268231
9433.398936593585	1.3073598976266663
9675.506383657732	1.3067770036778843
9923.827499444955	1.3061957922103515
10178.52175727767	1.3056162630210169
10439.752723348869	1.3050384159149695
10707.688161765054	1.304462250705113
10982.500142285491	1.3038877672118516
11264.36515082615	1.3033149652627911
11553.464202800482	1.3027438446924469
11849.982959368313	1.302174405341971
12154.11184666873	1.3016066470588823
12466.046178112541	1.3010405696968137
12785.986279814257	1.3004761731152654
13114.137619242385	1.2999134571793705
13450.710937172058	1.299352421759669
13795.922383023672	1.2987930667318903
14149.993653675892	1.2982353919767466
14513.152135840377	1.2976793973797314
14885.631052091076	1.2971250828309286
15267.669610640787	1.2965724482248289
15659.51315896271	1.2960214934601526
16061.413341353698	1.2954722184396792
16473.628260541933	1.2949246230700855
16896.422643441616	1.29437870726179
17330.068011162883	1.2938344709288023
17774.842853383958	1.2932919139885777
18231.032807198542	1.2927510363618802
18698.93084055442	1.292211837972652
19178.837440398747	1.2916743187478814
19671.060805652847	1.2911384786174842
20175.91704513889	1.2906043175141861
20693.73038058768	1.290071835373408
21224.833354855302	1.2895410321331604
21769.567045484422	1.2890119077339366
22328.281283745742	1.288484462118617
22901.334879302674	1.2879586952323692
23489.09585064046	1.2874346070225604
24091.94166141021	1.2869121974386661
24710.25946283764	1.2863914664321865
25344.446342354964	1.2858724139565658
25994.90957861216	1.2853550399671143
26662.06690303414	1.284839344420933
27346.34676808966	1.2843253272768413
28048.18862244718	1.28381298849531
28768.043193190748	1.2833092183380554
29506.372775280015	1.2828149906754098
30263.651528438073	1.2823218817789297
31040.365781660887	1.2818298870223317
31837.014345539912	1.2813390018070898
32654.10883260174	1.2808492215622147
33492.17398586778	1.2803605417440405
34351.74801584883	1.2798729578360086
35233.382946186175	1.2793864653484566
36137.644968165005	1.2789010598184096
37065.11480432486	1.278416736809371
38016.388081404686	1.2779334919111176
38992.07571285689	1.277451320739495
39992.804291180255	1.276970218936217
41019.216490320236	1.276490182168665
42071.97147839976	1.2760112061296895
43151.745341039896	1.2755332865374154
44259.23151554668	1.2750564191350464
45395.14123623951	1.2745805996906732
46560.203991212016	1.2741058239970837
47755.16799081278	1.2736320878715721
48980.80064814957	1.273159387155755
50237.88907192863	1.2726877177153832
51527.24057193935	1.27221707544016
52849.68317751421	1.2717474562435591
54206.06616929272	1.2712788560626442
55597.260624636794	1.2708112708578914
57024.159977040465	1.2703446966130114
58487.680589899035	1.2698791293347753
59988.762345001516	1.2694145650528414
61528.36924613091	1.2689509998195823
63107.49003815163	1.2684884297099157
64727.138841988235	1.2680268508211354
66388.3558058983	1.2675662592727444
68092.20777346456	1.267106651206289
69839.78896872651	1.2666480227851955
71632.2216988987	1.2661903701946062
73470.6570751212	1.2657336896412206
75356.27575171312	1.265277977353134
77290.2886843939	1.2648232295796802
79273.93790796763	1.264369442591275
81308.49733396283	1.2639166126792607
83395.27356874978	1.2634647361557525
85535.60675264851	1.2630138093534857
87730.87142057641	1.2625638286256649
89982.4773847803	1.2621147903458154
92291.87064023012	1.2616666909076326
94660.53429324311	1.2612195267248376
97089.98951394508	1.2607732942310295
99581.79651317227	1.260327989879542
102137.5555444522	1.2598836101433013
104758.9079316936	1.259440151514682
107447.53712325584	1.2589976105053688
110205.16977306671	1.2585559836462163
113033.57684949455	1.258115267487111
115934.57477267178	1.2576754585968348
118910.02658101253	1.2572365535629293
121961.84312766381	1.2567985489915618
125091.98430767198	1.2563614415073916
128302.46031663676	1.2559252277534378
131595.33294166822	1.2554899043909502
134972.71688548443	1.2550554680992771
138436.78112448254	1.254621915575739
141989.75030167063	1.2541892435354995
145633.90615534293	1.2537574487114407
149371.5889844317	1.2533265278540366
153205.19915145752	1.2528964777312293
157137.1986240589	1.2524672951283062
161170.112556078	1.252038976847779
165306.53090923672	1.2516115197092617
169549.11011642098	1.25118492054935
173900.5747876606	1.2507591762215042
178363.71945988538	1.2503342835959312
182941.41039160083	1.249910239559467
187636.58740361204	1.2494870410154608
192452.26576699674	1.2490646848836613
197391.53813952545	1.2486431681001025
202457.5765517929	1.2482224876169903
207653.63444430995	1.2478026404025917
212983.04875688563	1.2473836234411229
218449.24207162406	1.2469654337326406
224055.72481093637	1.2465480682929315
229806.09749194916	1.2461315241534061
235704.0530387817	1.24571579836099
241753.3791541573	1.2453008879780176
247957.96075189894	1.2448867900821288
254321.78245183782	1.2444735017661621
260848.93113876376	1.2440610201380524
267543.5985870401	1.243649342320728
274410.0841525974	1.243238465452009
281452.79753399856	1.2428283866845058
288676.26160437794	1.2424191031855194
296085.1153160493	1.2420106121369425
303684.11667968164	1.2416029107351598
311478.1458199142	1.2411959961909518
319472.208109406	1.2407898657293965
327671.437383308	1.2403845165897749
336081.09923625615	1.2399799460254752
344706.59440396156	1.2395761513038976
353553.4622315885	1.239173129706362
362627.3842311695	1.2387708785280134
371934.1877302974	1.238369395077732
381479.8496144753	1.2379686766780398
391270.5001654978	1.2375687206650112
401312.4269983715	1.2371695243881828
411612.079099248	1.2367710852104645
422176.0709670083	1.2363734005080502
433011.18686112156	1.2359764676703318
444124.38515855494	1.23558028409981
455522.8028224749	1.2351848472120108
467213.75998565316	1.234790154435397
479204.76465148723	1.234396203211286
491503.51751570584	1.2340029909937642
504117.9169117888	1.2336105152496029
517056.0638833318	1.2332187734581774
530326.2673865702	1.2328277631113835
543937.049626464	1.2324374817135564
557897.151529694	1.2320479267813895
572215.5383581459	1.231659095843855
586901.405466439	1.2312709864421238
601964.1842072636	1.2308835961294866
617413.5479882362	1.230496922471276
633259.4184842283	1.2301109630447882
649511.9720091094	1.229725715439207
666181.6460510629	1.2293411772555263
683279.1459755871	1.2289573461064751
700815.4519005545	1.2285742196164418
718801.8257476907	1.2281917954214001
737249.8184750781	1.2278100711688344
756171.2774952308	1.227429044517667
775578.3542835858	1.2270487131381842
795483.5121822315	1.2266690747119657
815899.5344039747	1.2262901269318114
836839.5322417745	1.2259118675016707
858316.9534889066	1.225534294136572
880345.5910751927	1.225157404562553
902939.5919249393	1.2247811965165907
926113.4660421609	1.2244056677465323
949882.0958289728	1.2240308160110276
974260.7456431973	1.2236566390794605
999265.0716012028	1.2232831347318815
1.024911131632368e6	1.2229103007589415
1.0512153957915537e6	1.222538134961825
1.0781947568363147e6	1.2221666351521847
1.1058665410755011e6	1.2217957991520754
1.134248519496336e6	1.2214256247938902
1.1633589191770167e6	1.221056109920296
1.1932164349923038e6	1.220687252384169
1.22384024161945e6	1.220319050048532
1.2552500058523125e6	1.2199515007864916
1.287465899231449e6	1.219584602481176
1.3205086109984585e6	1.2192183530256726
1.3543993613826998e6	1.2188527503229662
1.3891599152290716e6	1.2184877922858803
1.4248125959754887e6	1.2181234768370137
1.4613802999891846e6	1.2177598019086826
1.498886511270861e6	1.2173967654428604
1.5373553165362745e6	1.2170343653911182
1.5768114206848282e6	1.2166725997145666
1.6172801626652717e6	1.216311466383798
1.6587875317484846e6	1.2159509633788272
1.7013601842179664e6	1.215591088689036
1.745025460488615e6	1.215231840313115
1.7898114026649774e6	1.2148732162590081
1.8357467725500122e6	1.2145152145438551
1.882861070116118e6	1.2141578331939376
1.9311845524501423e6	1.2138010702446225
1.980748253184743e6	1.2134449237403084
2.0315840024283233e6	1.2130893917343697
2.0837244472065482e6	1.2127344722891045
2.1372030724284025e6	1.2123801634756795
2.1920542223904906e6	1.2120264633740772
2.248313122833091e6	1.2116733700730433
2.306015903562372e6	1.2113208816700345
2.365199621653109e6	1.210968996271166
2.425902285247054e6	1.21061771199116
2.488162877961953e6	1.210267026953295
2.5520213839270025e6	1.2099169392893536
2.6175188134610057e6	1.2095674471395739
2.684697229409379e6	1.2092185486525975
2.7535997741571986e6	1.2088702419854207
2.8242706973354304e6	1.2085225253033456
2.8967553842384177e6	1.2081753967799296
2.971100384970523e6	1.2078288545969382
3.047353444340921e6	1.207482896944296
3.125563532525524e6	1.207137522020038
3.205780876516046e6	1.2067927280302635
3.288056992376003e6	1.206448513189088
3.3724447183246794e6	1.2061048757185964
3.458998248670063e6	1.2057618138487955
3.5477731686128923e6	1.2054193258175698
3.6388264899437204e6	1.2050774098706336
3.73221668765628e6	1.2047360642614862
3.8280037375003695e6	1.2043952872513666
3.926249154498805e6	1.2040550771092091
4.0270160324526303e6	1.2037154321115977
4.1303690844603977e6	1.2033763505427217
4.236374684477191e6	1.2030378306943335
4.3451009099405585e6	1.2026998708657024
4.456617585490135e6	1.2023624693635735
4.570996327809509e6	1.2020256245021232
4.688310591618772e6	1.2016893346029176
4.80863571684776e6	1.2013535979948684
4.9320489770196965e6	1.2010184130141923
5.058629628876778e6	1.2006837780043687
5.188458963279196e6	1.2003496913160983
5.321620357410824e6	1.2000161513072614
5.458199328324416e6	1.1996831563428771
5.598283587861249e6	1.199350704795063
5.74196309898003e6	1.1990187950429945
5.889330133531904e6	1.1986874254728646
6.040479331517826e6	1.1983565944778447
6.19550776186703e6	1.198026300458044
6.354514984775106e6	1.1976965418204715
6.517603115642421e6	1.197367316978996
6.6848768906530775e6	1.1970386243543079
6.856443734037209e6	1.1967104623738802
7.032413827059286e6	1.1963828294719319
7.212900178777466e6	1.1960557240893877
7.398018698618569e6	1.1957291446738423
7.587888270815646e6	1.1954030896795222
7.7826308307564575e6	1.1950775575672488
7.982371443290923e6	1.1947525468044013
8.187238383048623e6	1.1944280558648797
8.397363216817318e6	1.1941040832290704
8.612880888036273e6	1.193780627383807
8.83392980345753e6	1.1934576868223372
9.060651922031676e6	1.193135260044286
9.29319284607449e6	1.1928133455556198
9.531701914774e6	1.1924919418686126
9.77633230009678e6	1.19217104750181
1.0027241105156027e7	1.1918506609799946
1.0284589465103863e7	1.1915307808341529
1.0548542650613716e7	1.1912114056014396
1.081927017401787e7	1.1908925338251442
1.1096945898169464e7	1.1905741640546572
1.1381748148097942e7	1.1902562948454374
1.1673859825530948e7	1.1899389247589771
1.1973468526354598e7	1.1896220523627705
1.228076666108887e7	1.1893056762302803
1.2595951578454442e7	1.1889897949409047
1.2919225692111764e7	1.1886744070799464
1.3250796610651992e7	1.1883595112385783
1.3590877270924648e7	1.188045106013814
1.393968607478659e7	1.1877311900084742
1.4297447029361561e7	1.1874177618311559
1.4664389890898546e7	1.1871048200962013
1.5040750312322833e7	1.1867923634236666
1.54267699945733e7	1.1864803904392907
1.5822696841824885e7	1.1861688997744653
1.6228785120693699e7	1.1858578900662036
1.6645295623528818e7	1.1855473599571105
1.707249583589425e7	1.1852373080953529
1.7510660108350452e7	1.1849277331346286
1.7960069832643487e7	1.1846186337341384
1.842101362241674e7	1.1843100085585552
1.88937874985598e7	1.1840018562779953
1.9378695079315696e7	1.1836941755679893
1.9876047775265943e7	1.1833869651094526
2.0386164989319902e7	1.1830802235886586
2.090937432183807e7	1.1827739496972074
2.1446011781018496e7	1.182468142132
2.199642199868352e7	1.1821627995952084
2.256095845160385e7	1.181857920794249
2.3139983688504357e7	1.1815535044417536
2.3733869562894486e7	1.1812495492555428
2.4342997471875135e7	1.180946053958598
2.496775860107348e7	1.180643017279035
2.5608554175865807e7	1.1803404379500757
2.6265795719046175e7	1.180038314710022
2.6939905315109205e7	1.1797366463022287
2.7631315881314535e7	1.1794354314750783
2.8340471445710056e7	1.1791346689819528
2.9067827432288624e7	1.1788343575812084
2.9813850953464527e7	1.1785344960361495
3.0579021110055063e7	1.178235083115003
3.1363829298963223e7	1.1779361175908922
3.2168779528754912e7	1.1776375982418117
3.299438874333678e7	1.1773395238506015
3.384118715393977e7	1.177041893204923
3.4709718579625346e7	1.176744705097232
3.560054079652849e7	1.1764479583247558
3.6514225896065414e7	1.176151651689468
3.745136065233305e7	1.1758557839980626
3.8412546898940496e7	1.1755603540619315
3.9398401915509164e7	1.1752653606971395
4.040955882409404e7	1.1749708027243997
4.144666699577736e7	1.1746766789690508
4.2510392467700325e7	1.1743829882610315
4.3601418370795056e7	1.174089729434859
4.4720445368496045e7	1.1737969013296037
4.5868192106709145e7	1.1735045027888678
4.704539567533224e7	1.1732125326607596
4.825281208161754e7	1.172920989797873
4.9491216735684715e7	1.1726298730572633
5.076140494849255e7	1.1723391813004242
5.2064192442594506e7	1.1720489133932663
5.340041587599977e7	1.1717590682060937
5.477093337947882e7	1.171469644613582
5.617662510766248e7	1.1711806414947563
5.7618393804281086e7	1.170892057732969
5.909716538191273e7	1.1706038922158777
6.061388951660826e7	1.1703161438354246
6.216954025778146e7	1.1700288114878126
6.376511665374787e7	1.1697418940734865
6.5401643393320434e7	1.1694553904971092
6.708017146386914e7	1.1691692996675425
6.88017788262741e7	1.1688836204978246
7.056757110719681e7	1.16859835190515
7.237868230912115e7	1.168313492810848
7.423627553861475e7	1.1680290421403632
7.614154375328594e7	1.167744998823233
7.80957105279064e7	1.1674613617930687
8.010003084019937e7	1.1671781299875348
8.215579187679167e7	1.1668953023483288
8.426431385985602e7	1.1666128778211613
8.64269508949636e7	1.1663308553557352
8.864509184069997e7	1.166049233905727
9.092016120059589e7	1.1657680124287668
9.325362003795592e7	1.1654871898864179
9.564696691415963e7	1.1652067652441587
9.810173885104802e7	1.1649267374713619
1.0061951231800558e8	1.1646471055412768
1.032019042443825e8	1.1643678684310095
1.0585057305789381e8	1.164089025121503
1.0856721974967308e8	1.1638105745975198
1.113535889666562e8	1.1635325158476224
1.1421147013200875e8	1.1632548478641551
1.1714269859430136e8	1.1629775696432245
1.2014915680618319e8	1.1627006801846824
1.2323277553330119e8	1.1624241784921063
1.2639553509425436e8	1.162148063572782
1.2963946663236304e8	1.1618723344376858
1.3296665342008327e8	1.1615969901014647
1.363792321968931e8	1.1613220295824211
1.3987939454152533e8	1.1610474519024931
1.4346938827940977e8	1.1607732560872375
1.4715151892623746e8	1.160499441165813
1.5092815116858253e8	1.1602260061709606
1.5480171038251442e8	1.1599529501389891
1.587746841911911e8	1.1596802721097557
1.628496240624213e8	1.15940797112665
1.6702914694723913e8	1.159136046236576
1.7131593696052152e8	1.1588644964899366
1.7571274710474548e8	1.1585933209406152
1.8022240103797773e8	1.1583225186459603
1.8484779488725257e8	1.1580520886667678
1.8959189910847726e8	1.1577820300672652
1.944577603940793e8	1.157512341915095
1.9944850362960523e8	1.157243023281298
2.0456733390054947e8	1.1569740732402978
2.0981753855067378e8	1.1567054908698837
2.152024892931624e8	1.156437275251196
2.207256443759508e8	1.1561694254687083
2.2639055080264196e8	1.155901940610213
2.3220084661040792e8	1.1556348197668052
2.381602632063625e8	1.1553680620328668
2.4427262776388633e8	1.155101666506051
2.505418656804714e8	1.1548356322872668
2.569720030986278e8	1.1545699584806643
2.6356716949150094e8	1.1543046441936178
2.703316003148361e8	1.1540396885367123
2.7726963972702533e8	1.1537750906237276
2.8438574337894475e8	1.1535108495716229