# Internal run number: twoLoop 1964
# All dimensionful quantities in GeV
# Rescaling factor from internal to physical units: 2.84386
# Quantity: interpolated gluon dressing function Z
# Syntax: p^2 [GeV^2], Z
# Cutoff in GeV^2, renormalization constant Z3: 2843857., 1.21163
# Renormalization point 1: 28438.6
# Renormalization value Z at point 1: 1.
# Renormalization point 2: 0.00000284386
# Renormalization value D at point 2: 1.25425
# Lowest/highest calculated points (extrapolated beyond that): 0.00000284386/28438.6
# alpha(mu)=0.05
#
2.843857433789439e-14	1.1e-15
2.929173156803122e-14	1.1e-15
2.9860503054789106e-14	1.1e-15
3.0713660284925944e-14	1.2e-15
3.156681751506277e-14	1.2e-15
3.2419974745199607e-14	1.2e-15
3.298874623195749e-14	1.3e-15
3.3841903462094324e-14	1.3e-15
3.4695060692231155e-14	1.4e-15
3.5832603665746926e-14	1.4e-15
3.6685760895883764e-14	1.4e-15
3.7538918126020595e-14	1.5e-15
3.8676461099536366e-14	1.5e-15
3.95296183296732e-14	1.6e-15
4.0667161303188975e-14	1.6e-15
4.1520318533325806e-14	1.7e-15
4.2657861506841584e-14	1.7e-15
4.3795404480357355e-14	1.8e-15
4.493294745387313e-14	1.8e-15
4.607049042738891e-14	1.9e-15
4.7208033400904687e-14	1.9e-15
4.8345576374420464e-14	2.e-15
4.976750509131518e-14	2.1e-15
5.090504806483096e-14	2.1e-15
5.2326976781725675e-14	2.2e-15
5.3464519755241446e-14	2.3e-15
5.488644847213617e-14	2.3e-15
5.630837718903089e-14	2.4e-15
5.77303059059256e-14	2.5e-15
5.943662036619928e-14	2.6e-15
6.0858549083094e-14	2.6e-15
6.228047779998871e-14	2.7e-15
6.398679226026238e-14	2.8e-15
6.569310672053604e-14	2.9e-15
6.73994211808097e-14	3.e-15
6.910573564108336e-14	3.1e-15
7.081205010135703e-14	3.2e-15
7.251836456163069e-14	3.2e-15
7.45090647652833e-14	3.3e-15
7.649976496893591e-14	3.4e-15
7.849046517258852e-14	3.6e-15
8.048116537624112e-14	3.7e-15
8.247186557989373e-14	3.8e-15
8.446256578354634e-14	3.9e-15
8.67376517305779e-14	4.e-15
8.901273767760945e-14	4.1e-15
9.128782362464098e-14	4.3e-15
9.356290957167254e-14	4.4e-15
9.583799551870409e-14	4.5e-15
9.839746720911458e-14	4.7e-15
1.0095693889952508e-13	4.8e-15
1.0351641058993558e-13	5.e-15
1.0607588228034608e-13	5.1e-15
1.089197397141355e-13	5.3e-15
1.1176359714792495e-13	5.4e-15
1.1460745458171438e-13	5.6e-15
1.1745131201550382e-13	5.8e-15
1.205795551926722e-13	5.9e-15
1.2370779836984058e-13	6.1e-15
1.2683604154700897e-13	6.3e-15
1.2996428472417736e-13	6.5e-15
1.3337691364472469e-13	6.7e-15
1.36789542565272e-13	6.9e-15
1.404865572291983e-13	7.1e-15
1.438991861497456e-13	7.3e-15
1.4759620081367188e-13	7.6e-15
1.515776012209771e-13	7.8e-15
1.5527461588490338e-13	8.e-15
1.5925601629220857e-13	8.3e-15
1.6352180244289273e-13	8.5e-15
1.6750320285019794e-13	8.8e-15
1.7176898900088212e-13	9.1e-15
1.763191608949452e-13	9.3e-15
1.808693327890083e-13	9.6e-15
1.8541950468307142e-13	9.9e-15
1.9025406232051346e-13	1.02e-14
1.9508861995795553e-13	1.05e-14
2.0020756333877648e-13	1.09e-14
2.0532650671959748e-13	1.12e-14
2.1044545010041849e-13	1.15e-14
2.158487792246184e-13	1.19e-14
2.2153649409219729e-13	1.22e-14
2.2722420895977618e-13	1.26e-14
2.32911923827355e-13	1.3e-14
2.3888402443831285e-13	1.34e-14
2.4514051079264963e-13	1.38e-14
2.5139699714698637e-13	1.42e-14
2.579378692447021e-13	1.47e-14
2.644787413424178e-13	1.51e-14
2.7130399918351246e-13	1.56e-14
2.781292570246071e-13	1.61e-14
2.852389006090807e-13	1.66e-14
2.9263292993693324e-13	1.71e-14
3.0031134500816476e-13	1.76e-14
3.0798976007939624e-13	1.81e-14
3.1595256089400667e-13	1.87e-14
3.239153617086171e-13	1.93e-14
3.3216254826660645e-13	1.99e-14
3.406941205679748e-13	2.05e-14
3.4951007861272206e-13	2.11e-14
3.5861042240084823e-13	2.17e-14
3.677107661889744e-13	2.24e-14
3.7709549572047963e-13	2.31e-14
3.867646109953637e-13	2.38e-14
3.9671811201362676e-13	2.45e-14
4.0695599877526866e-13	2.53e-14
4.174782712802896e-13	2.6e-14
4.2800054378531053e-13	2.68e-14
4.3909158777708936e-13	2.77e-14
4.5018263176886813e-13	2.85e-14
4.618424472474048e-13	2.94e-14
4.737866484693205e-13	3.03e-14
4.860152354346151e-13	3.12e-14
4.982438223999097e-13	3.22e-14
5.110411808519622e-13	3.32e-14
5.241229250473936e-13	3.42e-14
5.377734407295829e-13	3.52e-14
5.514239564117722e-13	3.63e-14
5.656432435807193e-13	3.74e-14
5.801469164930455e-13	3.86e-14
5.949349751487507e-13	3.97e-14
6.102918052912135e-13	4.1e-14
6.259330211770555e-13	4.22e-14
6.421430085496553e-13	4.35e-14
6.58637381665634e-13	4.48e-14
6.754161405249917e-13	4.62e-14
6.927636708711072e-13	4.76e-14
7.106799727039807e-13	4.91e-14
7.288806602802332e-13	5.06e-14
7.476501193432435e-13	5.21e-14
7.667039641496327e-13	5.37e-14
7.863265804427799e-13	5.54e-14
8.065179682226849e-13	5.71e-14
8.272781274893478e-13	5.88e-14
8.486070582427686e-13	6.06e-14
8.702203747395683e-13	6.25e-14
8.926868484665049e-13	6.44e-14
9.154377079368205e-13	6.64e-14
9.390417246372728e-13	6.84e-14
9.63214512824483e-13	7.05e-14
9.87956072498451e-13	7.27e-14
1.0132664036591772e-12	7.49e-14
1.039145506306661e-12	7.72e-14
1.0658777661842817e-12	7.95e-14
1.0931787975486603e-12	8.2e-14
1.1213329861431757e-12	8.45e-14
1.1500559462244491e-12	8.71e-14
1.1796320635358592e-12	8.97e-14
1.2097769523340272e-12	9.25e-14
1.2407749983623323e-12	9.53e-14
1.272626201620774e-12	9.82e-14
1.3053305621093524e-12	1.013e-13
1.3388880798280677e-12	1.044e-13
1.37329875477692e-12	1.075e-13
1.4085625869559091e-12	1.108e-13
1.4446795763650348e-12	1.142e-13
1.4816497230042976e-12	1.177e-13
1.5197574126170762e-12	1.213e-13
1.5587182594599913e-12	1.251e-13
1.5988166492764225e-12	1.289e-13
1.6397681963229905e-12	1.328e-13
1.6818572863430741e-12	1.369e-13
1.7250839193366736e-12	1.411e-13
1.769448095303789e-12	1.454e-13
1.8146654285010409e-12	1.499e-13
1.8613046904151877e-12	1.545e-13
1.9090814953028503e-12	1.592e-13
1.9579958431640287e-12	1.641e-13
2.0083321197421018e-12	1.691e-13
2.0598059392936906e-12	1.743e-13
2.112701687562174e-12	1.796e-13
2.1670193645475525e-12	1.851e-13
2.2224745845064464e-12	1.908e-13
2.2796361189256145e-12	1.966e-13
2.3382195820616767e-12	2.027e-13
2.3982249739146335e-12	2.089e-13
2.4596522944844857e-12	2.153e-13
2.5227859295146113e-12	2.219e-13
2.5876258790050106e-12	2.287e-13
2.653887757212304e-12	2.357e-13
2.722140335623251e-12	2.429e-13
2.791814842751092e-12	2.503e-13
2.8634800500825863e-12	2.58e-13
2.9371359576177327e-12	2.659e-13
3.0124981796131524e-12	2.741e-13
3.0898511018122255e-12	2.825e-13
3.1691947242149507e-12	2.911e-13
3.250529046821329e-12	3.e-13
3.333854069631359e-12	3.092e-13
3.4194541783884213e-12	3.187e-13
3.507044987349136e-12	3.284e-13
3.5971952680002613e-12	3.385e-13
3.689336248855039e-12	3.489e-13
3.784036701400227e-12	3.596e-13
3.8812966256358265e-12	3.706e-13
3.980831635818457e-12	3.819e-13
4.082926117691498e-12	3.936e-13
4.187864456998328e-12	4.057e-13
4.295362267995568e-12	4.181e-13
4.405703936426599e-12	4.309e-13
4.51860507654804e-12	4.441e-13
4.634634459846648e-12	4.577e-13
4.753507700579048e-12	4.718e-13
4.875509184488614e-12	4.862e-13
5.000638911575349e-12	5.011e-13
5.128896881839253e-12	5.165e-13
5.260567481023704e-12	5.323e-13
5.3956507091287026e-12	5.486e-13
5.534146566154248e-12	5.654e-13
5.67633943784372e-12	5.827e-13
5.821944938453739e-12	6.006e-13
5.971247453727685e-12	6.189e-13
6.124531369408936e-12	6.379e-13
6.281796685497491e-12	6.575e-13
6.4430434019933525e-12	6.776e-13
6.608271518896519e-12	6.983e-13
6.778049807693749e-12	7.197e-13
6.951809496898283e-12	7.418e-13
7.13040374374026e-12	7.645e-13
7.313263776732922e-12	7.879e-13
7.500958367363024e-12	8.121e-13
7.69348751563057e-12	8.369e-13
7.890851221535555e-12	8.626e-13
8.093333870821364e-12	8.89e-13
8.301219849231373e-12	9.162e-13
8.514224771022201e-12	9.443e-13
8.732633021937229e-12	9.732e-13
8.957013373463216e-12	1.0031e-12
9.186797054113403e-12	1.0338e-12
9.422552835374549e-12	1.0654e-12
9.664280717246651e-12	1.0981e-12
9.91226508547309e-12	1.1317e-12
1.0166790325797244e-11	1.1664e-12
1.0427856438219114e-11	1.2021e-12
1.0695463422738702e-11	1.239e-12
1.0969895665099382e-11	1.2769e-12
1.1251437551044538e-11	1.316e-12
1.1540089080574165e-11	1.3563e-12
1.1836419025175023e-11	1.3979e-12
1.2140142999103737e-11	1.4407e-12
1.2451829773847059e-11	1.4848e-12
1.2771194963661613e-11	1.5303e-12
1.3099091725777534e-11	1.5772e-12
1.3435235674451446e-11	1.6255e-12
1.3779911195426725e-11	1.6753e-12
1.4133687060190131e-11	1.7266e-12
1.4496563268741665e-11	1.7795e-12
1.4868539821081325e-11	1.834e-12
1.5250185488695866e-11	1.8902e-12
1.5641500271585293e-11	1.9481e-12
1.604305294123636e-11	2.0078e-12
1.6454559111905692e-11	2.0693e-12
1.6876871940823426e-11	2.1327e-12
1.7309991427989557e-11	2.198e-12
1.7754486344890848e-11	2.2654e-12
1.8210072305783916e-11	2.3348e-12
1.8677318082155517e-11	2.4063e-12
1.9156792445492418e-11	2.48e-12
1.9648495395794612e-11	2.556e-12
2.015271131880548e-11	2.6343e-12
2.0670008986011778e-11	2.715e-12
2.1200388397413506e-11	2.7982e-12
2.1744418324497427e-11	2.8839e-12
2.2302667538750295e-11	2.9722e-12
2.287485165442873e-11	3.0633e-12
2.346210821450625e-11	3.1571e-12
2.4064152833239473e-11	3.2538e-12
2.468183866785854e-11	3.3535e-12
2.531516571836345e-11	3.4562e-12
2.5964987141984334e-11	3.5621e-12
2.6631302938721202e-11	3.6712e-12
2.7314966265804184e-11	3.7837e-12
2.801597712323328e-11	3.8996e-12
2.873490428249525e-11	4.019e-12
2.947231651507685e-11	4.1422e-12
3.022878259246484e-11	4.2691e-12
3.10045869004026e-11	4.3998e-12
3.1800298210376884e-11	4.5346e-12
3.261648529387445e-11	4.6735e-12
3.345371692238206e-11	4.8167e-12
3.43122774816431e-11	4.9642e-12
3.51927357431443e-11	5.1163e-12
3.609594486411583e-11	5.273e-12
3.702247361604443e-11	5.4346e-12
3.7972606384673485e-11	5.6011e-12
3.8947196327233124e-11	5.7726e-12
3.9946812215210116e-11	5.9495e-12
4.09720228200912e-11	6.1317e-12
4.202339691336316e-11	6.3196e-12
4.3102072037999494e-11	6.5132e-12
4.420833257974358e-11	6.7127e-12
4.5342747310082196e-11	6.9183e-12
4.650673815773221e-11	7.1303e-12
4.7700305122693635e-11	7.3487e-12
4.892430136219661e-11	7.5738e-12
5.018014880495803e-11	7.8058e-12
5.146784745097789e-11	8.0449e-12
5.278881922897308e-11	8.2914e-12
5.4143632910430366e-11	8.5454e-12
5.553314165257989e-11	8.8071e-12
5.695848299839516e-11	9.0769e-12
5.842022571936293e-11	9.355e-12
5.991979174420009e-11	9.6416e-12
6.145746545865006e-11	9.9369e-12
6.303495317717305e-11	1.02413e-11
6.465253928551248e-11	1.05551e-11
6.631193009812862e-11	1.08784e-11
6.801369438650823e-11	1.12117e-11
6.975925407936817e-11	1.15551e-11
7.154974671968201e-11	1.19091e-11
7.338602546467985e-11	1.22739e-11
7.52695122430786e-11	1.26499e-11
7.720134459785176e-11	1.30374e-11
7.918266007197286e-11	1.34368e-11
8.121488059415879e-11	1.38484e-11
8.329914370738307e-11	1.42726e-11
8.543715572610598e-11	1.47099e-11
8.762976980755763e-11	1.51605e-11
8.98789766519417e-11	1.56249e-11
9.218562941648832e-11	1.61036e-11
9.455143441565774e-11	1.65969e-11
9.697809796391028e-11	1.71053e-11
9.94670419899628e-11	1.76293e-11
1.0201997280827556e-10	1.81693e-11
1.0463831234756552e-10	1.87259e-11
1.0732376692229288e-10	1.92996e-11
1.1007832723266133e-10	1.98908e-11
1.1290341520738776e-10	2.05001e-11
1.1580102154667581e-10	2.11281e-11
1.1877313695072916e-10	2.17753e-11
1.2182146773400805e-10	2.24424e-11
1.2494800459671618e-10	2.31299e-11
1.2815473823905714e-10	2.38384e-11
1.31443943746978e-10	2.45687e-11
1.3481732743493906e-10	2.53213e-11
1.3827744877463064e-10	2.6097e-11
1.418262984662565e-10	2.68965e-11
1.454661515957636e-10	2.77204e-11
1.4919956763484238e-10	2.85696e-11
1.5302882166943983e-10	2.94448e-11
1.5695618878550306e-10	3.03468e-11
1.609845128404658e-10	3.12764e-11
1.6511635330601847e-10	3.22345e-11
1.6935398526810811e-10	3.3222e-11
1.7370025258416851e-10	3.42397e-11
1.7815828349737686e-10	3.52886e-11
1.827309218651669e-10	3.63696e-11
1.8742044277348565e-10	3.74837e-11
1.9223082762274053e-10	3.8632e-11
1.9716435149887842e-10	3.98154e-11
2.0222442703081998e-10	4.10351e-11
2.074144668474857e-10	4.22922e-11
2.1273788357779613e-10	4.35877e-11
2.1819780546492847e-10	4.4923e-11
2.2379792952354665e-10	4.62991e-11
2.2954166838257116e-10	4.77174e-11
2.35432719056666e-10	4.91792e-11
2.414750629462384e-10	5.06857e-11
2.4767239706595234e-10	5.22384e-11
2.5402898720195854e-10	5.38387e-11
2.605485303689208e-10	5.54879e-11
2.672355767387333e-10	5.71877e-11
2.740941077118033e-10	5.89396e-11
2.8112867346002486e-10	6.07452e-11
2.8834382415529204e-10	6.2606e-11
2.9574439435524227e-10	6.45238e-11
3.033346498460263e-10	6.65004e-11
3.111197095710249e-10	6.85376e-11
3.1910440808787546e-10	7.06372e-11
3.272941487257023e-10	7.2801e-11
3.3569433481362957e-10	7.50312e-11
3.443098009092947e-10	7.73297e-11
3.531465191133086e-10	7.96986e-11
3.6220989275479553e-10	8.214e-11
3.715058939343665e-10	8.46563e-11
3.810407791383757e-10	8.72496e-11
3.9081995169594746e-10	8.99224e-11
4.008505212506661e-10	9.2677e-11
4.111381755173995e-10	9.55161e-11
4.2169002413973183e-10	9.84421e-11
4.3251260798976084e-10	1.014577e-10
4.436130367110712e-10	1.045657e-10
4.5499841994724725e-10	1.07769e-10
4.666758673418734e-10	1.110703e-10
4.78653057310021e-10	1.144728e-10
4.909376682667612e-10	1.179795e-10
5.035376630129087e-10	1.215937e-10
5.164607199635347e-10	1.253185e-10
5.297156550766839e-10	1.291575e-10
5.433109999246577e-10	1.331141e-10
5.57255001694014e-10	1.371918e-10
5.715567607285412e-10	1.413945e-10
5.862256617577704e-10	1.457259e-10
6.012710895112335e-10	1.501901e-10
6.167027131042052e-10	1.547909e-10
6.325304860377036e-10	1.595327e-10
6.487643618127472e-10	1.644198e-10
6.65414862701841e-10	1.694566e-10
6.8249251097749e-10	1.746477e-10
7.000086820694292e-10	1.799978e-10
7.179744670216507e-10	1.855117e-10
7.364009568781459e-10	1.911946e-10
7.553006646116238e-10	1.970516e-10
7.746855344233061e-10	2.03088e-10
7.945677949001582e-10	2.093094e-10
8.149602434006322e-10	2.157213e-10
8.358762460546668e-10	2.223296e-10
8.573288846064573e-10	2.291404e-10
8.793320939574297e-10	2.361598e-10
9.019000933947526e-10	2.433942e-10
9.250473865913383e-10	2.508503e-10
9.487884772200991e-10	2.585347e-10
9.731392908826647e-10	2.664546e-10
9.981146156376902e-10	2.746171e-10
1.0237312302440355e-9	2.830296e-10
1.0500053446890728e-9	2.916998e-10
1.076953453345918e-9	3.006357e-10
1.1045934725164044e-9	3.098452e-10
1.1329427497308779e-9	3.193369e-10
1.1620197700626578e-9	3.291194e-10
1.191842734199321e-9	3.392015e-10
1.22243126475716e-9	3.495925e-10
1.2538049843524687e-9	3.603018e-10
1.285983799987283e-9	3.713391e-10
1.3189884718208696e-9	3.827146e-10
1.3528400443982387e-9	3.944385e-10
1.387560699807374e-9	4.065216e-10
1.4231723357505158e-9	4.189749e-10
1.459697987472877e-9	4.318096e-10
1.4971609746054153e-9	4.450375e-10
1.535585469936318e-9	4.586706e-10
1.5749962150252586e-9	4.727214e-10
1.6154182358176553e-9	4.872026e-10
1.6568779801876412e-9	5.021274e-10
1.699401611623608e-9	5.175094e-10
1.7430167155426631e-9	5.333626e-10
1.7877508773619144e-9	5.497014e-10
1.8336333888129297e-9	5.665408e-10
1.8806935416272774e-9	5.83896e-10
1.9289614806937555e-9	6.017829e-10
1.9784679196726486e-9	6.202177e-10
2.0292452785387026e-9	6.392172e-10
2.0813256928809186e-9	6.587987e-10
2.134742720217016e-9	6.789802e-10
2.189530771221943e-9	6.997798e-10
2.2457248253421354e-9	7.212166e-10
2.303361283952746e-9	7.433101e-10
2.3624768328146703e-9	7.660804e-10
2.4231095796175213e-9	7.895482e-10
2.4852984852081425e-9	8.13735e-10
2.5490833635906055e-9	8.386627e-10
2.6145054506977013e-9	8.64354e-10
2.6816065512337067e-9	8.908323e-10
2.7504298918316146e-9	9.181217e-10
2.821019267895906e-9	9.462471e-10
2.8934207499170077e-9	9.752341e-10
2.9676801239996047e-9	1.0051091e-9
3.0438454513343265e-9	1.0358993e-9
3.1219653618832923e-9	1.0676327e-9
3.2020904763088233e-9	1.1003381e-9
3.284271699658984e-9	1.1340455e-9
3.368562212067786e-9	1.1687855e-9
3.4550163312122145e-9	1.2045896e-9
3.543688943540743e-9	1.2414906e-9
3.6346374949735334e-9	1.279522e-9
3.727920000202234e-9	1.3187184e-9
3.823597033390186e-9	1.3591156e-9
3.921729168700728e-9	1.4007503e-9
4.022380108540377e-9	1.4436604e-9
4.125614124087137e-9	1.487885e-9
4.231497761604959e-9	1.5334643e-9
4.340098704900767e-9	1.5804399e-9
4.451487197253175e-9	1.6288546e-9
4.565734050712284e-9	1.6787523e-9
4.6829134899571185e-9	1.7301786e-9
4.803100024052441e-9	1.7831803e-9
4.926371290306195e-9	1.8378056e-9
5.052806063569296e-9	1.8941043e-9
5.182485962550094e-9	1.9521277e-9
5.315494027885657e-9	2.0119285e-9
5.45191585968474e-9	2.0735612e-9
5.591838764370561e-9	2.1370819e-9
5.7353528922237716e-9	2.2025485e-9
5.882550384225226e-9	2.2700206e-9
6.033525372055983e-9	2.3395597e-9
6.188375400026022e-9	2.4112289e-9
6.347199718759781e-9	2.4850937e-9
6.510100138353391e-9	2.5612211e-9
6.677181312760415e-9	2.6396807e-9
6.8485504554061055e-9	2.7205438e-9
7.02431819234464e-9	2.8038839e-9
7.204596571558906e-9	2.8897771e-9
7.389502191203692e-9	2.9783016e-9
7.5791530713625e-9	3.0695378e-9
7.773671497904978e-9	3.163569e-9
7.973182031786734e-9	3.2604806e-9
8.17781321536377e-9	3.3603611e-9
8.387696150463784e-9	3.4633012e-9
8.60296563592914e-9	3.5693947e-9
8.823760167616862e-9	3.6787383e-9
9.050221369627153e-9	3.7914315e-9
9.282494563074878e-9	3.9075769e-9
9.520729050475313e-9	4.0272802e-9
9.765077831358397e-9	4.1506505e-9
1.0015697602268728e-8	4.2778001e-9
1.0272749894308547e-8	4.4088447e-9
1.0536399082437529e-8	4.5439038e-9
1.080681494494447e-8	4.6831001e-9
1.1084170957132829e-8	4.8265606e-9
1.1368645428863707e-8	4.9744157e-9
1.1660420935784354e-8	5.1268002e-9
1.195968460371391e-8	5.2838529e-9
1.2266628961800645e-8	5.4457166e-9
1.258145108936472e-8	5.6125387e-9
1.2904352900283934e-8	5.7844713e-9
1.3235542280536698e-8	5.9616708e-9
1.3575231381887574e-8	6.1442985e-9
1.392363861258747e-8	6.3325208e-9
1.4280987784216434e-8	6.526509e-9
1.4647508111683624e-8	6.7264398e-9
1.5023435350770304e-8	6.9324952e-9
1.5409010660586856e-8	7.1448628e-9
1.5804481741115764e-8	7.3637361e-9
1.621010254882587e-8	7.5893142e-9
1.6626133581058102e-8	7.8218026e-9
1.70528418760255e-8	8.061413e-9
1.749050186597042e-8	8.3083635e-9
1.793939423962158e-8	8.562879e-9
1.8399807364122762e-8	8.8251912e-9
1.887203700064708e-8	9.095539e-9
1.935638630439698e-8	9.3741686e-9
1.985316639337572e-8	9.6613336e-9
2.036269634838737e-8	9.9572955e-9
2.088530321303681e-8	1.02623238e-8
2.1421323131272714e-8	1.05766963e-8
2.1971099641073095e-8	1.09006991e-8
2.253498623391696e-8	1.12346273e-8
2.3113344932855643e-8	1.15787849e-8
2.3706547145669983e-8	1.19334854e-8
2.4314973664870373e-8	1.22990516e-8
2.493901552085396e-8	1.26758164e-8
2.557907341313316e-8	1.3064123e-8
2.623555827910716e-8	1.34643247e-8
2.6908891862833385e-8	1.38767862e-8
2.759950643064178e-8	1.43018828e-8
2.8307845624292006e-8	1.47400016e-8
2.903436446097348e-8	1.51915417e-8
2.9779529048919595e-8	1.56569141e-8
3.0543818293722194e-8	1.61365425e-8
3.132772304517436e-8	1.66308637e-8
3.213174666604186e-8	1.71403278e-8
3.295640531644895e-8	1.76653986e-8
3.380222909142127e-8	1.82065542e-8
3.466976059895719e-8	1.87642875e-8
3.555955723511374e-8	1.93391061e-8
3.64721906152351e-8	1.99315335e-8
3.7408246573952634e-8	2.05421091e-8
3.836832630272785e-8	2.11713889e-8
3.935304634985239e-8	2.18199458e-8
4.036303918921953e-8	2.24883704e-8
4.139895350470992e-8	2.31772713e-8
4.2461454190191585e-8	2.38872757e-8
4.355122405583436e-8	2.46190302e-8
4.4668962974952706e-8	2.53732009e-8
4.581538845277718e-8	2.61504747e-8
4.6991236763997384e-8	2.69515592e-8
4.819726323714773e-8	2.77771839e-8
4.943424225460744e-8	2.86281004e-8
5.070296810575778e-8	2.95050836e-8
5.200425584013925e-8	3.0408932e-8
5.333894098306592e-8	3.13404686e-8
5.470788067316833e-8	3.23005416e-8
5.6111954231165004e-8	3.32900251e-8
5.755206315986244e-8	3.43098201e-8
5.9029132281698145e-8	3.53608551e-8
6.054411059189773e-8	3.64440872e-8
6.209797040531784e-8	3.75605026e-8
6.369170991591772e-8	3.87111179e-8
6.532635262798778e-8	3.98969808e-8
6.700294849369262e-8	4.11191709e-8
6.872257391307086e-8	4.23788012e-8
7.048633344034985e-8	4.36770186e-8
7.229535949955968e-8	4.50150051e-8
7.415081437523357e-8	4.63939791e-8
7.605388907486476e-8	4.7815196e-8
7.800580645714981e-8	4.927995e-8
8.00078192412883e-8	5.07895747e-8
8.20612137039975e-8	5.23454448e-8
8.416730825758376e-8	5.39489769e-8
8.632745572502829e-8	5.5601631e-8
8.854304305560158e-8	5.73049119e-8
9.081549331556351e-8	5.90603705e-8
9.314626597254907e-8	6.08696053e-8
9.553685774872567e-8	6.27342635e-8
9.798880347395033e-8	6.4656043e-8
1.0050367864524136e-7	6.66366936e-8
1.0308309772046396e-7	6.86780188e-8
1.0572871724657326e-7	7.07818772e-8
1.0844223671277171e-7	7.29501845e-8
1.1122539798173751e-7	7.51849149e-8
1.1407998927102505e-7	7.74881033e-8
1.1700784316236465e-7	7.98618468e-8
1.20010840583063e-7	8.23083067e-8
1.2309090938407448e-7	8.48297106e-8
1.2625002775263001e-7	8.74283543e-8
1.2949022506539438e-7	9.01066039e-8
1.328135816040804e-7	9.28668981e-8
1.362222316836921e-7	9.57117502e-8
1.3971836450568206e-7	9.86437505e-8
1.4330422557987997e-7	1.016655687e-7
1.469821172932642e-7	1.047799561e-7
1.5075440175381927e-7	1.079897487e-7
1.5462350192807882e-7	1.112978689e-7
1.585919019255112e-7	1.147073289e-7
1.6266215069553437e-7	1.182212331e-7
1.6683686202751566e-7	1.21842781e-7
1.7111871711024374e-7	1.255752702e-7
1.755104656694712e-7	1.294220991e-7
1.8001492795861528e-7	1.333867705e-7
1.846349970338433e-7	1.374728942e-7
1.8937363989161592e-7	1.416841907e-7
1.942338994593873e-7	1.460244947e-7
1.9921889743946259e-7	1.50497758e-7
2.0433183487776914e-7	1.551080537e-7
2.0957599557648584e-7	1.598595796e-7
2.1495474694719998e-7	1.647566621e-7
2.2047154370792216e-7	1.698037601e-7
2.261299287362434e-7	1.750054691e-7
2.3193353562880684e-7	1.803665255e-7
2.3788609182955096e-7	1.858918106e-7
2.4399141976725246e-7	1.915863553e-7
2.5025344055254113e-7	1.974553447e-7
2.5667617568421404e-7	2.035041227e-7
2.6326374960870745e-7	2.097381969e-7
2.7002039313272554e-7	2.161632435e-7
2.769504454139409e-7	2.227851127e-7
2.8405835708923734e-7	2.296098339e-7
2.913486925497961e-7	2.366436213e-7
2.988261339224961e-7	2.438928793e-7
3.0649548334500014e-7	2.513642085e-7
3.143616660939978e-7	2.590644118e-7
3.2242973371344865e-7	2.670005004e-7
3.3070486771159713e-7	2.751797004e-7
3.39192382120444e-7	2.836094591e-7
3.4789772804591824e-7	2.922974521e-7
3.5682649622734904e-7	3.012515901e-7
3.6598442045009445e-7	3.10480026e-7
3.7537738181132743e-7	3.199911626e-7
3.8501141327020803e-7	3.2979366e-7
3.948927010698121e-7	3.398964436e-7
4.0502759127800306e-7	3.503087125e-7
4.154225929156753e-7	3.610399471e-7
4.2608438108499756e-7	3.720999186e-7
4.370198035102845e-7	3.834986974e-7
4.4823588281308327e-7	3.952466625e-7
4.5973982163111636e-7	4.073545105e-7
4.7153900830599674e-7	4.198332662e-7
4.83641020011471e-7	4.326942917e-7
4.960536290099058e-7	4.459492974e-7
5.087848066336877e-7	4.596103522e-7
5.218427289729393e-7	4.736898951e-7
5.35235781994461e-7	4.882007457e-7
5.489725666606759e-7	5.031561167e-7
5.630619046173433e-7	5.185696253e-7
5.775128444500462e-7	5.344553059e-7
5.923346665187481e-7	5.508276229e-7
6.07536889498666e-7	5.677014837e-7
6.231292763523696e-7	5.850922525e-7
6.391218405862695e-7	6.03015764e-7
6.555248525071019e-7	6.214883381e-7
6.723488466159586e-7	6.405267946e-7
6.896046272960023e-7	6.601484685e-7
7.073032762064951e-7	6.803712259e-7
7.254561596768285e-7	7.012134801e-7
7.440749352473951e-7	7.226942087e-7
7.631715604855465e-7	7.448329705e-7
7.827582989576946e-7	7.676499233e-7
8.028477296140407e-7	7.911658427e-7
8.234527538982187e-7	8.154021405e-7
8.445866045632538e-7	8.403808846e-7
8.662628536343631e-7	8.661248188e-7
8.884954223624565e-7	8.926573837e-7
9.112985877650087e-7	9.200027379e-7
9.346869948546466e-7	9.481857802e-7
9.586756637487925e-7	9.772321719e-7
9.832799996231653e-7	1.0071683606e-6
1.0085158040872098e-6	1.038021604e-6
1.0343992834312842e-6	1.069819995e-6
1.060947060286475e-6	1.1025924867e-6
1.088176183862483e-6	1.1363689194e-6
1.1161041404698972e-6	1.1711800476e-6
1.1447488663175527e-6	1.2070575678e-6
1.1741287566128743e-6	1.2440341473e-6
1.204262679212392e-6	1.2821434545e-6
1.2351699868503283e-6	1.3214201888e-6
1.2668705282296428e-6	1.3619001129e-6
1.2993846613881606e-6	1.4036200848e-6
1.3327332673490896e-6	1.4466180918e-6
1.3669377623496065e-6	1.4909332847e-6
1.4020201134820724e-6	1.5366060137e-6
1.4380028500694641e-6	1.5836778651e-6
1.474909081012902e-6	1.6321916992e-6
1.512762507304626e-6	1.6821916891e-6
1.551587439091137e-6	1.7337233612e-6
1.5914088096081002e-6	1.7868336365e-6
1.6322521922434881e-6	1.8415708734e-6
1.6741438173163423e-6	1.8979849118e-6
1.7171105877179858e-6	1.956127118e-6
1.7611800968283277e-6	2.0160504323e-6
1.8063806464321628e-6	2.0778094164e-6
1.852741264635475e-6	2.1414603036e-6
1.9002917246348966e-6	2.2070610499e-6
1.949062563202779e-6	2.2746713865e-6
1.999085101731742e-6	2.3443528746e-6
2.050391464719743e-6	2.4161689609e-6
2.10301460166778e-6	2.4901850362e-6
2.1569883072712838e-6	2.566468494e-6
2.2123472436021993e-6	2.6450887926e-6
2.269126962859849e-6	2.7261175179e-6
2.327363929268636e-6	2.8096284489e-6
2.3870955426820565e-6	2.8956976246e-6
2.448360163324264e-6	2.9844034132e-6
2.5111971359628546e-6	3.075826584e-6
2.5756468143660425e-6	3.1700503803e-6
2.6417505886036907e-6	3.2671605954e-6
2.709550911210799e-6	3.3672456509e-6
2.7790913236353795e-6	3.4703966769e-6
2.850416485530186e-6	3.5768152374e-6
2.9235722020537476e-6	3.6876098459e-6
2.998605454299642e-6	3.8018423474e-6
3.0755644291569987e-6	3.9196195953e-6
3.15449855002416e-6	4.0410517694e-6
3.235458508944268e-6	4.1662524796e-6
3.3184962990252427e-6	4.2953388727e-6
3.403665247428525e-6	4.4284317431e-6
3.4910200500641384e-6	4.5656556461e-6
3.580616807138909e-6	4.7071390154e-6
3.6725130578515216e-6	4.8530142838e-6
3.7667678187846007e-6	5.0034180086e-6
3.863441620590466e-6	5.1584909991e-6
3.962596548089528e-6	5.3183784503e-6
4.064296279231128e-6	5.4832300791e-6
4.168606125760705e-6	5.6532002655e-6
4.275593076446426e-6	5.8284481978e-6
4.385325838883893e-6	6.0091380232e-6
4.497874884144699e-6	6.1954390019e-6
4.6133124917093825e-6	6.3875256668e-6
4.7317127966754565e-6	6.5855779879e-6
4.853151836112284e-6	6.7897815424e-6
4.9777075988285876e-6	7.0003276888e-6
5.105460075708721e-6	7.2174137482e-6
5.23649131004895e-6	7.4412431896e-6
5.370885450453196e-6	7.6720258223e-6
5.50872880628826e-6	7.9099779932e-6
5.650109900863957e-6	8.1553227914e-6
5.795119530300961e-6	8.4082902582e-6
5.943850820407954e-6	8.6691176041e-6
6.096399287540182e-6	8.9380494329e-6
6.252862899173608e-6	9.2153379719e-6
6.41334213732294e-6	9.5012433105e-6
6.577940062244037e-6	9.7960336448e-6
6.7467623804020965e-6	0.0000100999855316
6.91991751016477e-6	0.0000104133841486
7.0975166526142015e-6	0.0000107365235639
7.279673863212248e-6	0.0000110697070135
7.46650612460322e-6	0.0000114132471877
7.658133421122947e-6	0.0000117674665257
7.854678817289247e-6	0.0000121326975207
8.056268535723621e-6	0.0000125092830334
8.263032038769955e-6	0.0000128975766158
8.475102110682004e-6	0.0000132979428451
8.69261494464543e-6	0.0000137107576681
8.915710228377908e-6	0.0000141364087561
9.144531235132568e-6	0.0000145752958709
9.3792249152702e-6	0.000015027831243
9.619941990106553e-6	0.0000154944399597
9.866837050309796e-6	0.000015975560312
0.00001012006865259168	0.0000164716441505
0.000010379799424361486	0.0000169831573939
0.00001064619616610489	0.0000175105804788
0.000010919429959166167	0.0000180544088115
0.00001119967627637424	0.000018615153235
0.00001148711509352189	0.0000191933405099
0.000011781931005395147	0.0000197895138108
0.000012084313344646521	0.0000204042332375
0.000012394456302943339	0.0000210380763429
0.000012712559056097456	0.0000216916386766
0.00001303882589147009	0.0000223655343459
0.000013373466339926792	0.0000230603965945
0.000013716695309214358	0.0000237768783983
0.000014068733223025469	0.000024515653081
0.00001442980616262278	0.0000252774149479
0.0000148001460110225	0.0000260628799397
0.00001517999060258129	0.0000268727863072
0.000015569583876280173	0.0000277078953061
0.00001596917603043039	0.0000285689919145
0.000016379023686195197	0.0000294568855715
0.000016799390050258503	0.0000303724109403
0.000017230545084034393	0.0000313164286936
0.000017672765677995602	0.0000322898263245
0.000018126335829130193	0.0000332935189823
0.000018591546822664062	0.0000343284503343
0.00001906869742003992	0.0000353955934544
0.000019558094050308887	0.0000364959517397
0.00002006005100692543	0.0000376305598551
0.000020574890649661238	0.000038800484708
0.00002110294361135367	0.000040006826453
0.00002164454901119504	0.0000412507195276
0.00002220005467143458	0.0000425333337206
0.00002276981734090561	0.0000438558752739
0.000023354202925093623	0.000045219588018
0.000023953586719332582	0.0000466257545434
0.00002456835365195474	0.0000480756974085
0.00002519889852999991	0.0000495707803844
0.000025845626292887567	0.0000511124097395
0.00002650895227348294	0.0000527020355635
0.000027189302463713306	0.0000543411531326
0.00002788711378814709	0.0000560313043173
0.000028602834385820095	0.0000577740790343
0.000029336923896896374	0.0000595711167432
0.000030089853757860615	0.0000614241079901
0.000030862107504673346	0.0000633347959991
0.000031654181083888924	0.0000653049783135
0.00003246658316946128	0.0000673365085069
0.00003329983549120943	0.0000694312985047
0.000034154473168970726	0.0000715913205686
0.000035031045055570085	0.0000738186085792
0.00003593011409144897	0.0000761152599255
0.00003685225766384463	0.0000784834374919
0.000037798067979051	0.0000809253717067
0.00003876815244207369	0.0000834433626548
0.00003976313404709161	0.0000860397822571
0.0000407836517775877	0.0000887170765176
0.00004183036101558002	0.0000914777678412
0.000042903933964503344	0.0000943244574244
0.00004400506007948482	0.0000972598277207
0.000045134446510132516	0.0001002866449829
0.00004629281855526829	0.000103407761886
0.0000474809201284672	0.0001066261202313
0.00004869951423582557	0.0001099447537363
0.000049949383465957635	0.0001133667909113
0.000051231330491936353	0.0001168954580265
0.00005254617858859113	0.0001205340821723
0.00005389477215862136	0.000124286094415
0.000055277977277479576	0.0001281550330526
0.00005669668224792363	0.0001321445469711
0.000058151798170210094	0.0001362583991077
0.000059644259529350844	0.0001405004700215
0.0000611750247926075	0.0001448747615768
0.00006274507702689284	0.0001493854007417
0.00006435542452896965	0.0001540366435059
0.00006600710147413463	0.0001588328789216
0.00006770116857912148	0.0001637786332709
0.00006943871378405796	0.0001688785743644
0.0000712208529509173	0.0001741375159739
0.00007304873058017022	0.0001795604224053
0.0000749235205462065	0.0001851524132143
0.0000768464268503884	0.00019091876807
0.00007881868439457991	0.0001968649317717
0.00008084155977486735	0.0002029965194228
0.00008291635209348069	0.0002093193217672
0.00008504439379517192	0.0002158393106933
0.00008722705152094124	0.0002225626449108
0.00008946572698678879	0.0002294956758054
0.00009176185788351128	0.0002366449534779
0.00009411691880067129	0.0002440172329727
0.00009653242217217975	0.0002516194807015
0.00009900991924917967	0.0002594588810693
0.0001015510010951118	0.0002675428433081
0.00010415729960808137	0.0002758790085257
0.00010683048856910404	0.0002844752569753
0.00010957228471594634	0.0002933397157248
0.0001123844488468268	0.0003024807686629
0.00011526878695056486	0.0003119070641653
0.00011822715136630605	0.0003216275217971
0.0001212614419739605	0.0003316513408048
0.00012437360741308047	0.0003419880089151
0.00012756564633501055	0.0003526473114103
0.00013083960868688952	0.0003636393404916
0.00013419759702664987	0.0003749745049375
0.0001376417678749876	0.0003866635400673
0.00014117433309918342	0.0003987175180192
0.00014479756133417817	0.0004111478583534
0.00014851377943862778	0.0004239663389901
0.00015232537399077252	0.000437185107493
0.00015623479281928513	0.0004508166927095
0.00016024454657677744	0.0004648740167786
0.00016435721035141417	0.0004793704075191
0.0001685754253206161	0.0004943196112081
0.00017290190044742107	0.000509735805765
0.00017733941422064023	0.0005256336143514
0.00018189081643852565	0.0005420281194014
0.00018655903003879224	0.0005589348770956
0.0001913470529764171	0.0005763699322929
0.0001962579601492153	0.0005943498339351
0.0002012949053706237	0.0006128916509382
0.00020646112339822457	0.0006320129885868
0.0002117599320077708	0.0006517320054477
0.00021719473412664764	0.0006720674308181
0.000222769020017671	0.0006930385827269
0.0002284863695206157	0.0007146653865049
0.00023435045435204308	0.0007369683939438
0.00024036504046285887	0.0007599688030615
0.000246533990456445	0.000783688478493
0.0002528612660699252	0.0008081499725277
0.0002593509307179959	0.0008333765468126
0.00026600715210244914	0.0008593921947426
0.00027283420488909604	0.0008862216645615
0.0002798364734520892	0.0009138904831934
0.00028701845469133205	0.0009424249808299
0.00029438476091785674	0.0009718523162968
0.0003019401228188298	0.0010022005032242
0.0003096893924928014	0.0010334984370463
0.0003176375465677105	0.0010657759228571
0.00032578968939652716	0.0010990637041495
0.00033415105633423007	0.0011333934924651
0.0003427270171015206	0.0011687979979844
0.00035152307923243145	0.0012053109610874
0.0003605448916109477	0.0012429671849146
0.0003697982480994843	0.0012818025700626
0.0003792890912597895	0.0013218541566916
0.0003890235161688325	0.0013631601568092
0.0003990077743328045	0.0014057599878538
0.0004092482777029297	0.0014496943108736
0.00041975160279251805	0.0014950050699404
0.0004305244949000929	0.0015417355328163
0.00044157387244257734	0.0015899303329163
0.00045290683139683006	0.0016396355126078
0.0004645306498577805	0.0016908985678879
0.00047645279271173955	0.001743768494485
0.0004886809164308588	0.0017982958354285
0.0005012228739904447	0.0018545327301347
0.0005140867199116861	0.0019125329650565
0.0005272807154337782	0.0019723520259475
0.0005408133338205601	0.0020340471517916
0.0005546932658016678	0.0020976773904529
0.0005689294251530348	0.002163303656098
0.0005835309544224314	0.0022309887884509
0.0005985072308003229	0.0023007976139368
0.0006138678721420228	0.0023727970087753
0.0006296227431445508	0.0024470559640871
0.0006457819616807565	0.0025236456530767
0.0006623559052989558	0.0026026395003591
0.0006793552178858042	0.0026841132534973
0.000696790816502646	0.002768145056824
0.0007146738983964754	0.0028548155276173
0.0007330159481909154	0.0029442078347094
0.0007518287452609081	0.0030364077796027
0.0007711243712985128	0.0031315038801762
0.0007909152180715193	0.0032295874570638
0.0008112139953816965	0.0033307527227898
0.0008320337392263808	0.0034350968737517
0.0008533878201710752	0.0035427201851385
0.0008752899519356244	0.0036537261088814
0.0008977542002016418	0.0037682213747321
0.0009207949916451683	0.0038863160945695
0.0009444271232019605	0.0040081238700379
0.0009686657715696717	0.0041337619036236
0.0009935265029551725	0.0042633511132798
0.0010190252830701424	0.0043970162507134
0.0010451784873854487	0.0045348860234508
0.0010720029116474488	0.0046770932208037
0.0010995157826633193	0.0048237748438595
0.0011277347693653664	0.0049750722396258
0.0011566779941577338	0.005131131239461
0.0011863640445540368	0.0052921023019285
0.001216811985115589	0.005458140660216
0.0012480413696942113	0.0056294064873088
0.0012800722539892825	0.0058060650993081
0.0013129252084284233	0.0059882870828604
0.001346621331378068	0.0061762484489837
0.0013811822626916001	0.0063701308064598
0.0014166301976087064	0.0065701215407941
0.0014529879010070834	0.0067764139989198
0.0014902787220244153	0.0069892076798329
0.001528526609050906	0.0072087084313482
0.0015677561251114193	0.0074351286531722
0.0016079924636380812	0.0076686875064974
0.001649261464650975	0.0079096111303267
0.0016915896313523342	0.0081581328647442
0.0017350041471464615	0.0084144934813557
0.0017795328930984519	0.0086789414211298
0.0018252044658382668	0.008951733039876
0.0018720481959257982	0.0092331328616064
0.001920094166688009	0.009523413840033
0.0019693732335381107	0.0098228576284627
0.0020199170437907098	0.0101317548583585
0.0020717580569865708	0.0104504054268457
0.002124929565737808	0.0107791187934497
0.0021794657171091436	0.0111182142863609
0.0022354015345466063	0.0114680214185334
0.0022927729403710226	0.0118288802139304
0.0023516167788453987	0.0122011415442447
0.0024119708398395094	0.0125851674764251
0.0024738738830956818	0.0129813316313597
0.0025373656631233537	0.0133900195540684
0.0026024869547275294	0.0138116290957768
0.0026692795791953025	0.0142465708082476
0.0027377864311543838	0.0146952683507647
0.002808051506119272	0.0151581589101708
0.0028801199287461178	0.015635693634379
0.0029540379818121945	0.016128338079784
0.0030298531359379127	0.0166365726730205
0.0031076140800738164	0.0171608931875227
0.003187370752768803	0.0177018112353592
0.003269174374240301	0.018259854774827
0.003353077479269166	0.0188355686343088
0.003439133950936651	0.0194295150529083
0.0035273990552293116	0.0200422742383985
0.0036179294765312053	0.0206744449430315
0.0037107833540261145	0.0213266450577783
0.0038060203190365457	0.0219995122255801
0.0039037015333165523	0.0226937044742179
0.004003889728333652	0.0234099008694157
0.00410664924555207	0.0241488021861284
0.004212046077755407	0.0249111304307412
0.004320147911427226	0.0256976275032633
0.004431024170218275	0.0265090581369959
0.004544746059533336	0.0273462110605043
0.004661386612257044	0.028209899738578
0.00478102073565819	0.0291009631354588
0.0049037252594944306	0.030020266500968
0.005029578985352921	0.0309687021801928
0.005158662737257902	0.0319471904473981
0.005291059413575363	0.0329566803648557
0.005426854040252044	0.0339981506672933
0.005566133825418062	0.0350726106726899
0.005708988215394418	0.036181101220159
0.005855508952134072	0.0373246956356776
0.006005790132140419	0.038504500726445
0.006159928266896413	0.0397216578046651
0.006318022344844455	0.0409773437415755
0.006480173894957684	0.0422727720525563
0.006646487051942252	0.0436091940141822
0.006817068623113743	0.0449878998140913
0.006992028156988751	0.0464102197345752
0.0071714780136382114	0.0478775253708069
0.007355533436845446	0.0493912308846516
0.007544312628116705	0.0509527942950207
0.007737936822590543	0.0525637188057585
0.007936530366895534	0.0542255541720641
0.008140220799007192	0.0559398981064839
0.008349138930153079	0.0577083977255206
0.008563418928820617	0.0595327510379408
0.008783198406920868	0.0614147084758712
0.009008618508164515	0.0633560744698126
0.009239823998703572	0.0653587090687066
0.009476963360103056	0.0674245296062308
0.009720188884694662	0.069555512414505
0.009969656773381587	0.0717536945864285
0.01022552723595132	0.0740211757878781
0.010487964593961868	0.0763601201210349
0.01075713738627274	0.0787727580401133
0.011033218477278757	0.0812613883208073
0.01131638516792629	0.0838283800847728
0.01160681930957731	0.0864761748805058
0.01190470742079413	0.08920728882198
0.012210240807123782	0.0920243147864479
0.012523615683954676	0.0949299246728099
0.012845033302528196	0.097926871721999
0.013174700079183496	0.1010179929008258
0.013512827727918215	0.1042062113507717
0.013859633396353597	0.1074945386531246
0.014215339805187865	0.1108860618075104
0.014580175391228039	0.1143839342829596
0.014954374454094579	0.1179913986877696
0.015338177306688471	0.1217117911783229
0.015731830429523665	0.1255485438900321
0.016135586629016468	0.1295051874177944
0.016549705199840496	0.1335853533461814
0.016974452091446508	0.1377927768295643
0.01741010007885761	0.1421312992222875
0.017856928937846364	0.1466048707589735
0.018315225624608543	0.1512175532849363
0.01878528446004879	0.1559735230366504
0.019267407318794196	0.1608770734720996
0.019761903823061193	0.1659326181507904
0.020269091541494946	0.1711446936630809
0.020789296193116858	0.1765179626084221
0.021322851856500544	0.1820572166219644
0.02187010118432009	0.187767379448913
0.022431395623404068	0.1936535100658549
0.023007095640436265	0.1997208058482
0.023597570953449973	0.2059746057826994
0.02420320076926247	0.2124203937239074
0.02482437402700479	0.2190638016932556
0.025461489647900567	0.2259106132192958
0.026114956791454907	0.232966766717445
0.02678519511822002	0.2402383589074407
0.0274726350593033	0.2477316482664641
0.028177718092793135	0.2554530585157447
0.028900897027278383	0.2634091821381834
0.02964263629264505	0.271606783924368
0.03040341223833549	0.2800528045440434
0.031183713439264137	0.2887543641399188
0.03198404100958175	0.2977187659403497
0.03280490892449508	0.3069534998872239
0.0336468443503435	0.3164662462750051
0.03451038798315112	0.3262648793966511
0.03539609439586118	0.3363574711917108
0.03630453239448971	0.3467522948916364
0.037236285383414156	0.357457828656896
0.03819195174003993	0.3684827592001709
0.039172145199081784	0.3798359853894285
0.04017749524670738	0.3915266218243157
0.041208647524798706	0.403564002378819
0.04226626424558566	0.4159576837026637
0.04335102461692362	0.4287174486734978
0.04446362527848423	0.441853309791287
0.04560478074914203	0.4553755125059277
0.04677522388584272	0.4692945123023138
0.04797570635424831	0.4836204012897908
0.04920699911146129	0.4983628320334306
0.05046989290113778	0.5135315217179718
0.051765198761308286	0.5291362666801552
0.053093748545231	0.5451869328379276
0.05445639545561334	0.5616934452745268
0.055854014592543015	0.5786657769306871
0.05728750351548347	0.5961139363561035
0.05875778281969169	0.6140479544694378
0.060265796727429946	0.6324778702739505
0.06181251369435129	0.6514137154738892
0.06339892703144692	0.6708654979344695
0.06502605554295814	0.69084318392626
0.06669494418065654	0.7113566790923808
0.06840666471492028	0.7324158080748503
0.07016231642302884	0.7540302927339247
0.07196302679512985	0.7762097288921461
0.07380995225831483	0.798963561532269
0.07570427891928852	0.8223010583760685
0.07764722332608989	0.8462312817684426
0.07964003324936997	0.8707630587890506
0.08168398848371412	0.8959049495111224
0.08378040166953818	0.9216652133249131
0.08593061913606946	0.9480517732407002
0.0881360217659713	0.9750721780841063
0.09039802588215223	1.0027335624940077
0.09271808415733768	1.0310426046312782
0.09509768654698454	1.0600054815041968
0.09753836124614171	1.089627821814472
0.10004167567086297	1.119914656225596
0.10260923746481403	1.1508703649535592
0.10524269553170836	1.1824986225779321
0.10794374109424609	1.2148023399699341
0.11071410878022488	1.2477836032323866
0.11355557773652898	1.28144360954537
0.11646997277170978	1.315782599810203
0.11945916552788657	1.3507997879834925
0.12252507568272791	1.3864932869925972
0.1256696721822798	1.422860031123271
0.12889497450543477	1.4598956947706074
0.13220305396085316	1.497594607444436
0.13559603501717096	1.535949664921435
0.13907609666734438	1.5749522364370567
0.1426454738280162	1.6145920678123564
0.14630645877478735	1.6548571804126027
0.15006140261433593	1.6957337658375728
0.1539127167943066	1.7372060762463621
0.15786287465196172	1.7792569587397289
0.16191441300256987	1.8218744469587538
0.16606993376856685	1.865049815539364
0.1703321056505223	1.9087735043872842
0.174703665841001	1.9530350266381373
0.1791874217823971	1.99782293856505
0.18378625296989862	2.043124809545083
0.18850311280070883	2.088927192161989
0.19334103047074352	2.135215592528981
0.19830311291999114	2.1819744409207904
0.20339254682781605	2.229187062810856
0.2086126006594565	2.276835650415491
0.21396662676505868	2.3249012348538076
0.2194580635325704	2.3733636590385276
0.22509043759590103	2.422201551420072
0.23086736609974037	2.471392300712943
0.23679255902251775	2.5209120317409566
0.24286982155896572	2.5707355825447102
0.24910305656384585	2.6208364829023516
0.25549626705837925	2.671186934421677
0.26205355880101666	2.7217577923693255
0.2687791429241767	2.7725185494097393
0.2756773386386654	2.8234373214342283
0.28275257600749315	2.874480835667218
0.2900093987908954	2.9256144212441213
0.2974524673643567	2.9768020024616804
0.3050865617115337	3.0280060949084637
0.31291658449399445	3.0791878046891896
0.3209475641997283	3.130306830962303
0.3291846583724807	3.1813214720158567
0.33763315692395035	3.2321886351111244
0.3462984855310108	3.282863850328053
0.35518620912010423	3.3333012886497024
0.3643020354410809	3.383453784526018
0.37365181873273956	3.4332728631587184
0.38324156348246585	3.482708772750436
0.39307742828234016	3.5317105219606937
0.4031657297842331	3.5802259228104516
0.41351294675638645	3.628201639274007
0.42412572424412925	3.675583241793582
0.43501087783735326	3.7223152679461475
0.44617539804753986	3.7683412894856265
0.4576264547970942	3.8136039859745656
0.4693714020239275	3.8580452252095347
0.4814177824041861	3.901606150631876
0.4937733321962174	3.9442272759017314
0.5064459862088285	3.98584858679666
0.5194438828970819	4.026409650578299
0.5327753695888461	4.065849980207528
0.5464490078455155	4.1041104806600535
0.5604735789602817	4.141132787744891
0.574858089597547	4.176858880797903
0.5896117775770454	4.2112312410807755
0.6047441178064412	4.244193019060146
0.6202648283661547	4.275688209473821
0.6361838767503908	4.305661834060465
0.652511486268305	4.334060131787022
0.6692581426094946	4.360830756364365
0.6864346005779507	4.38592298079524
0.7040518909988792	4.409287908650785
0.7221213278027441	4.43087869172175
0.7406545152911609	4.450650753639478
0.7596633555892293	4.468562019008647
0.779160056289172	4.4845731475403445
0.7991571382901025	4.498647772619313
0.8196674438390348	4.510752743684427
0.8407041447782565	4.52085837174662
0.8622807510043483	4.528938677313745
0.884411119144343	4.534971639938412
0.9071094614545117	4.538939448552168
0.9303903549475862	4.540828751698846
0.9542687507541779	4.5406309067314945
0.9787599837245129	4.538342226991648
1.0038797822765346	4.533964225947506
1.029644278496821	4.5275038572292035
1.0560700185006766	4.51897374946555
1.0831739730581793	4.50839243479764
1.1109735484928787	4.4957845699216055
1.139486597860276	4.481181148495485
1.1687314324131317	4.464619703734793
1.1987268333610939	4.446144500017833
1.2294920639320746	4.4258067123260805
1.2610468817432416	4.403664592357035
1.2934115514894473	4.3797836201674665
1.3266068579573738	4.354236640234049
1.3606541193736101	4.3271039808564185
1.3955752010953872	4.2984735558744935
1.4313925296526007	4.2684409477282035
1.468129107150305	4.237109470952533
1.5058085260407648	4.204590215275159
1.54445498427471	4.171002067566425
1.5840933008413656	4.13647171198283
1.6247489317073986	4.101133607744185
1.66644798616485	4.065129944091516
1.7092172435987258	4.028610572086086
1.7530841706848321	3.991732911922297
1.7980769390290914	3.9546393924675374
1.8442244432594646	3.917397088463987
1.8915563195823104	3.8800555477922773
1.940102964814882	3.8426639338672395
1.9898955559064022	3.8052708737062724
2.040966069960031	3.7679243054521145
2.093347304768815	3.7306713259845
2.147072899878575	3.693558039263358
2.2021773581914474	3.6566294060492757
2.2586960681238826	3.6199290956459027
2.316665326333243	3.583499340303127
2.376122361027793	3.54738079290923
2.4371053558748628	3.5116123885853128
2.4996534745225714	3.4762312107755693
2.563806885751061	3.441272362402804
2.6296067892690624	3.406768842630693
2.6970954421726314	3.372751429741652
2.7663161860828387	3.3392485706035098
2.8373134749801316	3.3062862771585197
2.9101329037528743	3.273888030326196
2.9848212374787035	3.242074691665957
3.061426441457257	3.210864423098533
3.1399977120139053	3.1802726149356313
3.220585508093848	3.1503118224171223
3.303241583667196	3.120991710903299
3.3880190209655896	3.092319009818071
3.474972264572072	3.0642974753869647
3.5641571563856336	3.0369278621627127
3.655630971483268	3.0102079032806173
3.74945245490227	2.98413229933709
3.8456818593668065	2.958692715737395
3.9443809839824793	2.9338777883139424
4.045613213924138	2.9096731369737183
4.1494435611421085	2.8860613870940908
4.255938706113434	2.863022198349527
4.365167040664363	2.8405323006189427
4.477198711892055	2.8185655365935363
4.592105667213346	2.7970929106793596
4.709961700570004	2.7760826437665758
4.830842499819514	2.7555002334194176
4.954825695342353	2.735308519026312
5.0819909098965415	2.7154677514393057
5.212419809752075	2.695935666625126
5.346196157137355	2.676667562847364
5.48340586403187	2.6576163808996385
5.624137047339244	2.638732786913684
5.768480085476662	2.619965257273252
5.916527676416332	2.6012602860221534
6.068374897216557	2.5825837009491126
6.2241192650810415	2.5639456225615525
6.383860799984864	2.5453614013844925
6.547702088908003	2.5268457813453398
6.715748351717126	2.5084128869867817
6.888107508738701	2.4900762127312164
7.064890250065902	2.4718486141411593
7.2462101066445515	2.4537423011129165
7.432183523183176	2.4357688329346407
7.6229299329348095	2.4179391151343568
7.818571834397546	2.400263398039032
8.019234869983924	2.382751276961723
8.225047906709019	2.365411693930795
8.436143118949952	2.3482529408727055
8.652656073328863	2.3312826641582585
8.87472581577472	2.3145078704210347
9.102494960819207	2.2979349335563723
9.336109783185027	2.2815696028093098
9.575720311724144	2.265417011860712
9.821480425767373	2.249481688821855
10.073547953946315	2.2337675670494463
10.332084775552305	2.218277996694972
10.59725692449596	2.2030157569048057
10.869234695935337	2.187983068590035
11.14819275564019	2.1731816076880346
11.434310252163845	2.158612518840904
11.727770931893188	2.144276429419367
12.028763257051853	2.1301734638241565
12.337480526731479	2.1163032580005807
12.654121001030047	2.1026649741056067
12.978888028375387	2.0892573152706824
13.31199017611695	2.076078540407112
13.653641364468633	2.063126479004689
14.004061003890202	2.0503985458779037
14.363474135993652	2.0378917558178036
14.732111578066474	2.0256027381110804
15.110210071303502	2.0135277508915257
15.49801243284418	2.0016626952922807
15.895767711710853	1.9900031293707128
16.30373134874927	1.9785442817807704
16.722165340674852	1.9672810651706887
17.151338408328165	1.9562080892868439
17.59152616924928	1.9453196737671659
18.043011314680548	1.934609860610158
18.506083791113337	1.9240724263078819
18.981040986492967	1.9137008936336395
19.468187921203278	1.9034885430770594
19.967837443952032	1.8934285005889908
20.480310432685062	1.8835167922148486
21.005936000655492	1.873753373285778
21.54505170778252	1.8641382881047783
22.098003777433874	1.8546713926674492
22.66514731877342	1.8453523619908943
23.246846554813846	1.836180697287656
23.84347505632318	1.8271557329770929
24.45541598173353	1.8182766435278548
25.08306232320876	1.8095424501261606
25.726817159025753	1.800952027165686
26.387093912434082	1.7925041085557616
27.064316617158177	1.7841972938454944
27.75892018971546	1.776030054162234
28.471350708721612	1.768000737963573
29.202065701365363	1.76010757660273
29.9515344372344	1.7523486897078178
30.720238229684345	1.7447220903760083
31.508670744940293	1.737225690184212
32.31733831913271	1.729857304018243
33.14676028346861	1.722614654722932
33.99746929775055	1.7154953775759318
34.87001169245313	1.708497024588365
35.76494781958015	1.7016170686356622
36.68285241252507	1.6948529074222234
37.624314955169794	1.6882018672836956
38.589940060453735	1.681661206830885
39.58034785866049	1.6752281204393988
40.59617439566811	1.6688997415892695
41.63807204142327	1.6626731460588466
42.70670990889643	1.656545354977366
43.80277428378925	1.6505133377405896
44.92696906527326	1.6445740147939336
46.08001621803696	1.6387242602875474
47.262656235936504	1.6329609046077325
48.47564861754408	1.6272807367891047
49.7197723539044	1.6216805068118163
50.99582642880618	1.6161569277881647
52.30463033189506	1.610706678042783
53.64702458495332	1.6053264030905878
55.02387128169026	1.6000127175165242
56.43605464138254	1.5947622067611413
57.884481576725925	1.5895714288158553
59.37008227625845	1.584436915831722
60.89381080173559	1.5793551756453963
62.45664570083285	1.5743226932259036
64.05959063557587	1.5693359320456908
65.70367502689646	1.5643913353793555
67.38995471573558	1.5594854395447177
69.11951264110907	1.5546166599280313
70.89345953557853	1.5497849752163526
72.71293463856853	1.544990393101804
74.57910642799601	1.5402329028581185
76.49317337067188	1.5355124763415153
78.45636469196475	1.5308290689482702
80.46994116521464	1.526182620530435
82.53519592141255	1.5215730562710814
84.65345527965488	1.5170002875205
86.82607959891459	1.5124642125946923
89.05446415166972	1.507964717537522
91.34004001995926	1.5035016768478209
93.68427501443038	1.4990749541727715
96.0886746169766	1.4946844029688036
98.55478294756466	1.4903298671312617
101.08418375588163	1.4860111815940278
103.67850143842595	1.4817281729002871
106.33940208170618	1.477480659745577
109.06859453220873	1.4732684534942317
111.86783149383383	1.469091358670286
114.73891065349059	1.46494917342391
117.68367583557979	1.460841689974379
120.7040181861139	1.4567686950305474
123.80187738721932	1.4527299701898087
126.97924290281365	1.4487252923164347
130.23815525624792	1.4447544339002036
133.5807073407483	1.4408171633961582
137.0090457634812	1.436913245546341
140.52537222411945	1.4330424416842953
144.131944928783	1.4292045100231099
147.83108004027858	1.4253992059277365
151.62515316554936	1.4216262821723182
155.51660088130637	1.4178854891831918
159.50792229880844	1.4141765752682498
163.6016806688129	1.4104992868332682
167.8005050277065	1.4068533685858475
172.10709188589084	1.4032385637275195
176.52420695949277	1.3996546141346091
181.05468694653115	1.3961012605283676
185.70144134865674	1.3925782426349202
190.4674543396544	1.3890852993355003
195.35578668189206	1.3856221688074701
200.36957769196886	1.382188588656556
205.51204725679804	1.3787842960407604
210.7864979014403	1.3754090277863522
216.19631690999992	1.3720625204963404
221.74497850096756	1.3687445106518084
227.43604605837862	1.3654547299067883
233.27317442024318	1.3621928677057809
239.26011222569858	1.3589585916836864
245.4007043224177	1.3557515695432243
251.69889423578724	1.3525714693122868
258.15872670146666	1.349417959407903
264.78435026293477	1.3462907086953588
271.5800199357205	1.343189386542704
278.55009993999215	1.3401136628709422
285.69906650328966	1.3370632082001028
293.0315107351774	1.3340376936914549
300.55214157569424	1.3310367911860512
308.2657888194553	1.3280601732398405
316.17740621737966	1.3251075131555154
324.2920746580102	1.3221784850113125
332.6150054305042	1.319272763686907
341.1515435713484	1.3163900248866116
349.9071712969663	1.3135299451600095
358.88751152444496	1.3106922019201854
368.09833148259713	1.3078764734597066
377.5455464157155	1.3050824389644755
387.23522338236717	1.3023097785256073
397.1735851517121	1.299558173149428
407.3670141997916	1.2968273047657415
417.8220568083997	1.2941168562344516
428.54542726913223	1.2914265113506658
439.5440121953635	1.2887559548483583
450.8248749448593	1.286104872402714
462.39526015591434	1.2834729506312192
474.2625983998894	1.2808598770936082
486.43451095318903	1.2782653402907123
498.9188146916781	1.2756890296623327
511.7235271107338	1.2731306355841683
524.8568714741155	1.2705898493638932
538.327282095015	1.2680663632364344
552.1434097526108	1.2655598703585178
566.314127247657	1.2630700648025384
580.848535100634	1.26059664154981
595.7559673961822	1.2581392964832365
611.0459977774909	1.2556977263794733
626.728445594559	1.2532716289006
642.8133822102232	1.2508607025853733
659.3111374680735	1.2484646468400715
676.2323063263256	1.246083161928995
693.5877556619745	1.2437159489646457
711.3886312495503	1.24136270989762
729.6463649190308	1.239023147506247
748.3726818974128	1.2366969653860058
767.5796083387334	1.2343838939652818
787.2794790473174	1.2320837955411013
807.4849453992967	1.2297965743356218
828.2089834673774	1.2275221353192451
849.4649023541645	1.2252603841866248
871.2663527393239	1.2230112273473361
893.627335646168	1.220774571916402
916.5622114331785	1.2185503257046908
940.0857090162975	1.2163383972092183
964.2129353279638	1.214138695603351
988.9593850188511	1.2119511307269448
1014.3409504086396	1.2097756130764226
1040.373931692132	1.2076120537948194
1067.0750474073789	1.205460364661787
1094.4614451723974	1.2033204580835946
1122.5507126974899	1.2011922470831196
1151.360889080147	1.1990756452898501
1180.9104763899104	1.1969705669299013
1211.218451550485	1.1948769268160635
1242.3042785268485	1.1927946403378846
1274.1879208250946	1.1907236234517988
1306.8898543131672	1.1886637926713037
1340.431080370554	1.1866150650572036
1374.8331393755166	1.184577358207913
1410.1181245384137	1.1825505902498366
1446.3086960901517	1.1805346798278213
1483.4280958346842	1.1785295460956975
1521.5001620750581	1.1765351087069034
1560.5493449224762	1.174551287805203
1600.600721998366	1.1725780040154983
1641.6800145393418	1.1706151784347392
1683.8136039155577	1.1686627326229415
1727.0285485729376	1.166720588594301
1771.352601410343	1.1647886688084212
1816.8142276026042	1.162866896161651
1863.4426228810562	1.160955193978528
1911.2677322831573	1.1590534860033435
1960.3202693834544	1.1571616963918148
2010.6317360179728	1.1552797497028788
2062.234442514915	1.153407570890599
2115.161528444489	1.1515450852961946
2169.446983901429	1.1496922186401826
2225.1256713335815	1.1478488970146443
2282.2333479308095	1.146015046875609
2340.806688588415	1.1441905950355569
2400.8833094600723	1.142375468656042
2462.501792115102	1.1405695952404327
2525.7017083157366	1.1387729026260844
2590.5236454304513	1.1369853180669782
2657.009232499342	1.1352067664347643
2725.2011669685908	1.1334371724162913
2795.143242110942	1.1316764610059986
2866.880375150123	1.1299245574993495
2940.458636106883	1.128181387486384
3015.925277385476	1.1264468768453848
3093.328764119357	1.1247209517366636
3172.718805295912	1.1230035385964503
3254.1463856797836	1.121294564130907
3337.6637985556436	1.1195939553102439
3423.324679311157	1.117901639362956
3511.184039882099	1.116217543770154
3601.298304081256	1.1145415962600176
3693.7253438341877	1.112873724802348
3788.52451634483	1.1112138576032273
3885.756702215196	1.1095619230997815
3985.484344543173	1.107917849955047
4087.7714890239063	1.1062815670529367
4192.683825080221	1.1046530034933109
4300.288728048935	1.1030320885871379
4410.655302449594	1.1014187518517604
4523.854426363878	1.0998129230062523
4639.958796953795	1.0982145319668737
4759.042977148446	1.0966235088426135
4881.18344352864	1.0950397839308281
5006.458635440706	1.0934632877129666
5134.94900537056	1.0918939508503893
5266.737070610996	1.0903317041802674
5401.907466254645	1.0887764787115697
5540.546999547224	1.0872282056211384
5682.744705635512	1.085686816249843
5828.591904746498	1.0841522420988134
5978.1822608336215	1.08262441482576
6131.611841728423	1.081103266241365
6288.979180835701	1.079588728305759
6450.385340412529	1.0780807331250617
6615.933976470919	1.0765792129480103
6785.731405346193	1.0750841001626508
6959.886671974259	1.0735953272931062
7138.511619920747	1.0721128269964122
7321.720963207712	1.0706365320594227
7509.632359983471	1.0691663753957876
7702.366488083692	1.0677022900429876
7900.047122531213	1.0662442091594433
8102.801215025228	1.0647920660216814
8310.758975470206	1.0633457940215711
8524.053955597814	1.0619053268843162
8742.823134734435	1.0604706190928932
8967.207007770221	1.0590416624340946
9197.34967538552	1.0576184526926964
9433.398936593585	1.0562009857545076
9675.506383657732	1.0547892576040354
9923.827499444955	1.0533832643221985
10178.52175727767	1.0519830020840928
10439.752723348869	1.0505884671568018
10707.688161765054	1.049199655897259
10982.500142285491	1.0478165647501547
11264.36515082615	1.046439190245892
11553.464202800482	1.0450675289985814
11849.982959368313	1.0437015777040863
12154.11184666873	1.0423413331381088
12466.046178112541	1.0409867921543188
12785.986279814257	1.0396379516825234
13114.137619242385	1.0382948087268786
13450.710937172058	1.03695736036414
13795.922383023672	1.0356256037419536
14149.993653675892	1.0342995360771843
14513.152135840377	1.0329791546542797
14885.631052091076	1.0316644568236775
15267.669610640787	1.030355440000242
15659.51315896271	1.0290521016617364
16061.413341353698	1.0277544393473355
16473.628260541933	1.0264624506561648
16896.422643441616	1.0251761332458804
17330.068011162883	1.0238954848312731
17774.842853383958	1.0226205031829105
18231.032807198542	1.021351186125809
18698.93084055442	1.0200875315381328
19178.837440398747	1.0188295373499257
19671.060805652847	1.0175772015418743
20175.91704513889	1.0163305221440937
20693.73038058768	1.0150894972349458
21224.833354855302	1.0138541249398825
21769.567045484422	1.012624403430318
22328.281283745742	1.0114003309225252
22901.334879302674	1.0101819056765562
23489.09585064046	1.0089691259951934
24091.94166141021	1.007761990222919
24710.25946283764	1.0065604967449107
25344.446342354964	1.0053646439860635
25994.90957861216	1.0041744304100284
26662.06690303414	1.0029898545182803
27346.34676808966	1.0018109148492027
28048.18862244718	1.0006376099771948
28768.043193190748	0.9994936245297404
29506.372775280015	0.9983820242981674
30263.651528438073	0.9972737462633211
31040.365781660887	0.996168774285562
31837.014345539912	0.9950670923337182
32654.10883260174	0.9939686844841553
33492.17398586778	0.9928735349198569
34351.74801584883	0.9917816279295119
35233.382946186175	0.9906929479066138
36137.644968165005	0.9896074793485687
37065.11480432486	0.9885252068558131
38016.388081404686	0.9874461151309383
38992.07571285689	0.9863701889778266
39992.804291180255	0.9852974133007958
41019.216490320236	0.984227773103752
42071.97147839976	0.98316125348935
43151.745341039896	0.9820978396581651
44259.23151554668	0.9810375169078702
45395.14123623951	0.9799802706324249
46560.203991212016	0.9789260863212684
47755.16799081278	0.9778749495585242
48980.80064814957	0.976826846022212
50237.88907192863	0.9757817614834666
51527.24057193935	0.9747396818057651
52849.68317751421	0.9737005929441626
54206.06616929272	0.9726644809445353
55597.260624636794	0.9716313319428306
57024.159977040465	0.9706011321643248
58487.680589899035	0.9695738679228891
59988.762345001516	0.9685495256202632
61528.36924613091	0.967528091745333
63107.49003815163	0.9665095528734203
64727.138841988235	0.9654938956655755
66388.3558058983	0.9644811068678804
68092.20777346456	0.9634711733107545
69839.78896872651	0.9624640819082719
71632.2216988987	0.9614598196574816
73470.6570751212	0.9604583736377381
75356.27575171312	0.9594597310100343
77290.2886843939	0.9584638790163443
79273.93790796763	0.9574708049789714
81308.49733396283	0.9564804962999028
83395.27356874978	0.9554929404601701
85535.60675264851	0.9545081250192161
87730.87142057641	0.9535260376142682
89982.4773847803	0.9525466659597187
92291.87064023012	0.9515699978465082
94660.53429324311	0.9505960211415184
97089.98951394508	0.9496247237869684
99581.79651317227	0.9486560937998186
102137.5555444522	0.9476901192711784
104758.9079316936	0.9467267883657208
107447.53712325584	0.9457660893211027
110205.16977306671	0.9448080104473913
113033.57684949455	0.9438525401264932
115934.57477267178	0.9428996668115929
118910.02658101253	0.9419493790265928
121961.84312766381	0.9410016653655632
125091.98430767198	0.9400565144921911
128302.46031663676	0.9391139151392407
131595.33294166822	0.9381738561080156
134972.71688548443	0.9372363262678257
138436.78112448254	0.9363013145554608
141989.75030167063	0.9353688099746683
145633.90615534293	0.9344388015956367
149371.5889844317	0.933511278554482
153205.19915145752	0.9325862300527406
157137.1986240589	0.9316636453568666
161170.112556078	0.9307435137977343
165306.53090923672	0.9298258247701437
169549.11011642098	0.9289105677323318
173900.5747876606	0.9279977322054885
178363.71945988538	0.9270873077732775
182941.41039160083	0.9261792840813595
187636.58740361204	0.9252736508369217
192452.26576699674	0.9243703978082118
197391.53813952545	0.9234695148240755
202457.5765517929	0.9225709917734973
207653.63444430995	0.9216748186051482
212983.04875688563	0.9207809853269344
218449.24207162406	0.919889482005554
224055.72481093637	0.9190002987660526
229806.09749194916	0.9181134257913881
235704.0530387817	0.9172288533219958
241753.3791541573	0.9163465716553604
247957.96075189894	0.9154665711455886
254321.78245183782	0.9145888422029882
260848.93113876376	0.9137133752936502
267543.5985870401	0.9128401609390348
274410.0841525974	0.91196918971556
281452.79753399856	0.9111004522541961
288676.26160437794	0.9102339392400614
296085.1153160493	0.909369641412024
303684.11667968164	0.9085075495623052
311478.1458199142	0.9076476545360863
319472.208109406	0.9067899472311216
327671.437383308	0.9059344185973522
336081.09923625615	0.9050810596365237
344706.59440396156	0.9042298614018079
353553.4622315885	0.9033808149974283
362627.3842311695	0.902533911578287
371934.1877302974	0.9016891423495975
381479.8496144753	0.9008464985665181
391270.5001654978	0.9000059715337914
401312.4269983715	0.899167552605384
411612.079099248	0.8983312331841314
422176.0709670083	0.8974970047213856
433011.18686112156	0.8966648587166655
444124.38515855494	0.8958347867173101
455522.8028224749	0.8950067803181352
467213.75998565316	0.8941808311610935
479204.76465148723	0.8933569309349371
491503.51751570584	0.8925350713748823
504117.9169117888	0.8917152442622786
517056.0638833318	0.8908974414242794
530326.2673865702	0.890081654733518
543937.049626464	0.8892678761077815
557897.151529694	0.888456097509693
572215.5383581459	0.8876463109463932
586901.405466439	0.8868385084692262
601964.1842072636	0.8860326821734261
617413.5479882362	0.8852288241978092
633259.4184842283	0.8844269267244661
649511.9720091094	0.8836269819784588
666181.6460510629	0.8828289822275178
683279.1459755871	0.8820329197817443
700815.4519005545	0.881238786993313
718801.8257476907	0.8804465762561795
737249.8184750781	0.8796562800057872
756171.2774952308	0.8788678907187797
775578.3542835858	0.8780814009127135
795483.5121822315	0.8772968031457752
815899.5344039747	0.8765140900164984
836839.5322417745	0.8757332541634856
858316.9534889066	0.8749542882651303
880345.5910751927	0.8741771850393438
902939.5919249393	0.8734019372432814
926113.4660421609	0.8726285376730729
949882.0958289728	0.8718569791635561
974260.7456431973	0.8710872545880093
999265.0716012028	0.8703193568578893
1.024911131632368e6	0.8695532789225698
1.0512153957915537e6	0.8687890137690836
1.0781947568363147e6	0.8680265544218637
1.1058665410755011e6	0.8672658939424905
1.134248519496336e6	0.8665070254294385
1.1633589191770167e6	0.8657499420178262
1.1932164349923038e6	0.8649946368791674
1.22384024161945e6	0.8642411032211249
1.2552500058523125e6	0.8634893342872663
1.287465899231449e6	0.862739323356822
1.3205086109984585e6	0.8619910637444443
1.3543993613826998e6	0.8612445487999697
1.3891599152290716e6	0.8604997719081814
1.4248125959754887e6	0.8597567264885767
1.4613802999891846e6	0.8590154059951327
1.498886511270861e6	0.8582758039160766
1.5373553165362745e6	0.8575379137736562
1.5768114206848282e6	0.8568017291239143
1.6172801626652717e6	0.8560672435564621
1.6587875317484846e6	0.8553344506942568
1.7013601842179664e6	0.8546033441933799
1.745025460488615e6	0.8538739177428181
1.7898114026649774e6	0.8531461650642443
1.8357467725500122e6	0.8524200799118026
1.882861070116118e6	0.8516956560718928
1.9311845524501423e6	0.8509728873629595
1.980748253184743e6	0.8502517676352788
2.0315840024283233e6	0.8495322907707507
2.0837244472065482e6	0.8488144506826909
2.1372030724284025e6	0.8480982413156254
2.1920542223904906e6	0.8473836566450854
2.248313122833091e6	0.8466706906774046
2.306015903562372e6	0.8459593374495191
2.365199621653109e6	0.8452495910287673
2.425902285247054e6	0.8445414455126917
2.488162877961953e6	0.843834895028843
2.5520213839270025e6	0.8431299337345858
2.6175188134610057e6	0.8424265558169042
2.684697229409379e6	0.8417247554922108
2.7535997741571986e6	0.8410245270061564
2.8242706973354304e6	0.8403258646334418
2.8967553842384177e6	0.8396287626776295
2.971100384970523e6	0.8389332154709589
3.047353444340921e6	0.838239217374161
3.125563532525524e6	0.8375467627762772
3.205780876516046e6	0.8368558460944758
3.288056992376003e6	0.8361664617738737
3.3724447183246794e6	0.8354786042873563
3.458998248670063e6	0.834792268135402
3.5477731686128923e6	0.8341074478459047
3.6388264899437204e6	0.8334241379740003
3.73221668765628e6	0.8327423331018928
3.8280037375003695e6	0.8320620278386838
3.926249154498805e6	0.8313832168202003
4.0270160324526303e6	0.8307058947088267
4.1303690844603977e6	0.8300300561933367
4.236374684477191e6	0.8293556959887267
4.3451009099405585e6	0.8286828088360504
4.456617585490135e6	0.8280113895022547
4.570996327809509e6	0.8273414327800171
4.688310591618772e6	0.8266729334875847
4.80863571684776e6	0.8260058864686125
4.9320489770196965e6	0.8253402865920056
5.058629628876778e6	0.8246761287517609
5.188458963279196e6	0.8240134078668105
5.321620357410824e6	0.8233521188808662
5.458199328324416e6	0.822692256762265
5.598283587861249e6	0.8220338165038164
5.74196309898003e6	0.8213767931226499
5.889330133531904e6	0.8207211816600649
6.040479331517826e6	0.8200669771813804
6.19550776186703e6	0.8194141747757866
6.354514984775106e6	0.8187627695561976
6.517603115642421e6	0.8181127566591051
6.6848768906530775e6	0.817464131244433
6.856443734037209e6	0.8168168884953928
7.032413827059286e6	0.8161710236183423
7.212900178777466e6	0.815526531842641
7.398018698618569e6	0.8148834084205112
7.587888270815646e6	0.8142416486268977
7.7826308307564575e6	0.8136012477593283
7.982371443290923e6	0.8129622011377763
8.187238383048623e6	0.8123245041045238
8.397363216817318e6	0.8116881520240267
8.612880888036273e6	0.811053140282778
8.83392980345753e6	0.8104194642891759
9.060651922031676e6	0.80978711947339
9.29319284607449e6	0.8091561012872301
9.531701914774e6	0.8085264052040149
9.77633230009678e6	0.8078980267184418
1.0027241105156027e7	0.807270961346459
1.0284589465103863e7	0.8066452046251371
1.0548542650613716e7	0.8060207521125414
1.081927017401787e7	0.8053975993876068
1.1096945898169464e7	0.8047757420500116
1.1381748148097942e7	0.8041551757200545
1.1673859825530948e7	0.8035358960385297
1.1973468526354598e7	0.8029178986666058
1.228076666108887e7	0.8023011792857032
1.2595951578454442e7	0.8016857335973745
1.2919225692111764e7	0.8010715573231834
1.3250796610651992e7	0.8004586462045864
1.3590877270924648e7	0.799846996002815
1.393968607478659e7	0.7992366024987578
1.4297447029361561e7	0.7986274614928449
1.4664389890898546e7	0.7980195688049311
1.5040750312322833e7	0.7974129202741824
1.54267699945733e7	0.796807511758962
1.5822696841824885e7	0.796203339136716
1.6228785120693699e7	0.7956003983038628
1.6645295623528818e7	0.7949986851756796
1.707249583589425e7	0.7943981956861946
1.7510660108350452e7	0.793798925788074
1.7960069832643487e7	0.7932008714525149
1.842101362241674e7	0.7926040286691364
1.88937874985598e7	0.7920083934458719
1.9378695079315696e7	0.7914139618088626
1.9876047775265943e7	0.790820729802351
2.0386164989319902e7	0.7902286934885764
2.090937432183807e7	0.7896378489476694
2.1446011781018496e7	0.7890481922775489
2.199642199868352e7	0.7884597195938183
2.256095845160385e7	0.7878724270296644
2.3139983688504357e7	0.7872863107357543
2.3733869562894486e7	0.7867013668801349
2.4342997471875135e7	0.7861175916481336
2.496775860107348e7	0.7855349812422576
2.5608554175865807e7	0.7849535318820963
2.6265795719046175e7	0.7843732398042217
2.6939905315109205e7	0.7837941012620923
2.7631315881314535e7	0.783216112525956
2.8340471445710056e7	0.7826392698827536
2.9067827432288624e7	0.7820635696360239
2.9813850953464527e7	0.7814890081058081
3.0579021110055063e7	0.7809155816285578
3.1363829298963223e7	0.7803432865570388
3.2168779528754912e7	0.77977211926024
3.299438874333678e7	0.7792020761232814
3.384118715393977e7	0.7786331535473217
3.4709718579625346e7	0.778065347949468
3.560054079652849e7	0.7774986557626854
3.6514225896065414e7	0.7769330734357072
3.745136065233305e7	0.7763685974329465
3.8412546898940496e7	0.775805224234407
3.9398401915509164e7	0.775242950335596
4.040955882409404e7	0.774681772247436
4.144666699577736e7	0.77412168649618
4.2510392467700325e7	0.7735626896233236
4.3601418370795056e7	0.7730047781855208
4.4720445368496045e7	0.7724479487544985
4.5868192106709145e7	0.7718921979169728
4.704539567533224e7	0.771337522274565
4.825281208161754e7	0.770783918443718
4.9491216735684715e7	0.7702313830556148
5.076140494849255e7	0.7696799127560959
5.2064192442594506e7	0.7691295042055781
5.340041587599977e7	0.7685801540789728
5.477093337947882e7	0.7680318590656071
5.617662510766248e7	0.7674846158691428
5.7618393804281086e7	0.7669384212074976
5.909716538191273e7	0.7663932718127661
6.061388951660826e7	0.7658491644311424
6.216954025778146e7	0.7653060958228415
6.376511665374787e7	0.7647640627620225
6.5401643393320434e7	0.7642230620367119
6.708017146386914e7	0.7636830904487278
6.88017788262741e7	0.7631441448136038
7.056757110719681e7	0.7626062219605144
7.237868230912115e7	0.7620693187321994
7.423627553861475e7	0.7615334319848915
7.614154375328594e7	0.7609985585882411
7.80957105279064e7	0.7604646954252433
8.010003084019937e7	0.7599318393921665
8.215579187679167e7	0.759399987398479
8.426431385985602e7	0.758869136366778
8.64269508949636e7	0.7583392832327175
8.864509184069997e7	0.7578104249449386
9.092016120059589e7	0.7572825584649988
9.325362003795592e7	0.7567556807673023
9.564696691415963e7	0.7562297888390299
9.810173885104802e7	0.755704879680071
1.0061951231800558e8	0.7551809503029554
1.032019042443825e8	0.7546579977327837
1.0585057305789381e8	0.7541360190071617
1.0856721974967308e8	0.7536150111761315
1.113535889666562e8	0.7530949713021067
1.1421147013200875e8	0.7525758964598043
1.1714269859430136e8	0.75205778373618
1.2014915680618319e8	0.7515406302303625
1.2323277553330119e8	0.7510244330535889
1.2639553509425436e8	0.7505091893291395
1.2963946663236304e8	0.749994896192274
1.3296665342008327e8	0.749481550790168
1.363792321968931e8	0.7489691502818494
1.3987939454152533e8	0.7484576918381359
1.4346938827940977e8	0.747947172641572
1.4715151892623746e8	0.7474375898863672
1.5092815116858253e8	0.7469289407783347
1.5480171038251442e8	0.7464212225348292
1.587746841911911e8	0.7459144323846867
1.628496240624213e8	0.7454085675681643
1.6702914694723913e8	0.7449036253368793
1.7131593696052152e8	0.7443996029537497
1.7571274710474548e8	0.7438964976929352
1.8022240103797773e8	0.7433943068397784
1.8484779488725257e8	0.742893027690745
1.8959189910847726e8	0.7423926575533671
1.944577603940793e8	0.7418931937461847
1.9944850362960523e8	0.7413946335986878
2.0456733390054947e8	0.7408969744512603
2.0981753855067378e8	0.7404002136551222
2.152024892931624e8	0.7399043485722738
2.207256443759508e8	0.7394093765754398
2.2639055080264196e8	0.7389152950480133
2.3220084661040792e8	0.7384221013840003
2.381602632063625e8	0.7379297929879652
2.4427262776388633e8	0.7374383672749762
2.505418656804714e8	0.7369478216705504
2.569720030986278e8	0.7364581536106004
2.6356716949150094e8	0.7359693605413804
2.703316003148361e8	0.7354814399194336
2.7726963972702533e8	0.7349943892115379
2.8438574337894475e8	0.7345082058946549