# Internal run number: twoLoop 1918
# All dimensionful quantities in GeV
# Rescaling factor from internal to physical units: 0.971861
# Quantity: interpolated ghost dressing function G
# Syntax: p^2 [GeV^2], G
# Cutoff in GeV^2, renormalization constant Zt3: 971861., 0.797049
# Renormalization point: 0.000000971861
# Renormalization value: 10.
# Lowest/highest calculated points (extrapolated beyond that): 0.000000971861/9718.61
# alpha(mu)=0.05
#
9.718614357484132e-15	9.999999999999998
1.0010172788208655e-14	9.999999999999998
1.0204545075358338e-14	9.999999999999998
1.0496103506082863e-14	9.999999999999998
1.0787661936807387e-14	9.999999999999998
1.1079220367531912e-14	9.999999999999998
1.1273592654681593e-14	9.999999999999998
1.1565151085406118e-14	9.999999999999998
1.185670951613064e-14	9.999999999999998
1.2245454090430006e-14	9.999999999999998
1.253701252115453e-14	9.999999999999998
1.2828570951879055e-14	9.999999999999998
1.321731552617842e-14	9.999999999999998
1.3508873956902943e-14	9.999999999999998
1.3897618531202308e-14	9.999999999999998
1.4189176961926833e-14	9.999999999999998
1.4577921536226198e-14	9.999999999999998
1.4966666110525562e-14	9.999999999999998
1.535541068482493e-14	9.999999999999998
1.5744155259124293e-14	9.999999999999998
1.613289983342366e-14	9.999999999999998
1.6521644407723026e-14	9.999999999999998
1.7007575125597233e-14	9.999999999999998
1.7396319699896596e-14	9.999999999999998
1.7882250417770803e-14	9.999999999999998
1.8270994992070166e-14	9.999999999999998
1.8756925709944376e-14	9.999999999999998
1.9242856427818582e-14	9.999999999999998
1.972878714569279e-14	9.999999999999998
2.0311904007141837e-14	9.999999999999998
2.079783472501604e-14	9.999999999999998
2.128376544289025e-14	9.999999999999998
2.1866882304339295e-14	9.999999999999998
2.2449999165788347e-14	9.999999999999998
2.3033116027237393e-14	9.999999999999998
2.3616232888686442e-14	9.999999999999998
2.4199349750135488e-14	9.999999999999998
2.4782466611584536e-14	9.999999999999998
2.5462769616608428e-14	9.999999999999998
2.6143072621632316e-14	9.999999999999998
2.6823375626656204e-14	9.999999999999998
2.7503678631680095e-14	9.999999999999998
2.8183981636703987e-14	9.999999999999998
2.886428464172787e-14	9.999999999999998
2.9641773790326606e-14	9.999999999999998
3.041926293892534e-14	9.999999999999998
3.119675208752406e-14	9.999999999999998
3.1974241236122794e-14	9.999999999999998
3.275173038472152e-14	9.999999999999998
3.3626405676895095e-14	9.999999999999998
3.450108096906867e-14	9.999999999999998
3.537575626124224e-14	9.999999999999998
3.6250431553415815e-14	9.999999999999998
3.722229298916423e-14	9.999999999999998
3.819415442491264e-14	9.999999999999998
3.916601586066105e-14	9.999999999999998
4.0137877296409465e-14	9.999999999999998
4.1206924875732723e-14	9.999999999999998
4.2275972455055975e-14	9.999999999999998
4.334502003437923e-14	9.999999999999998
4.441406761370248e-14	9.999999999999998
4.558030133660058e-14	9.999999999999998
4.6746535059498674e-14	9.999999999999998
4.800995492597162e-14	9.999999999999998
4.917618864886971e-14	9.999999999999998
5.0439608515342646e-14	9.999999999999998
5.180021452539042e-14	9.999999999999998
5.3063634391863366e-14	9.999999999999998
5.442424040191114e-14	9.999999999999998
5.588203255553376e-14	9.999999999999998
5.724263856558153e-14	9.999999999999998
5.870043071920416e-14	9.999999999999998
6.025540901640162e-14	9.999999999999998
6.181038731359909e-14	9.999999999999998
6.336536561079654e-14	9.999999999999998
6.501753005156885e-14	9.999999999999998
6.666969449234115e-14	9.999999999999998
6.841904507668829e-14	9.999999999999998
7.016839566103543e-14	9.999999999999998
7.191774624538258e-14	9.999999999999998
7.376428297330457e-14	9.999999999999998
7.570800584480139e-14	9.999999999999998
7.765172871629822e-14	9.999999999999998
7.959545158779504e-14	9.999999999999998
8.163636060286671e-14	9.999999999999998
8.377445576151322e-14	9.999999999999998
8.591255092015973e-14	9.999999999999998
8.814783222238107e-14	9.999999999999998
9.038311352460243e-14	9.999999999999998
9.271558097039862e-14	9.999999999999998
9.50480484161948e-14	9.999999999999998
9.747770200556585e-14	9.999999999999998
1.0000454173851171e-13	9.999999999999998
1.0262856761503244e-13	9.999999999999998
1.0525259349155315e-13	9.999999999999998
1.079738055116487e-13	9.999999999999998
1.1069501753174427e-13	9.999999999999998
1.1351341569541466e-13	9.999999999999998
1.164290000026599e-13	9.999999999999998
1.1944177045348e-13	9.999999999999998
1.2255172704787489e-13	9.999999999999998
1.2566168364226982e-13	9.999999999999998
1.288688263802396e-13	9.999999999999998
1.321731552617842e-13	9.999999999999998
1.3557467028690366e-13	9.999999999999998
1.3907337145559793e-13	9.999999999999998
1.4266925876786704e-13	9.999999999999998
1.4626514608013617e-13	9.999999999999998
1.50055405679555e-13	9.999999999999998
1.538456652789738e-13	9.999999999999998
1.578302971655423e-13	9.999999999999998
1.6191211519568564e-13	9.999999999999998
1.6609111936940383e-13	9.999999999999998
1.70270123543122e-13	9.999999999999998
1.7464350000398987e-13	9.999999999999998
1.7911406260843256e-13	9.999999999999998
1.8377899750002495e-13	9.999999999999998
1.8844393239161734e-13	9.999999999999998
1.9330323957035938e-13	9.999999999999998
1.982597328926763e-13	9.999999999999998
2.0331341235856806e-13	9.999999999999998
2.0856146411160947e-13	9.999999999999998
2.1390670200822573e-13	9.999999999999998
2.194463121919917e-13	9.999999999999998
2.2508310851933249e-13	9.999999999999998
2.3081709099024816e-13	9.999999999999998
2.3674544574831344e-13	9.999999999999998
2.4286817279352844e-13	9.999999999999998
2.4908808598231826e-13	9.999999999999998
2.5550237145825786e-13	9.999999999999998
2.620138430777722e-13	9.999999999999998
2.687196869844362e-13	9.999999999999998
2.7561990317825e-13	9.999999999999998
2.827144916592134e-13	9.999999999999998
2.900034524273265e-13	9.999999999999998
2.9738959933901446e-13	9.999999999999998
3.050673046814269e-13	9.999999999999998
3.1284219616741425e-13	9.999999999999998
3.2090864608412604e-13	9.999999999999998
3.2916946828798756e-13	9.999999999999998
3.3762466277899877e-13	9.999999999999998
3.4627422955715965e-13	9.999999999999998
3.5511816862247015e-13	9.999999999999998
3.6425366611850526e-13	9.999999999999998
3.7358353590169004e-13	9.999999999999998
3.832049641155993e-13	9.999999999999998
3.930207646166583e-13	9.999999999999998
4.031281235484418e-13	9.999999999999998
4.13429854767375e-13	9.999999999999998
4.240231444170327e-13	9.999999999999998
4.349079924974149e-13	9.999999999999998
4.460843990085216e-13	9.999999999999998
4.575523639503529e-13	9.999999999999998
4.693118873229088e-13	9.999999999999998
4.81362969126189e-13	9.999999999999998
4.937056093601939e-13	9.999999999999998
5.063398080249233e-13	9.999999999999998
5.193627512639521e-13	9.999999999999998
5.326772529337052e-13	9.999999999999998
5.463804991777579e-13	9.999999999999998
5.60375303852535e-13	9.999999999999998
5.747588531016116e-13	9.999999999999998
5.895311469249874e-13	9.999999999999998
6.046921853226627e-13	9.999999999999998
6.201447821510625e-13	9.999999999999998
6.360833096973364e-13	9.999999999999998
6.524105818179098e-13	9.999999999999998
6.691265985127825e-13	9.999999999999998
6.863285459255294e-13	9.999999999999998
7.039192379125757e-13	9.999999999999998
7.219958606174961e-13	9.999999999999998
7.405584140402909e-13	9.999999999999998
7.595097120373849e-13	9.999999999999998
7.790441268959281e-13	9.999999999999998
7.990644724723454e-13	9.999999999999998
8.195707487666368e-13	9.999999999999998
8.405629557788026e-13	9.999999999999998
8.621382796524174e-13	9.999999999999998
8.842967203874812e-13	9.999999999999998
9.069410918404191e-13	9.999999999999998
9.30265766298381e-13	9.999999999999998
9.540763714742172e-13	9.999999999999998
9.785672796550774e-13	9.999999999999998
1.0037384908409611e-12	9.999999999999998
1.0294928188882942e-12	9.999999999999998
1.055927449940651e-12	9.999999999999998
1.0830423839980317e-12	9.999999999999998
1.1108376210604364e-12	9.999999999999998
1.1393131611278648e-12	9.999999999999998
1.1685661903438921e-12	9.999999999999998
1.1984995225649432e-12	9.999999999999998
1.229307530078168e-12	9.999999999999998
1.2607958405964164e-12	9.999999999999998
1.2931588264068386e-12	9.999999999999998
1.3263964875094343e-12	9.999999999999998
1.3604116377606287e-12	9.999999999999998
1.3953014633039969e-12	9.999999999999998
1.4311631502831134e-12	9.999999999999998
1.4678995125544032e-12	9.999999999999998
1.5056077362614416e-12	9.999999999999998
1.5441906352606537e-12	9.999999999999998
1.583842581839189e-12	9.999999999999998
1.6244663898534728e-12	9.999999999999998
1.6661592454470796e-12	9.999999999999998
1.70892114862001e-12	9.999999999999998
1.7527520993722632e-12	9.999999999999998
1.7977492838474149e-12	9.999999999999998
1.8439127020454645e-12	9.999999999999998
1.8912423539664123e-12	9.999999999999998
1.9398354257538327e-12	9.999999999999998
1.9895947312641516e-12	9.999999999999998
2.040617456640943e-12	9.999999999999998
2.0930007880277825e-12	9.999999999999998
2.14674472542467e-12	9.999999999999998
2.201849268831605e-12	9.999999999999998
2.258314418248588e-12	9.999999999999998
2.316334545962768e-12	9.999999999999998
2.375715279686996e-12	9.999999999999998
2.4367481778519966e-12	9.999999999999998
2.4992388681706195e-12	9.999999999999998
2.5633817229300146e-12	9.999999999999998
2.6291767421301823e-12	9.999999999999998
2.696623925771122e-12	9.999999999999998
2.765820459996409e-12	9.999999999999998
2.8368635309496182e-12	9.999999999999998
2.9096559524871742e-12	9.999999999999998
2.9842949107526525e-12	9.999999999999998
3.060974778033202e-12	9.999999999999998
3.1395011820416742e-12	9.999999999999998
3.2200684950652173e-12	9.999999999999998
3.3026767171038328e-12	9.999999999999998
3.387423034301094e-12	9.999999999999998
3.4744046328005774e-12	9.999999999999998
3.5636215126022814e-12	9.999999999999998
3.655073673706208e-12	9.999999999999998
3.748858302255929e-12	9.999999999999998
3.845072584395023e-12	9.999999999999998
3.9437165201234864e-12	9.999999999999998
4.04498448172847e-12	9.999999999999998
4.1487792830664016e-12	9.999999999999998
4.255295296424428e-12	9.999999999999998
4.364435335658974e-12	9.999999999999998
4.476490959200766e-12	9.999999999999998
4.591364980906229e-12	9.999999999999998
4.7091545869189365e-12	9.999999999999998
4.8300541495260384e-12	9.999999999999998
4.954063668727537e-12	9.999999999999998
5.081183144523429e-12	9.999999999999998
5.211606949200866e-12	9.999999999999998
5.3453350827598475e-12	9.999999999999998
5.482561917487524e-12	9.999999999999998
5.6231902672403186e-12	9.999999999999998
5.767511690448958e-12	9.999999999999998
5.915526187113442e-12	9.999999999999998
6.067428129520919e-12	9.999999999999998
6.223120331527815e-12	9.999999999999998
6.382797165421278e-12	9.999999999999998
6.546653003488462e-12	9.999999999999998
6.714687845729362e-12	9.999999999999998
6.886998878287555e-12	9.999999999999998
7.063780473450191e-12	9.999999999999998
7.24503263121727e-12	9.999999999999998
7.430949723875943e-12	9.999999999999998
7.621726123713355e-12	9.999999999999998
7.817264644585936e-12	9.999999999999998
8.017954031067985e-12	9.999999999999998
8.223697097015922e-12	9.999999999999998
8.43478540086048e-12	9.999999999999998
8.65121894260165e-12	9.999999999999998
8.873289280670162e-12	9.999999999999998
9.100996415066015e-12	9.999999999999998
9.334631904219935e-12	9.999999999999998
9.574195748131919e-12	9.999999999999998
9.819882319089118e-12	9.999999999999998
1.007188598937868e-11	9.999999999999998
1.0330401131287758e-11	9.999999999999998
1.0595524930959925e-11	9.999999999999998
1.0867451760682331e-11	9.999999999999998
1.1146375992742125e-11	9.999999999999998
1.1432491999426459e-11	9.999999999999998
1.1725896966878906e-11	9.999999999999998
1.2026785267386613e-11	9.999999999999998
1.233544845938031e-11	9.999999999999998
1.2652080915147143e-11	9.999999999999998
1.2976779820830688e-11	9.999999999999998
1.3309836734861669e-11	9.999999999999998
1.3651446029527237e-11	9.999999999999998
1.4001802077114538e-11	9.999999999999998
1.4361099249910728e-11	9.999999999999998
1.47297262924901e-11	9.999999999999998
1.510778039099623e-11	9.999999999999998
1.5495455917716275e-11	9.999999999999998
1.58932388033681e-11	9.999999999999998
1.630112904795171e-11	9.999999999999998
1.6719418209897828e-11	9.999999999999998
1.7148592219924327e-11	9.999999999999998
1.7588651078031208e-11	9.999999999999998
1.8040080714936347e-11	9.999999999999998
1.8503075502926887e-11	9.999999999999998
1.8977927000433566e-11	9.999999999999998
1.946502395203067e-11	9.999999999999998
1.9964560730005354e-11	9.999999999999998
2.0477023265075492e-11	9.999999999999998
2.100250874338466e-11	9.999999999999998
2.1541600281794304e-11	9.999999999999998
2.2094395066448002e-11	9.999999999999998
2.26614762142072e-11	9.999999999999998
2.3243038097359053e-11	9.999999999999998
2.3839566646621425e-11	9.999999999999998
2.4451450606568626e-11	9.999999999999998
2.507898153563138e-11	9.999999999999998
2.572264536452755e-11	9.999999999999998
2.6382830837831447e-11	9.999999999999998
2.7059926700117367e-11	9.999999999999998
2.7754418882103184e-11	9.999999999999998
2.8466696128363195e-11	9.999999999999998
2.9197341555758856e-11	9.999999999999998
2.994664672272088e-11	9.999999999999998
3.07152919322543e-11	9.999999999999998
3.150356874278984e-11	9.999999999999998
3.2312060271188944e-11	9.999999999999998
3.3141349634313066e-11	9.999999999999998
3.399192276288008e-11	9.999999999999998
3.486436277375142e-11	9.999999999999998
3.5759155597644996e-11	9.999999999999998
3.6676884351422217e-11	9.999999999999998
3.761822933808813e-11	9.999999999999998
3.85836764883606e-11	9.999999999999998
3.9573906105244656e-11	9.999999999999998
4.058959849174533e-11	9.999999999999998
4.1631336764724054e-11	9.999999999999998
4.269980122718586e-11	9.999999999999998
4.379567218213577e-11	9.999999999999998
4.4919727118722386e-11	9.999999999999998
4.607254915380715e-11	9.999999999999998
4.725501296268225e-11	9.999999999999998
4.846779884835269e-11	9.999999999999998
4.971168429996708e-11	9.999999999999998
5.0987543992817604e-11	9.999999999999998
5.2296155416052836e-11	9.999999999999998
5.3638296058821395e-11	9.999999999999998
5.5014937782559026e-11	9.999999999999998
5.64269552625579e-11	9.999999999999998
5.7875125987966605e-11	9.999999999999998
5.93604218202209e-11	9.999999999999998
6.088391180690012e-11	9.999999999999998
6.244656780944e-11	9.999999999999998
6.404916731698912e-11	9.999999999999998
6.569307093555757e-11	9.999999999999998
6.737905615429391e-11	9.999999999999998
6.910828920692107e-11	9.999999999999998
7.088193632716191e-11	9.999999999999998
7.270116374873937e-11	9.999999999999998
7.456704051923275e-11	9.999999999999998
7.648083005850853e-11	9.999999999999998
7.844369860028959e-11	9.999999999999998
8.045690956444243e-11	9.999999999999998
8.252182355697709e-11	9.999999999999998
8.463970399776004e-11	9.999999999999998
8.681200867894489e-11	9.999999999999998
8.904000102039812e-11	9.999999999999998
9.132523600041694e-11	9.999999999999998
9.366907422501138e-11	9.999999999999998
9.607307067247866e-11	9.999999999999998
9.853878032111597e-11	9.999999999999998
1.0106785533536406e-10	9.999999999999998
1.0366175350737658e-10	9.999999999999998
1.0632222418773786e-10	9.999999999999998
1.0905091954088867e-10	9.999999999999998
1.1184968610355696e-10	9.999999999999998
1.1472037041247061e-10	9.999999999999998
1.1766462463207044e-10	9.999999999999998
1.206844896713715e-10	9.999999999999998
1.2378181206710166e-10	9.999999999999998
1.2695863272827608e-10	9.999999999999998
1.3021708975005337e-10	9.999999999999998
1.3355902966916143e-10	9.999999999999998
1.3698688213918966e-10	9.999999999999998
1.4050259088300955e-10	9.999999999999998
1.4410858555421048e-10	9.999999999999998
1.4780710143409462e-10	9.999999999999998
1.516005681762514e-10	9.999999999999998
1.5549141543427018e-10	9.999999999999998
1.5948207286174033e-10	9.999999999999998
1.6357516448453833e-10	9.999999999999998
1.6777331432854075e-10	9.999999999999998
1.7207924360576765e-10	9.999999999999998
1.764955763420956e-10	9.999999999999998
1.8102532530797537e-10	9.999999999999998
1.8567140608771425e-10	9.999999999999998
1.9043663707947588e-10	9.999999999999998
1.9532412823985465e-10	9.999999999999998
2.0033708671158852e-10	9.999999999999998
2.054787196374155e-10	9.999999999999998
2.1075233134621712e-10	9.999999999999998
2.161613233530185e-10	9.999999999999998
2.2170909717284473e-10	9.999999999999998
2.273992486930081e-10	9.999999999999998
2.332353738008209e-10	9.999999999999998
2.392213599420261e-10	9.999999999999998
2.4536099737622314e-10	9.999999999999998
2.516580763630114e-10	9.999999999999998
2.581168730927082e-10	9.999999999999998
2.647414693833437e-10	9.999999999999998
2.715360442390916e-10	9.999999999999998
2.785049710364127e-10	9.999999999999998
2.8565281752405517e-10	9.999999999999998
2.929840542646233e-10	9.999999999999998
3.0050344337915235e-10	9.999999999999998
3.0821584417482106e-10	9.999999999999998
3.161262131449517e-10	9.999999999999998
3.2423950678286655e-10	9.999999999999998
3.3256116751260594e-10	9.999999999999998
3.4109624901363565e-10	9.999999999999998
3.4985048526842665e-10	9.999999999999998
3.5882941588716265e-10	9.999999999999998
3.6803867766617103e-10	9.999999999999998
3.77484393332497e-10	9.999999999999998
3.8717249124089866e-10	9.999999999999998
3.971092884907083e-10	9.999999999999998
4.0730100499511473e-10	9.999999999999998
4.177543465980247e-10	9.999999999999998
4.284760191433448e-10	9.999999999999998
4.3947282566112525e-10	9.999999999999998
4.5075186073984697e-10	9.999999999999998
4.6232031615413463e-10	9.999999999999998
4.74185772423187e-10	9.999999999999998
4.863557128800594e-10	9.999999999999998
4.988380096023813e-10	9.999999999999998
5.116406318539259e-10	9.999999999999998
5.24771840456897e-10	9.999999999999998
5.382400906057856e-10	9.999999999999998
5.520539346812264e-10	9.999999999999998
5.662224109945718e-10	9.999999999999998
5.807544606710306e-10	9.999999999999998
5.956595107665298e-10	9.999999999999998
6.10946988336996e-10	9.999999999999998
6.266269035552172e-10	9.999999999999998
6.42709266593982e-10	9.999999999999998
6.59204379184509e-10	9.999999999999998
6.761227374303046e-10	9.999999999999998
6.93475420551736e-10	9.999999999999998
7.112734105830275e-10	9.999999999999998
7.295281754891207e-10	9.999999999999998
7.482514747933881e-10	9.999999999999998
7.674552623914896e-10	9.999999999999998
7.871519781098027e-10	9.999999999999998
8.073541589608486e-10	9.999999999999998
8.280748278878662e-10	9.999999999999998
8.493272993925254e-10	9.999999999999998
8.711251795349265e-10	9.999999999999998
8.93482560305888e-10	9.999999999999998
9.164137280685154e-10	9.999999999999998
9.399334551166321e-10	9.999999999999998
9.640567081163486e-10	9.999999999999998
9.887992312229237e-10	9.999999999999998
1.0141766714054735e-9	9.999999999999998
1.0402054531222617e-9	9.999999999999998
1.06690219520384e-9	9.999999999999998
1.0942841967837642e-9	9.999999999999998
1.1223688541817348e-9	9.999999999999998
1.1511743412065998e-9	9.999999999999998
1.1807192204117824e-9	9.999999999999998
1.211022248722992e-9	9.999999999999998
1.2421030577412316e-9	9.999999999999998
1.2739814734397895e-9	9.999999999999998
1.3066781964672476e-9	9.999999999999998
1.3402139274721875e-9	9.999999999999998
1.3746104361507696e-9	9.999999999999998
1.409889686571442e-9	9.999999999999998
1.4460744202918012e-9	9.999999999999998
1.4831877676140181e-9	9.999999999999998
1.5212537335155554e-9	9.999999999999998
1.5602965173461636e-9	9.999999999999998
1.6003414846893157e-9	9.999999999999998
1.6414140983146279e-9	9.999999999999998
1.6835408900392964e-9	9.999999999999998
1.7267487804250914e-9	9.999999999999998
1.7710656618952191e-9	9.999999999999998
1.8165199128036032e-9	9.999999999999998
1.86314078617946e-9	9.999999999999998
1.910958118168866e-9	9.999999999999998
1.9600027167793354e-9	9.999999999999998
2.0103060703213856e-9	9.999999999999998
2.0619003474085414e-9	9.999999999999998
2.1148188828880477e-9	9.999999999999998
2.169095594724012e-9	9.999999999999998
2.224765275555835e-9	9.999999999999998
2.2818636898843514e-9	9.999999999999998
2.340427476885689e-9	9.999999999999998
2.400494441969699e-9	9.999999999999998
2.4621028764769497e-9	9.999999999999998
2.5252926267263066e-9	9.999999999999998
2.5901040249673533e-9	9.999999999999998
2.6565788612418266e-9	9.999999999999998
2.7247597030806132e-9	9.999999999999998
2.794690478620608e-9	9.999999999999998
2.8664159906739994e-9	9.999999999999998
2.939982305472842e-9	9.999999999999998
3.0154367526690565e-9	9.999999999999998
3.092827730962144e-9	9.999999999999998
3.1722049024714694e-9	9.999999999999998
3.2536192899224114e-9	9.999999999999998
3.3371231794602124e-9	9.999999999999998
3.422770120649982e-9	9.999999999999998
3.5106153152212707e-9	9.999999999999998
3.6007149367650655e-9	9.999999999999998
3.6931270054090804e-9	9.999999999999998
3.787910804700895e-9	9.999999999999998
3.885127270352531e-9	9.999999999999998
3.9848387958681655e-9	9.999999999999998
4.087109329730267e-9	9.999999999999998
4.192004666958039e-9	9.999999999999998
4.299592157548979e-9	9.999999999999998
4.409940803665022e-9	9.999999999999998
4.523121648377124e-9	9.999999999999998
4.63920719254839e-9	9.999999999999998
4.758272075137087e-9	9.999999999999998
4.8803927816382075e-9	9.999999999999998
5.005647644083473e-9	9.999999999999998
5.134117229785907e-9	9.999999999999998
5.265883952595262e-9	9.999999999999998
5.401032461642589e-9	9.999999999999998
5.539649544154103e-9	9.999999999999998
5.681824222637317e-9	9.999999999999998
5.82764775488105e-9	9.999999999999998
5.977213925513849e-9	9.999999999999998
6.130618657259424e-9	9.999999999999998
6.287960496867359e-9	9.999999999999998
6.449340517926972e-9	9.999999999999998
6.614862320867315e-9	9.999999999999998
6.784632227329457e-9	9.999999999999998
6.95875928016649e-9	9.999999999999998
7.137355243443525e-9	9.999999999999998
7.3205349911822676e-9	9.999999999999998
7.508415924244156e-9	9.999999999999998
7.701118845005653e-9	9.999999999999998
7.898767471427533e-9	9.999999999999998
8.101488728613299e-9	9.999999999999998
8.3094127488092e-9	9.999999999999998
8.522673162962652e-9	9.999999999999998
8.741406906349954e-9	9.999999999999998
8.965754412948568e-9	9.999999999999998
9.195859809809417e-9	9.999999999999998
9.431870819870736e-9	9.999999999999998
9.6739390535165e-9	9.999999999999998
9.922220008576429e-9	9.999999999999998
1.0176872973139844e-8	9.999999999999998
1.0438061608672521e-8	9.999999999999998
1.0705953658458275e-8	9.999999999999998
1.098072114197123e-8	9.999999999999998
1.1262540452061974e-8	9.999999999999998
1.1551592743702135e-8	9.999999999999998
1.1848063448053648e-8	9.999999999999998
1.2152143049957925e-8	9.999999999999998
1.2464026893563547e-8	9.999999999999998
1.278391518232628e-8	9.999999999999998
1.3112013367753644e-8	9.999999999999998
1.3448532149404904e-8	9.999999999999998
1.3793687669263374e-8	9.999999999999998
1.4147701608922547e-8	9.999999999999998
1.4510801189586102e-8	9.999999999999998
1.4883219755184761e-8	9.999999999999998
1.526519648081786e-8	9.999999999999998
1.565697656712564e-8	9.999999999999998
1.605881162903382e-8	9.999999999999998
1.647095979293973e-8	9.999999999999998
1.6893685696712324e-8	9.999999999999998
1.7327260781250612e-8	9.999999999999998
1.777196358204207e-8	9.999999999999998
1.8228079631976534e-8	9.999999999999998
1.869590185009073e-8	9.999999999999998
1.9175730735940588e-8	9.999999999999998
1.9667874369601246e-8	9.999999999999998
2.017264880041161e-8	9.999999999999998
2.0690378338532785e-8	9.999999999999998
2.122139526338966e-8	9.999999999999998
2.1766040698346174e-8	9.999999999999998
2.232466441633306e-8	9.999999999999998
2.2897625228592395e-8	9.999999999999998
2.3485290984677606e-8	9.999999999999998
2.4088039155570342e-8	9.999999999999998
2.4706256736494316e-8	9.999999999999998
2.5340340927218317e-8	9.999999999999998
2.599069874331164e-8	9.999999999999998
2.665774808519165e-8	9.999999999999998
2.7341917057820806e-8	9.999999999999998
2.8043645234126487e-8	9.999999999999998
2.8763383169070308e-8	9.999999999999998
2.9501593177137255e-8	9.999999999999998
3.0258749235149544e-8	9.999999999999998
3.1035337662569624e-8	9.999999999999998
3.183185721868632e-8	9.999999999999998
3.264881939417327e-8	9.999999999999998
3.3486748702647334e-8	9.999999999999998
3.434618355534393e-8	9.999999999999998
3.522767567800013e-8	9.999999999999998
3.613179117990225e-8	9.999999999999998
3.70591108454443e-8	9.999999999999998
3.801022993975568e-8	9.999999999999998
3.8985759569307184e-8	9.999999999999998
3.998632600160801e-8	9.999999999999998
4.1012572025811755e-8	9.999999999999998
4.206515646678572e-8	9.999999999999998
4.31447553513446e-8	9.999999999999998
4.425206219980896e-8	9.999999999999998
4.538778792881905e-8	9.999999999999998
4.655266192038239e-8	9.999999999999998
4.774743231343222e-8	9.999999999999998
4.897286648975822e-8	9.999999999999998
5.0229751268378754e-8	9.999999999999998
5.1518893877402356e-8	9.999999999999998
5.28411223427723e-8	9.999999999999998
5.4197285585452696e-8	9.999999999999998
5.5588254684848415e-8	9.999999999999998
5.701492287880505e-8	9.999999999999998
5.847820643828423e-8	9.999999999999998
5.997904505610815e-8	9.999999999999998
6.15184025272627e-8	9.999999999999998
6.309726752638642e-8	9.999999999999998
6.471665399651523e-8	9.999999999999998
6.63776018293854e-8	9.999999999999998
6.808117783729493e-8	9.999999999999998
6.982847594747592e-8	9.999999999999998
7.162061836832822e-8	9.999999999999998
7.345875588097788e-8	9.999999999999998
7.534406910269708e-8	9.999999999999998
7.727776877846246e-8	9.999999999999998
7.926109665563048e-8	9.999999999999998
8.129532655298496e-8	9.999999999999998
8.338176474948171e-8	9.999999999999998
8.552175124766833e-8	9.999999999999998
8.771666035680112e-8	9.999999999999998
8.996790156752032e-8	9.999999999999998
9.227692071808392e-8	9.999999999999998
9.464520067467058e-8	9.999999999999998
9.707426240042724e-8	9.999999999999998
9.956566573295829e-8	9.999999999999998
1.0212101074493152e-7	9.999999999999998
1.0474193852156735e-7	9.999999999999998
1.0743013222968637e-7	9.999999999999998
1.1018731818675688e-7	9.999999999999998
1.130152671243148e-7	9.999999999999998
1.1591579506263901e-7	9.999999999999998
1.188907648657295e-7	9.999999999999998
1.2194208711598286e-7	9.999999999999998
1.250717212804258e-7	9.999999999999998
1.282816771685075e-7	9.999999999999998
1.3157401648707768e-7	9.999999999999998
1.3495085332631761e-7	9.999999999999998
1.3841435639502113e-7	9.999999999999998
1.4196675008964233e-7	9.999999999999998
1.4561031556334327e-7	9.999999999999998
1.4934739296127505e-7	9.999999999999998
1.5318038219806712e-7	9.999999999999998
1.571117447071778e-7	9.999999999999998
1.611440053846172e-7	9.999999999999998
1.6527975365799463e-7	9.999999999999998
1.695216456246141e-7	9.999999999999998
1.738724054120799e-7	9.999999999999998
1.7833482712201994e-7	9.999999999999998
1.8291177657943584e-7	9.999999999999998
1.8760619308205397e-7	9.999999999999998
1.924210913440479e-7	9.999999999999998
1.97359563634134e-7	9.999999999999998
2.0242478142773556e-7	9.999999999999998
2.076199976422641e-7	9.999999999999998
2.1294854867802855e-7	9.999999999999998
2.1841385655633039e-7	9.999999999999998
2.2401943105755863e-7	9.999999999999998
2.297688722480297e-7	9.999999999999998
2.3566587242371034e-7	9.999999999999998
2.417142186370572e-7	9.999999999999998
2.479177952238567e-7	9.999999999999998
2.5428058603850626e-7	9.999999999999998
2.608066774667847e-7	9.999999999999998
2.6750026046676145e-7	9.999999999999998
2.743656337759392e-7	9.999999999999998
2.8140720634090726e-7	9.999999999999998
2.886295003301123e-7	9.999999999999998
2.9603715385507033e-7	9.999999999999998
3.036349243718817e-7	9.999999999999998
3.1142769091651216e-7	9.999999999999998
3.194204582837974e-7	9.999999999999998
3.2761835945709656e-7	9.999999999999998
3.3602665900980703e-7	9.999999999999998
3.4465075699281033e-7	9.999999999999998
3.534961917528705e-7	9.999999999999998
3.6256864391726563e-7	9.999999999999998
3.718739398924891e-7	9.999999999999998
3.8141805546013696e-7	9.999999999999998
3.912071201502846e-7	9.999999999999998
4.012474203514431e-7	9.999999999999998
4.1154540397549386e-7	9.999999999999998
4.221076846366934e-7	9.999999999999998
4.329410454419326e-7	9.999999999999998
4.440524435584853e-7	9.999999999999998
4.5544901487894347e-7	9.999999999999998
4.6713807820022133e-7	9.999999999999998
4.791271405687932e-7	9.999999999999998
4.914239011681394e-7	9.999999999999998
5.040362572471001e-7	9.999999999999998
5.169723083960676e-7	9.999999999999998
5.302403623781529e-7	9.999999999999998
5.438489398913077e-7	9.999999999999998
5.57806780399493e-7	9.999999999999998
5.721228478666615e-7	9.999999999999998
5.868063361019953e-7	9.999999999999998
6.018666748826332e-7	9.999999999999998
6.173135360763977e-7	9.999999999999998
6.331568397645216e-7	9.999999999999998
6.494067606559347e-7	9.999999999999998
6.660737344043613e-7	9.999999999999998
6.831684648000967e-7	9.999999999999998
7.007019300871049e-7	9.999999999999998
7.186853904463528e-7	9.999999999999998
7.371303948960264e-7	9.999999999999998
7.560487888720488e-7	9.999999999999998
7.754527220029728e-7	9.999999999999998
7.953546555933141e-7	9.999999999999998
8.157673706899999e-7	9.999999999999998
8.36703976537565e-7	9.999999999999998
8.581779188389729e-7	9.999999999999998
8.802029881136247e-7	9.999999999999998
9.027933290272284e-7	9.999999999999998
9.259634493329248e-7	9.999999999999998
9.49728228909598e-7	9.999999999999998
9.741029297720488e-7	9.999999437456161
9.991032054008645e-7	9.999992919357027
1.0247451111413359e-6	9.999985795938265
1.0510451144080026e-6	9.999978067045898
1.0780201051807567e-6	9.999969732521997
1.105687406986876e-6	9.999960792204575
1.1340647879802466e-6	9.999951245927491
1.1631704722149524e-6	9.999941093520349
1.1930231515019874e-6	9.99993033480837
1.2236419975575226e-6	9.999918969612297
1.2550466738596148e-6	9.999906997748273
1.2872573487683375e-6	9.999894419027722
1.3202947080627916e-6	9.999881233257234
1.3541799686443537e-6	9.999867440238438
1.3889348918511762e-6	9.999853039767867
1.4245817973558062e-6	9.99983803163683
1.4611435779374794e-6	9.9998224156313
1.498643713768484e-6	9.999806191531741
1.5371062876723833e-6	9.999789359112992
1.576556000479429e-6	9.999771918144118
1.6170181871594586e-6	9.999753868388254
1.658518832663238e-6	9.99973520960246
1.701084588930037e-6	9.999715941537563
1.7447427920895752e-6	9.999696063937998
1.7895214796639714e-6	9.999675576541645
1.8354494086443645e-6	9.999654479079657
1.8825560744422127e-6	9.999632771276286
1.930871729063102e-6	9.999610452848719
1.9804274012242777e-6	9.999587523506879
2.031254915791873e-6	9.99956398295325
2.0833869145787446e-6	9.999539830882686
2.1368568770451193e-6	9.999515066982209
2.191699141971108e-6	9.99948969093081
2.2479489292263963e-6	9.999463702399252
2.305642362997737e-6	9.999437101049844
2.3648164942389502e-6	9.999409886536236
2.425509324870266e-6	9.99938205850319
2.4877598322692427e-6	9.999353616586358
2.5516079941504113e-6	9.999324560412036
2.617094814028048e-6	9.999294889596948
2.6842623480395527e-6	9.999264603747973
2.753153731574447e-6	9.999233702461908
2.8238132071668017e-6	9.999202185325208
2.89628615258203e-6	9.999170051913719
2.9706191105558485e-6	9.999137301792405
3.0468598180473057e-6	9.999103934515068
3.1250572373383483e-6	9.999069949624067
3.20526158732776e-6	9.999035346650015
3.2875243756025876e-6	9.999000125012335
3.371898432064548e-6	9.998964274005651
3.458437941973315e-6	9.998927764212258
3.547198481711024e-6	9.998890564178655
3.638237053769279e-6	9.99885264243802
3.7316121235827045e-6	9.99881396750988
3.827383657334353e-6	9.998774507899755
3.925613160052676e-6	9.998734232098805
4.026363715263466e-6	9.998693108583453
4.129700025613672e-6	9.998651105815016
4.2356884542726885e-6	9.998608192239313
4.344397067694262e-6	9.998564336286274
4.4558956791558855e-6	9.998519506369522
4.570255893853168e-6	9.99847367088597
4.6875511544801324e-6	9.998426798215378
4.807856788753244e-6	9.998378856719924
4.931250057810108e-6	9.998329814743757
5.057810205482845e-6	9.998279640612516
5.187618509418002e-6	9.99822830263288
5.320758333459883e-6	9.998175769092061
5.457315180519814e-6	9.998122008257326
5.597376748458172e-6	9.998066988375472
5.741032985674863e-6	9.9980106776723
5.888376148935071e-6	9.99795304435209
6.039500862944373e-6	9.997894056597044
6.194504180992884e-6	9.997833682566718
6.353485647057208e-6	9.997771890397434
6.516547360040479e-6	9.997708648201714
6.683794039178632e-6	9.997643924067631
6.8553330912932175e-6	9.997577686058223
7.031274679793561e-6	9.997509902210815
7.211731795331092e-6	9.997440540536395
7.39682032868895e-6	9.997369569018906
7.586659144837826e-6	9.997296955614585
7.781370159324273e-6	9.997222668251238
7.981078416894292e-6	9.997146674827505
8.185912171185977e-6	9.997068943212124
8.396002967823658e-6	9.996989441243173
8.61148572838674e-6	9.996908136727265
8.832498837099733e-6	9.99682499743876
9.059184230049137e-6	9.996739991118934
9.2916874859553e-6	9.996653085475126
9.53015791966549e-6	9.99656424817988
9.774748678465357e-6	9.996473446870041
0.000010025616840042569	9.996380649145866
0.000010282923513366031	9.996285822570051
0.000010546833942286318	9.996188934666812
0.000010817517611857298	9.996089952920856
0.000011095148356601519	9.995988844060664
0.000011379904472760193	9.99588555311849
0.000011671968832486915	9.995780000078904
0.000011971529001054148	9.995672103492657
0.000012278777358044356	9.995561781865757
0.000012593911220096097	9.995448953658325
0.000012917132968120677	9.995333537283424
0.000013248650177045669	9.995215451105858
0.00001358867574925147	9.995094613440934
0.000013937428051312219	9.99497094255321
0.000014295131053846648	9.994844356655191
0.000014662014476033886	9.994714773905997
0.000015038313932656086	9.994582112410018
0.00001542427108541725	9.99444629021549
0.000015820133798343892	9.994307225313094
0.000016226156296878723	9.99416483563445
0.000016642599331153395	9.994019039050647
0.000017069730343440227	9.99386975337068
0.000017507823639685728	9.993716896339865
0.00001795716056629222	9.993560385638217
0.000018418029689912186	9.99340013887878
0.000018890726983656915	9.99323607360594
0.000019375556016609507	9.993068107293642
0.000019872828148683058	9.992896157343617
0.000020382862731310083	9.99272014108353
0.000020905987311630574	9.992539975765098
0.00002144253784348312	9.992355578562142
0.000021992858902769432	9.992166866568622
0.000022557303909135895	9.991973756796575
0.000023136235352514492	9.991776166174052
0.000023730025026175178	9.991574011542957
0.00002433905426541504	9.991367209656856
0.00002496371419246737	9.99115567717874
0.000025604405967825065	9.99093933067871
0.000026261541047589497	9.990718086631587
0.000026935541447816845	9.990491861414519
0.000027626840015764622	9.990260571304482
0.000028335880707358105	9.990024132475709
0.000029063118873014784	9.989782460997098
0.000029809021549397187	9.98953547282952
0.00003057406775971802	9.989283083823059
0.00003135874882123717	9.98902520971421
0.00003216356866101946	9.988761766122964
0.00003298904413907859	9.988492668549862
0.00003383570538085092	9.988217832372943
0.0000347040961172498	9.987937172844624
0.000035594774034049724	9.987650605088511
0.00003650831113011452	9.987358044096114
0.00003744529408437218	9.987059399133445
0.000038406324632994265	9.986754502563258
0.0000393920199556137	9.986443130844705
0.00004040301307164981	9.986125059036956
0.00004143995324712955	9.985800062049984
0.00004250350641122731	9.985467914640775
0.00004359435558417551	9.985128391409475
0.00004471320131606002	9.984781266795423
0.000045860762136208904	9.984426315073078
0.00004703777501521534	9.984063310347853
0.00004824499583784538	9.983692026551854
0.00004948319988867717	9.983312237439486
0.00005075318234969391	9.98292371658298
0.00005205575881148306	9.982526237367782
0.00005339176579638927	9.982119572987845
0.0000547620612962454	9.981703496440772
0.000056167525323126314	9.981277780522909
0.00005760906047448636	9.980842197824213
0.00005908759251287468	9.980396520723085
0.000060604070960617236	9.979940521381007
0.00006215946970936834	9.979473971737097
0.00006375478764550343	9.978996643502473
0.00006539104929183916	9.978508308154547
0.00006706930546568088	9.978008736931093
0.00006879063395300284	9.977497700824237
0.00007055614020167694	9.976974970574261
0.0000723669580302513	9.976440316663272
0.00007422425035704072	9.975893509308673
0.00007612920994641907	9.975334318456538
0.00007808306017484044	9.974762513774753
0.00008008705581678354	9.974177864646043
0.00008214248385042479	9.973580140160779
0.00008425066428401212	9.972969109109625
0.00008641295100381401	9.972344539976042
0.0000886307326434497	9.971706200928503
0.00009090543347566905	9.971053859812637
0.00009323851432716582	9.970387284143078
0.00009563147351642397	9.969706241095189
0.0000980858478165407	9.969010497496495
0.00010060321344127714	9.968299819818006
0.00010318518705832107	9.967573974165218
0.00010583342682655458	9.966832726268995
0.00010854963346160302	9.966075841476123
0.00011133555132791562	9.96530308473971
0.0001141929695586415	9.96451422060931
0.00011712372320514731	9.9637090132208
0.00012012969441520489	9.962887226286027
0.00012321281364159815	9.96204862308218
0.00012637506088212098	9.961192936752933
0.00012961846695116102	9.96031968000729
0.00013294511478374293	9.959428266272598
0.0001363571407731017	9.95851810803006
0.0001398567361430478	9.957588617273915
0.00014344614835493135	9.956639205499455
0.00014712768255085605	9.95566928369074
0.00015090370303450464	9.954678262308022
0.00015477663478899193	9.95366555127487
0.0001587489650345645	9.952630559964978
0.00016282324482566046	9.951572697188679
0.00016700209068937067	9.950491371179098
0.00017128818630588437	9.949385989578015
0.00017568428423179384	9.948255959421365
0.00018019320766761893	9.947100687124399
0.0001848178522713002	9.945919578466489
0.00018956118801766178	9.944712038575569
0.0001944262611054948	9.943477471912225
0.00019941619591420606	9.942215282253379
0.00020453419701012894	9.940924872675597
0.00020978355120453688	9.93960564553801
0.0002151676296645268	9.93825700246481
0.00022068989007764566	9.936878344327361
0.00022635387887308013	9.93546907122585
0.00023216323349863053	9.934028582470543
0.00023812168475696865	9.932556276562556
0.0002442330592015676	9.931051551174225
0.00025050128159415086	9.929513803128959
0.00025693037742492323	9.927942428380657
0.0002635244754981108	9.926336821992635
0.0002702878105833937	9.92469637811603
0.00027722472613556304	9.923020489967746
0.0002843396770836657	9.921308549807847
0.000291637232692262	9.919559948916419
0.0002991220794956696	9.917774077569936
0.00030679902430781836	9.915950325017006
0.0003146729973090765	9.914088079453613
0.0003227490552125755	9.912186727997753
0.0003310323845114903	9.910245656663482
0.00033952830481009466	9.908264250334376
0.0003482422722396597	9.906241892736348
0.0003571798829627917	9.904177966409872
0.0003663468767672787	9.902071852681528
0.00037574914075187493	9.89992293163493
0.0003853927131074248	9.897730582080936
0.000395283786994493	9.89549418152722
0.00040542871452041576	9.893213106147108
0.0004158340108190781	9.89088673074773
0.00042650635823477713	9.888514312528093
0.00043745261061347635	9.886094607861056
0.00044867979770465765	9.883626237556339
0.0004601951296759091	9.881107820954318
0.0004720060017428731	9.878537975894146
0.00048411999891921886	9.875915318679523
0.0004965449008870288	9.873238464043709
0.0005092886869937219	9.870506025113826
0.0005223595413756087	9.867716613374425
0.0005357658582145944	9.864868838630283
0.0005495162471283152	9.861961308968452
0.0005636195386997391	9.858992630719516
0.0005780847901480742	9.855961408418075
0.0005929212911451656	9.852866244762405
0.000608138569781849	9.849705740573313
0.0006237463986864998	9.846478494752162
0.0006397548013011192	9.843183104238053
0.0006561740583187497	9.839818163964148
0.0006730147142856227	9.836382266813118
0.0006902875843727956	9.832874003571739
0.0007080037613219502	9.82929196288456
0.0007261746225690379	9.825634731206657
0.0007448118375511245	9.82190089275552
0.0007639273752003154	9.818089029461934
0.0007835335116306941	9.814197720919966
0.0008036428380213815	9.810225544335971
0.0008242682687036873	9.806171074476621
0.0008454230494537106	9.80203288361596
0.0008671207659998223	9.797809541481445
0.0008893753527467722	9.793499615198996
0.0009122011017246869	9.789101669237
0.0009356126717677181	9.784614265349289
0.0009596250979276867	9.780035962517067
0.0009842538011299146	9.775365316889793
0.0010095145980766871	9.770600881724958
0.0010354237114044698	9.76574120732681
0.0010619977801025516	9.760784840983963
0.001089253870198665	9.755730326905914
0.0011172094857186642	9.750576206158433
0.0011458825799280485	9.745321016597847
0.001175291566861251	9.739963292804147
0.0012054553331475397	9.734501566012987
0.0012363932501401398	9.728934364046527
0.001268125186356353	9.72326021124308
0.0013006715202378044	9.717477628385616
0.0013340531532366564	9.711585132629091
0.0013682915232398308	9.705581237426566
0.001403408618335428	9.69946445185591
0.00143942699093436	9.693233027979085
0.0014763697722535126	9.686884568923638
0.001514260687170262	9.680416572701043
0.0015531240694596081	9.673826533385032
0.0015929848774205405	9.667111941040055
0.001633868709905144	9.660270281649035
0.0016758018227579251	9.653299037040407
0.0017188111456775126	9.64619568481445
0.0017629242995113189	9.638957698269012
0.00180816961399347	9.631582546324555
0.0018545761459387313	9.624067693448618
0.0019021736979024418	9.616410599579721
0.0019509928373205483	9.608608720050723
0.002001064916139552	9.600659505511686
0.0020524220909513427	9.592560401852268
0.0021050973436442786	9.58430885012373
0.0021591245025842304	9.575902286460542
0.0022145382643394694	9.567338142001693
0.0022713742159629294	9.558613842811704
0.002329668857846591	9.549726809801474
0.0023894596271620086	9.5406744586489
0.0024507849219028927	9.531454199719475
0.002513684125544445	9.522063437986827
0.0025781976323357614	9.512499572953281
0.0026443668732411434	9.5027599985706
0.002712234342547238	9.492842103160847
0.0027818436251533882	9.482743269337607
0.002853239424561928	9.472460873927513
0.0029264675915870626	9.461992287892274
0.003001575153800521	9.451334876251252
0.0030786103457332206	9.440485998004707
0.003157622639851211	9.429443006057822
0.003238662778327867	9.418203247145605
0.0033217828056301083	9.406764061758832
0.0034070361019422715	9.39512278407109
0.0034944774174470645	9.383276741867144
0.003584162907485956	9.371223256472689
0.0036761501686234004	9.35895964268568
0.003770498275634718	9.34648320870938
0.0038672678194448433	9.33379125608732
0.003966520946040296	9.320881079640277
0.004068321396379254	9.307749967405542
0.004172734547326748	9.294395200578572
0.004279827453639753	9.280814053457322
0.004389668891030467	9.267003793389367
0.004502329400334497	9.252961680722123
0.004617881332812239	9.238684968756306
0.004736398896613664	9.224170909041419
0.004857958204435203	9.209417073741399
0.004982637322399514	9.194421539993911
0.005110516320190411	9.179182421908195
0.005241677322473571	9.163697825916582
0.005376204561638186	9.147965850724667
0.0055141844318908695	9.131984587265238
0.005655705544738934	9.11575211865629
0.005800858785896963	9.099266520163336
0.005949737373654471	9.082525859166351
0.006102436918741016	9.065528195131636
0.006259055485728016	9.048271579588901
0.006419693656006636	9.030754056113913
0.006584454592381385	9.01297366031705
0.006753444105322306	8.994928419838109
0.006926770720916456	8.976616354347751
0.007104545750565045	8.958035475555947
0.0072868833624673435	8.939183787227874
0.007473900654940534	8.920059285207621
0.007665717731621089	8.900659957450202
0.007862457778595865	8.88098378406228
0.008064247143513089	8.861028737352127
0.008271215416723354	8.840792781889242
0.008483495514503626	8.820273874574234
0.008701223764416786	8.799469964719384
0.008924539992861788	8.778378994140574
0.009153587614871304	8.756998897261028
0.009388513726213589	8.735327601227537
0.009629469197858379	8.71336302603977
0.009876608772867003	8.69110308469331
0.010130091165769404	8.668545683337053
0.010390079164491393	8.645688721445726
0.010656739734898479	8.622530092008134
0.01093024412802183	8.599067681732006
0.01121076799003711	8.575299371266063
0.011498491475065044	8.551223035440238
0.01179359936086842	8.526836543524738
0.012096281167516154	8.502137759508924
0.012406731279095449	8.477124542400759
0.012725149068545731	8.451794746547836
0.013051739025697411	8.426146221980847
0.013386710888596413	8.40017681478051
0.013730279778199015	8.373884367468921
0.014082666336524387	8.347266719426344
0.01444409686835169	8.320321707334566
0.01481480348655467	8.29304716564782
0.01519502426116576	8.265440927092504
0.015585003372266223	8.237500823196715
0.01598499126680005	8.209224811854142
0.016395244819412503	8.180613675630383
0.01681602749741655	8.15167096511573
0.017247609529993088	8.122400339399015
0.01769026808173392	8.092805449509964
0.018144287430638447	8.062889938547547
0.01860995915067882	8.032657441818833
0.019087582299050217	8.002111586988537
0.019577463608227517	7.971255994239835
0.02007991768295058	7.940094276446618
0.020595267202265333	7.908630039357732
0.02112384312675027	7.876866881793444
0.02166598491106109	7.844808395854675
0.022222040721931086	7.8124581671452376
0.022792367661765258	7.779819775007622
0.023377331997974236	7.746896792772583
0.023977309398192558	7.7136927880231285
0.024592685171536167	7.680211322873084
0.025223854516048444	7.646455954260872
0.02587122277250047	7.612430234258745
0.026535205684701944	7.578137710397992
0.02721622966649556	7.543581926010475
0.027914732075601304	7.508766420586965
0.02863116149449169	7.4736947301526
0.02936597801847259	7.438370387659992
0.0301196535511605	7.4027969234002615
0.030892672107541198	7.36697786543254
0.031685530124807286	7.3309167400321735
0.03249873678117295	7.294617072158191
0.033332814322872016	7.258082385940236
0.034188298399546534	7.221316205185518
0.03506573840824523	7.184322053905958
0.03596569784624871	7.14710345686603
0.03688875467295184	7.109663940151488
0.03783550168103189	7.072007031759443
0.03880654687714376	7.034136262209934
0.03980251387238609	6.996055165179334
0.040824042282787354	6.95776727815591
0.04187178814007155	6.919276143117589
0.04294642431296566	6.880585307232322
0.04404864093931998	6.841698323581049
0.0451791458693188	6.802618751903523
0.04633866512006629	6.7633501593669685
0.04752794334183841	6.723896121357793
0.048747744296303186	6.68426022229618
0.04999885134701119	6.644446056473725
0.05128206796247833	6.60445722891385
0.05259821823217629	6.5642973562550795
0.05394814739576945	6.523970303093594
0.055332722385931676	6.483482512642985
0.0567528323850967	6.442842006073673
0.0582093893964952	6.402056820077233
0.0597033288298507	6.3611349834003
0.061235610102102885	6.320084516512651
0.06280721725355361	6.278913431244034
0.06441915957982096	6.237629730388286
0.06607247228001753	6.1962414072729155
0.067768217121559	6.154756445292564
0.0695074831220401	6.113182817404477
0.071291387248606	6.071528485584334
0.07312107513527741	6.029801400240472
0.07499772181868171	5.988009499584814
0.07692253249267061	5.946160708958496
0.07889674328230084	5.904262940110414
0.08092162203768331	5.862324090426676
0.08299846914820189	5.820352042109166
0.08512861837763355	5.778354661301126
0.08731343772069738	5.7363397971580135
0.08955433028159103	5.694315280861501
0.091852735175071	5.6522889245748855
0.09421012845066265	5.610268520337835
0.09662802404058582	5.5682618388987315
0.09910797473201394	5.526276628482609
0.10165157316428107	5.484320613493029
0.1042604528516851	5.442401493145974
0.10693628923254235	5.4005269400341165
0.10968080074516089	5.358704598619855
0.11249574993143528	5.316942083655411
0.11538294456875889	5.2752469785286715
0.11834423883099196	5.233626833533194
0.12138153447922062	5.192089164061294
0.12449678208308258	5.15064144871884
0.12769198227343104	5.109291127360957
0.13096918702715565	5.068045599047509
0.1343305009849709	5.026912219917887
0.13777808280303278	4.985898300984315
0.14131414653923688	4.94501110584355
0.14494096307510398	4.904257848306566
0.14866086157414948	4.863645689946529
0.15247623097769092	4.8231817375651085
0.1563895215390357	4.782873040577891
0.16040324639705358	4.742726588319457
0.16451998319012465	4.702749307269406
0.1687423757115191	4.662948058200488
0.17307313560725268	4.62332963325068
0.17751504411752675	4.5839007529210125
0.18207095386285263	4.544667907203483
0.18674379067602712	4.505636564631911
0.1915365554811146	4.4668117740419335
0.19645232622066358	4.428198521589281
0.20149425983237537	4.389801729002966
0.20666559427651368	4.351626251140272
0.2119696506153363	4.313676873500375
0.2174098351459078	4.275958309699697
0.22298964158763765	4.238475198912808
0.2287126533259746	4.201232103282602
0.23458254571367154	4.164233505304165
0.2406030884311262	4.1274838051866585
0.24677814790728617	4.09098731819827
0.2531116898026992	4.054748271999171
0.2596077815562779	4.018770803968112
0.2662705949974408	3.983058958528225
0.2731044090252794	3.9476166844782385
0.2801136123564967	3.912447832335283
0.2873027063438698	3.8775561516959414
0.29467630786703963	3.842945288622431
0.3022391522975065	3.808618783060916
0.30999609653970606	3.774580066299386
0.3179521221501518	3.740832458472523
0.32611233853661126	3.707379166121413
0.3344819862394085	3.6742232798158434
0.34306644029692024	3.6413677718473783
0.351871213697469	3.6088154940011967
0.36090196091978666	3.576569175415077
0.37016448156436577	3.544631420533677
0.3796647240779866	3.513004707166534
0.38940878957385766	3.4816913846579474
0.39940293574977587	3.4506936721771275
0.4096535809068686	3.4200136571366047
0.4201673080714554	3.389653293747062
0.4309508692227178	3.3596144017163168
0.4420111896288495	3.329898665100207
0.4533553722945183	3.3005076313126587
0.4649907025224453	3.2714427103021513
0.47692465259208394	3.2427051739012094
0.48916488655834944	3.2142961553554334
0.5017192651735347	3.1862166490379042
0.5145958509355196	3.158467510354593
0.5278029132655696	3.131049455845631
0.5413489338189938	3.10396306348706
0.5552426119321302	3.0772087731967916
0.5694928702090964	3.050786887548197
0.5841088602519565	3.02469757269384
0.5990999685379181	2.998940859509735
0.6144758224474025	2.9735168092146216
0.6302462964467883	2.948425926048432
0.646421518429872	2.923668686433218
0.6630118762220445	2.8992454078209704
0.6800280242514332	2.8751562505555124
0.6974808903912215	2.851401219987464
0.7153816829776156	2.8279801688403112
0.7337418980078866	2.804892799824881
0.7525733265231784	2.782138668498423
0.7718880621807929	2.7597171863637158
0.7916985090207911	2.737627624202659
0.8120173894319624	2.715869115637837
0.8328577523222139	2.6944406609148177
0.8542329814986372	2.6733411308969672
0.8761568042627057	2.652569271263718
0.8986433002260075	2.6321237069026044
0.9217069103522686	2.6120029464844206
0.9453624462314023	2.59220538721031
0.9696250995916399	2.5727293197187797
0.9945104520557244	2.553572933140237
1.0200344851475378	2.5347343202858714
1.0462135905555021	2.5162114829574
1.073064580659465	2.4980023373635962
1.1006046993276826	2.4801047196293555
1.1288516329909508	2.46251639138258
1.1578235220009077	2.445235045404059
1.1875389722799228	2.428258311325267
1.2180170672699027	2.4115837613590374
1.249277380187809	2.39520891604795
1.2813399865956616	2.3791312500153894
1.3142254772932391	2.3633481977042834
1.347954971541579	2.347857159088862
1.3825501306259138	2.332655505344866
1.4180331717666412	2.3177405844641155
1.4544268823874145	2.3031097267995553
1.4917546347493258	2.2887602505275586
1.5300404009607345	2.274689467014544
1.5693087683722555	2.2608946860756776
1.6095849553669705	2.2473732211138624
1.6508948275557829	2.234122394128049
1.6932649143884915	2.2211395405803653
1.7367224261911167	2.208422014112442
1.7812952716406085	2.1959671911018748
1.827012075687918	2.183772475050707
1.873902197941141	2.1718353007984157
1.9219957515203827	2.1601531385527957
1.971323622396664	2.148723497732824
2.0219174892270417	2.1375439163288084
2.0738098436987884	2.1266094984838357
2.1270340113958364	2.1159102938083296
2.1816241732006136	2.1054361414392058
2.237615387245242	2.095177363455586
2.2950436114260193	2.0851247564646456
2.3539457264958905	2.0752695826397134
2.41435955974943	2.0656035602482103
2.476323909315791	2.056118853707463
2.5398785690750283	2.0468080632067713
2.6050643542140746	2.0376642139342254
2.6719231274384296	2.0286807449467936
2.7404978258566803	2.019851497721958
2.8108324885548956	2.0111707044288654
2.882972284878905	2.0026329759564514
2.9569635434422548	1.9942332897354131
3.032853781878761	1.9859669773901187
3.110691737358534	1.9778297122556938
3.190527397887417	1.9698174967945377
3.272412034409497	1.9619266499454944
3.356398233733661	1.9541537944376994
3.442539932305067	1.9464958440999265
3.530892450843601	1.9389499911949346
3.6215125298710764	1.9315136938070068
3.7144583661503985	1.9241846633094168
3.8097896500597677	1.9169608519371852
3.9075676039263567	1.9098404404889378
4.007855021343562	1.9028218261803107
4.110716307497477	1.89590361066974
4.216217520528182	1.889084588276058
4.324426413952847	1.8823637344057504
4.435412480177345	1.8757401942063425
4.549246995124751	1.869213271460806
4.666003064009041	1.8627824177365417
4.785755668283895	1.8564472218009735
4.908581713796116	1.8502073993145247
5.034560080175098	1.84406278281029
5.163771671489649	1.8380133119685218
5.296299468205303	1.8320590241926793
5.432228580474754	1.826200045492699
5.571646302796011	1.8204365816799044
5.714642170073669	1.8147689098768738
5.861308015118622	1.809197370344579
6.011738027623726	1.803722358628053
6.166028814652819	1.7983443180209466
6.32427946268262	1.7930637323483927
6.486591601236491	1.787881119066838
6.65306946815162	1.7827970226786531
6.82381997652101	1.7778119714526373
6.9989527833539835	1.7729250226471411
7.178580359998405	1.768133368429868
7.362818064370538	1.7634342361091284
7.551784215038417	1.7588250140163493
7.745600167207031	1.7543032386791906
7.944390390653182	1.7498665824924255
8.148282549660832	1.7455128418831531
8.357407585007646	1.7412399259658562
8.571899798056299	1.7370458456818787
8.791896937003386	1.7329287034170109
9.017540285342287	1.7288866830900487
9.248974752596004	1.724918040704497
9.486348967379334	1.7210210953548906
9.729815372848789	1.7171942206786657
9.97953032460267	1.7134358367439597
10.235654191093285	1.7097444023632826
10.498351456616957	1.706118407822595
10.767790826946559	1.7025563680150038
11.044145337675529	1.6990568159680024
11.32759246534207	1.6956182967529483
11.6183142414061	1.6922393617652802
11.916497369150681	1.688918563363877
12.222333343584125	1.6856544498578232
12.536018574418932	1.6824455608288296
12.857754512207785	1.6792904227775094
13.187747777715991	1.6761875450817687
13.526210294614756	1.6731354162555816
13.873359425579478	1.6701325004965297
14.229418111881921	1.6671772345105587
14.594615016564198	1.6642680246025816
14.969184671287225	1.6614032440216697
15.353367626948996	1.6585812305497514
15.747410608167412	1.655800284322954
16.151566671728535	1.653058665874893
16.56609536910075	1.6503545943914715
16.991262913120945	1.647686246166932
17.427342348957556	1.6450517532512055
17.87461372946209	1.6424492022787955
18.33336429502023	1.639876633469748
18.8038886580201	1.6373320397934539
19.286488992053645	1.634813366286373
19.781475225974578	1.632318509514987
20.289165242936036	1.6298453171755807
20.809885084537868	1.6273915878227279
21.34396916021198	1.6249550707186338
21.8917604619824	1.622533465795758
22.4536107847362	1.6201244237254193
23.02988095214921	1.6177256874484456
23.620941048408582	1.61533732504016
24.22717065588341	1.6129612576569496
24.848959098894113	1.610599300925154
25.486705693739932	1.6082531108187368
26.140820005141546	1.6059241908763209
26.811722109266423	1.6036138991924174
27.49984286350349	1.6013234551864608
28.20562418316346	1.5990539461533912
28.929519325278847	1.5968063335996918
29.671993179688666	1.5945814593688823
30.43352256759276	1.5923800515605906
31.214596547770444	1.5902027302473798
32.01571673065619	1.5880500129936281
32.83739760047735	1.58592232018076
33.680166845658114	1.583819980143217
34.544565697705536	1.5817432341195579
35.43114927879081	1.579692241023114
36.34048695825259	1.577667082036629
37.27316271824834	1.5756677650353195
38.22977552879277	1.5736942288427702
39.21093973241929	1.5717463473240805
40.217285438713596	1.5698239333206412
41.249458928975535	1.5679267424308843
42.308123071263786	1.5660544766413358
43.393957746094266	1.564206787812223
44.507660283062364	1.56238328102188
45.64994590867396	1.560583517774095
46.821548205667085	1.558807019072537
48.02321958412376	1.5570532683662914
49.255731764671026	1.5553217143705125
50.51987627408655	1.5536117737660864
51.816464953620596	1.5519228337821815
53.146330480366096	1.5502542546654468
54.51032690200745	1.548605372039569
55.90933018529727	1.546975499158816
57.34423877860613	1.5453639290591212
58.81597418891228	1.5437699366101811
60.325481573597365	1.5421927804719682
61.87373034743465	1.5406317049589684
63.461714805151466	1.5390859418153897
65.09045475997212	1.5375547119044986
66.7609961985463	1.5360372268151643
68.47441195269079	1.5345326903886112
70.23180238836669	1.5330403001683022
72.03429611234206	1.5315592487757972
73.88305069698805	1.5300887252153565
75.77925342368184	1.5286279161099687
77.72412204528385	1.5271760548608637
79.71890556818724	1.525732795820673
81.76488505443498	1.5242980079450328
83.86337444442901	1.52287155704279
86.01572140074859	1.521453305249663
88.22330817362837	1.5200431123144487
90.48755248864549	1.518640836813575
92.80990845719525	1.5172463372969076
95.19186751032768	1.5158594733676345
97.63495935655493	1.5144801066989408
100.14075296423661	1.5131081019901234
102.71085756918484	1.511743327864672
105.34692370812246	1.5103856577127992
108.05064427866925	1.5090349704807864
110.82375562652787	1.5076911514094429
113.66803866058011	1.5063540927238968
116.58531999659527	1.5050236942768591
119.57747313029124	1.503699864147424
122.6464196405096	1.5023825191973952
125.79413042326212	1.5010715855870571
129.02262695745372	1.4997669992522478
132.33398260308476	1.498468706344504
135.7303239327809	1.4971766636360049
139.21383209748717	1.4958908388909642
142.78674422721843	1.4946112112050602
146.45135486775354	1.4933377713144365
150.21001745421265	1.4920705218757457
154.06514582244347	1.4908094777186502
158.01921575920343	1.4895546660721473
162.07476659212034	1.4883061267660191
166.23440282047065	1.4870639124086702
170.50079578780026	1.4858280885425588
174.87668539747975	1.4845987337783795
179.36488187228215	1.4833759399091133
183.9682675591321	1.482159812005007
188.68979878016185	1.4809504684905144
193.5325077312817	1.4797480412041732
198.49950442946889	1.4785526754423677
203.5939787100479	1.4773645299878677
208.81920227521616	1.476183777124025
214.1785307951542	1.475010602635436
219.67540606305093	1.4738452057958835
225.31335820545343	1.4726877993442982
231.09600794932933	1.4715386094494765
237.0270689473229	1.470397875664247
243.11035016267837	1.469265850869749
249.34975831538935	1.4681428012104543
255.7493003911113	1.467029006020547
262.31308621447545	1.4659246675121103
269.0453310884357	1.4648295472030446
275.95035850137276	1.4637432789108356
283.03260290365694	1.4626655114606697
290.29661255548336	1.4615959084873313
297.7470524477834	1.4605341481871232
305.38870729812294	1.459479923071369
313.22648462347036	1.4584329397216331
321.2654178918274	1.4573929185467716
329.51066975476556	1.4563595935419225
337.96753536290356	1.4553327120495356
346.64144576648977	1.4543120345225458
355.5379714032456	1.4532973342897586
364.66282567574905	1.452288397323545
374.0218686206067	1.4512850220099034
383.6211106718097	1.4502870189209653
393.46671652066016	1.449294210590001
403.565009074789	1.448306431288975
413.9224735187552	1.447323526808706
424.54576147887605	1.4463453542416767
435.4416952949298	1.4453717817675227
446.6172724015213	1.4444026884412446
458.0796698218652	1.4434379639841657
469.83624877691994	1.4424775085776647
481.89455941279465	1.4415212326597038
494.26234564951915	1.4405690567241674
506.9475501542228	1.4396209111230307
519.9583194419698	1.4386767358713615
533.3030091074869	1.4377364804551702
546.9901891911976	1.4368001036421079
561.0286496829402	1.4358675732950126
575.4274061669599	1.4349388661883105
590.1957056117552	1.4340139678272603
605.3430323085613	1.4330928722700373
620.8791139622031	1.432175581952651
636.813927938295	1.4312621075166883
653.1577076707471	1.4303524676398582
669.9209492337651	1.4294466888693438
687.1144180824753	1.428544805457927
704.7491559665738	1.4276468592028786
722.836488021386	1.4267528992875969
741.3880300409654	1.425862982125964
760.4156959378084	1.424977171209417
779.9317053940503	1.4240955369566857
799.9485917089977	1.4232181565662043
820.4792098481223	1.4223451138711412
841.5367446985806	1.4214764991970479
863.1347195366104	1.4206124091809087
885.287004712297	1.419752892746519
908.0078265571702	1.4188978449785545
931.3117765204555	1.4180471376068746
955.2138205397625	1.41720064842063
979.7293086523412	1.4163582611257381
1004.8739848529424	1.4155198652055383
1030.6639972047199	1.4146853557845578
1057.115908209585	1.4138546334953228
1084.2467054447905	1.4130276043481613
1112.0738124724235	1.4122041796039289
1140.6151000289417	1.4113842756496016
1169.8888975018324	1.4105678138766782
1199.914004700907	1.4097547205623282
1230.7097039316193	1.4089449267532372
1262.2957723782947	1.408138368152085
1294.6924948051249	1.4073349850066081
1327.920676583216	1.4065347220011888
1362.00165705189	1.40573752815092
1396.9573232229573	1.404943356698091
1432.8101238366462	1.4041521650110456
1469.5830837783808	1.4033639144853594
1507.2998188654606	1.4025785704472926
1545.9845510133039	1.4017961020594587
1585.6621237908632	1.4010164822286766
1626.358018375382	1.4002396875159433
1668.0983699165154	1.3994656980484936
1710.9099843205067	1.3986944974338975
1754.820355465054	1.3979260726761487
1799.8576828561143	1.3971604140937024
1846.0508897377517	1.3963975152394226
1893.4296416668442	1.3956373728223948
1942.02436556443	1.3948799866315618
1991.86626925614	1.3941253594611438
2042.987361513999	1.3933734970378058
2095.4204726126827	1.3926244079495296
2149.199275413256	1.3918781035761558
2204.35830698818	1.391134598021558
2260.932990801184	1.3903939080474073
2318.959659456379	1.3896560530085067
2378.4755780313717	1.3889210547896411
2439.5189680090607	1.3881889377439207
2502.129031823735	1.3874597286325865
2566.345978037046	1.386733456566232
2632.2110471602923	1.3860101529474245
2699.766538139257	1.3852898514146847
2769.055835518884	1.3845725877877952
2840.123437305017	1.3838584000144114
2913.014983541401	1.3831473276850181
2987.777285619923	1.3824393719230723
3064.458356343209	1.3817344629035089
3143.107440758646	1.3810325251281503
3223.7750477839877	1.3803334850138547
3306.5129826443913	1.3796372708440618
3391.374380142099	1.3789438127215612
3478.4137387798305	1.378253042522447
3567.686955760193	1.3775648938512322
3659.2513628831116	1.3768793019970975
3753.1657633647046	1.3761962038912396
3849.4904696009617	1.3755155380652957
3948.287341900884	1.3748372446108177
4049.6198282134465	1.3741612651397666
4153.55300487431	1.3734875427460052
4260.153618398122	1.3728160219677599
4369.490128343698	1.3721466487510334
4481.632751279064	1.3714793704139374
4596.653505875006	1.3708141356119272
4714.626259155779	1.3701508943039151
4835.626773937143	1.3694895977192378
4959.732757481578	1.3688301983254596
5087.023911402419	1.3681726497969862
5217.581982848579	1.3675169069844773
5351.490817003271	1.3668629258850247
5488.8364109297545	1.3662106636130906
5629.706968799236	1.3655600783721753
5774.192958535976	1.3649111294272074
5922.38716991656	1.3642637770776234
6074.38477415995	1.3636179826311374
6230.2833850468805	1.3629737083781683
6390.183121608278	1.3623309175669143
6554.186672422133	1.361689574379063
6722.39936156082	1.3610496439061055
6894.929216230664	1.3604110921262642
7071.887036147946	1.3597738858819926
7253.386464694969	1.3591379928580487
7439.544061902616	1.3585033815601255
7630.479379305708	1.3578700212940211
7826.315036720025	1.3572378821453324
8027.176800989295	1.3566069349596703
8233.193666753523	1.3559771513233698
8444.497939289908	1.3553485035446924
8661.225319480425	1.3547209646355007
8883.514990959535	1.3540945082934024
9111.509709498869	1.3534691088843411
9345.3558946856	1.352844741425635
9585.20372395436	1.3522213815694368
9831.20722903186	1.3516178449070835
10083.524394857104	1.351038246738911
10342.317261040018	1.350460109146391
10607.752025924674	1.349883425407353
10879.99915332259	1.3493081888445058
11159.23348198578	1.3487343928250437
11445.634337888938	1.3481620307602595
11739.385649394128	1.34759109610516
12040.67606537039	1.3470215823580856
12349.699076345341	1.3464534830603363
12666.653138765616	1.3458867917957988
12991.741802447323	1.345321502190579
13325.173841296606	1.3447576079126389
13667.163387385726	1.3441951026714352
14017.930068469544	1.343633980217565
14377.6991490324	1.343074234342413
14746.701674953942	1.3425158588778017
15125.174621888373	1.341958847695648
15513.361047451242	1.3414031947076221
15911.510247313141	1.3408488938648082
16319.877915298586	1.3402959391573717
16738.72630759379	1.3397443246142287
17168.32441116985	1.3391940443027175
17608.948116527357	1.3386450923282764
18060.88039487518	1.3380974628341225
18524.41147985579	1.3375511500009347
18999.839053935804	1.33700614804654
19487.468439578977	1.3364624512256036
19987.612795326397	1.3359200538293194
20500.593316908216	1.3353789501851097
21026.73944351836	1.3348391346563202
21566.3890693818	1.3343006016419243
22119.888760752543	1.3337633455762279
22687.593978479992	1.3332273609285774
23269.86930628895	1.3326926422030703
23867.088684916904	1.3321591839382703
24479.63565226132	1.3316269807069234
25107.903589689355	1.3310960271156782
25752.29597467075	1.3305663178048084
26413.226639892804	1.3300378474479382
27091.12003902665	1.3295106107517702
27786.411519313133	1.3289846024558183
28499.54760114664	1.3284598173321382
29230.986264832412	1.3279362501850667
29981.197244704672	1.3274138958509583
30750.662330791998	1.3268927491979292
31539.8756782271	1.3263728051255996
32349.344124595336	1.3258540585648413
33179.58751542936	1.325336504477526
34031.13903805614	1.324820137856279
34904.54556401443	1.324304953724231
35800.36800025811	1.3237909471347764
36719.18164937447	1.3232781131713314
37661.57657904602	1.322766446947096
38628.15800099703	1.3222559436048174
39619.546659663145	1.321746598316556
40636.37923083779	1.3212384062834537
41679.30873054804	1.3207313627355048
42749.004934427154	1.3202254629313288
43846.154807847764	1.3197207021579442
44971.4629470942	1.3192170757305488
46125.65203186035	1.3187145789922947
47309.46328935769	1.318213207314074
48523.65697033655	1.3177129560942995
49769.01283732238	1.317213820758692
51046.330665385954	1.3167157967600678
52356.43075576246	1.3162188795781276
53700.15446265462	1.3157230647192493
55078.3647335539	1.315228347716282
56491.94666343294	1.3147347241283407
57941.80806315729	1.314242189540605
59428.88004248793	1.3137507395641175
60954.1176080439	1.3132603698355878
62518.50027661578	1.3127710760171936
64123.03270421566	1.312282853796386
65768.74533127421	1.311795698885699
67456.69504439393	1.3113096070225554
69187.96585509076	1.31082457396908
70963.66959595113	1.3103405955119112
72784.9466346585	1.309857667462014
74652.96660634228	1.3093757856544992
76568.92916472776	1.3088949459484376
78534.06475255881	1.308415144226682
80549.63539179691	1.307936376395687
82616.93549409683	1.3074586383853326
84737.29269208913	1.3069819261487479
86912.06869199162	1.3065062356621373
89142.66014810638	1.3060315629246086
91430.49955975733	1.3055579039580028
93777.0561912535	1.3050852548067227
96183.83701545704	1.304613611537568
98652.38768157168	1.3041429702395666
101184.29350776508	1.3036733270238134
103781.18049927405	1.3032046780233033
106444.71639263211	1.302737019392773
109176.61172670146	1.3022703473085384
111978.62094118827	1.3018046579683384
114852.54350335915	1.3013399475911753
117800.22506366759	1.3008762124171607
120823.55864103936	1.3004134487073602
123924.48583858565	1.2999516527436414
127104.99809050908	1.2994908208285214
130367.13794101641	1.299030949285017
133713.00035604922	1.2985720344564955
137144.73406868923	1.2981140727065281
140664.5429590839	1.2976570604187423
144274.68746979366	1.2972009939966784
147977.48605745766	1.2967458698636452
151775.31668172663	1.2962916844625771
155670.61833239914	1.2958384342558942
159665.8925957576	1.2953861157253614
163763.70526109752	1.2949347253719516
167966.68796849978	1.294484259715706
172277.53989888134	1.294034715295599
176699.02950742783	1.2935860886694044
181233.99630150723	1.29313837641356
185885.35266422623	1.2926915751230357
190656.0857247752	1.292245681411202
195549.25927678338	1.2918006919097005
200568.01574590002	1.2913566032683133
205715.5782078875	1.2909134121548365
210995.25245849453	1.2904711152549522
216410.42913646105	1.2900297092721034
221964.58590100103	1.2895891909273696
227661.28966518503	1.289149556959342
233504.19888662762	1.2887108041240027
239497.06591697404	1.2882729291946013
245643.7394116763	1.2878359289615362
251948.1668016333	1.2873998002322342
258414.3968282479	1.2869645398310325
265046.5821435568	1.2865301445990618
271848.9819770813	1.2860966113941288
278825.9648711415	1.2856639370906022
285982.01148635295	1.2852321185792976
293321.7174791382	1.284801152767364
300849.7964530769	1.284371036578172
308571.08298602246	1.283941766951202
316490.5357348917	1.283513340841934
324613.24062013725	1.2830857552217374
332944.4140919697	1.2826590070777628
341489.4064803849	1.2822330934128343
350253.7054311823	1.281808011245343
359242.93943015515	1.2813837576091405
368462.88141775253	1.2809603295534338
377919.4524964866	1.2805377241426819
387618.7257335062	1.2801159384564917
397566.93006074574	1.2796949695895168
407770.4542751998	1.2792748146513542
418235.8511418361	1.2788554707664452
428969.84160182654	1.2784369350739748
439979.3190887643	1.2780192047277732
451271.3539556867	1.277602276896216
462853.19801568624	1.2771861487621292
474732.28919907584	1.2767708175226908
486916.25633005897	1.276356280389336
499412.9240260265	1.2759425345876614
512230.3177225602	1.2755295773573316
525376.6688274234	1.275117405951985
538860.4200068052	1.274706017639142
552690.2306072749	1.2742954097001122
566874.9822168514	1.2738855794299033
581423.7843688204	1.273476524137132
596345.980391916	1.2730682411439322
611651.1534106869	1.2726607277858681
627349.1324998207	1.2722539814118445
643449.998996444	1.27184799938402
659964.0929744001	1.27144277907772
676902.0198847335	1.2710383178813507
694274.6573665568	1.2706346131963133
712093.1622327464	1.2702316624369205
730368.9776348945	1.2698294630303106
749113.8404122011	1.269428012416366
768339.7886289221	1.2690273080476284
788059.1693052979	1.2686273473892198
808284.646346863	1.2682281279187577
829029.2086773152	1.2678296471262773
850306.1785800649	1.2674319025141494
872129.220253868	1.267034891597002
894512.3485880923	1.2666386119016413
917469.9381631413	1.2662430609669735
941016.7324819079	1.2658482363439272
965167.8534381166	1.2654541355953766
989938.8110277323	1.2650607562960647
1.0153455133095493e6	1.2646680960325283
1.0414042766214556e6	1.264276152403022
1.0681318360588553e6	1.263884923017445
1.0955453562220905e6	1.2634944054972657
1.1236624422396242e6	1.2631045974754487
1.1525011510741743e6	1.262715496596383
1.1820800031189728e6	1.2623271005158083
1.2124179940917217e6	1.2619394069007446
1.2435346072337264e6	1.2615524134294203
1.2754498258221687e6	1.2611661177912017
1.3081841460034503e6	1.2607805176865232
1.3417585899559984e6	1.2603956108268186
1.3761947193907981e6	1.2600113949344505
1.411514649398473e6	1.2596278677426427
1.4477410626516913e6	1.2592450269954134
1.4848972239721739e6	1.2588628704475067
1.5230069952714636e6	1.2584813958643253
1.5620948508752112e6	1.2581006010218654
1.6021858932406914e6	1.2577204837066507
1.6433058690778168e6	1.2573410417156667
1.68548118588379e6	1.2569622728562961
1.7287389289021771e6	1.256584174946254
1.7731068785171704e6	1.256206745813525
1.8186135280943892e6	1.2558299832962998
1.865288102279444e6	1.2554538852429116
1.9131605757662072e6	1.255078449511774
1.9622616925466864e6	1.25470367397132
2.0126229856550856e6	1.2543295564999395
2.0642767974184554e6	1.2539560949859185
2.1172563002271587e6	1.25358328732738
2.171595517838323e6	1.2532111314322214
2.2273293472261885e6	1.2528396252180576
2.284493580993102e6	1.2524687666121603
2.3431249303557687e6	1.252098553551399
2.403261048721356e6	1.2517289839821848
2.464940555868834e6	1.2513600558604105
2.528203062750786e6	1.2509917671513942
2.593089196931748e6	1.2506241158298217
2.6596406286795787e6	1.2502570998796911
2.727900097726291e6	1.2498907172942562
2.797911440715802e6	1.2495249660759695
2.869719619356011e6	1.24915984423643
2.943370749293602e6	1.2487953497963247
3.0189121297297063e6	1.248431480785377
3.096392273795784e6	1.248068235242291
3.175860939708959e6	1.2477056112146994
3.2573691627271757e6	1.2473436067591084
3.34096928792427e6	1.246982219940846
3.426715003806332e6	1.2466214488340093
3.5146613767906963e6	1.2462612915214129
3.6048648865700704e6	1.245901746094536
3.6973834623840414e6	1.2455428106534727
3.792276520221634e6	1.2451844833068795
3.8896050009785085e6	1.2448267621719251
3.9894314095937363e6	1.2444696453742417
4.091819855190742e6	1.244113131047873
4.196836092248627e6	1.243757217335226
4.304547562829971e6	1.2434019023870218
4.415023439892718e6	1.2430471843622461
4.528334671713345e6	1.2426930614281024
4.644554027450332e6	1.2423395317599617
4.763756143876839e6	1.2419865935413168
4.886017573313071e6	1.241634244963734
5.011416832788527e6	1.241282484226806
5.140034454466171e6	1.2409313095381054
5.271953037360528e6	1.2405807191131386
5.407257300383495e6	1.2402307111753
5.546034136751189e6	1.239881283955825
5.688372669787372e6	1.2395324356937463
5.834364310158834e6	1.2391841646358477
5.984102814580105e6	1.2388364690366203
6.137684346024436e6	1.238489347158217
6.295207535480323e6	1.2381427972704095
6.45677354529274e6	1.2377968176505445
6.622486134130485e6	1.2374514065834985
6.792451723620489e6	1.2371065623616375
6.966779466692284e6	1.2367622832847722
7.145581317676958e6	1.2364185676601154
7.32897210420472e6	1.2360754138022407
7.517069600947987e6	1.2357328200330404
7.709994605256798e6	1.2353907846816834
7.907871014735894e6	1.2350493060845744
8.110825906812326e6	1.234708382585312
8.31898962034544e6	1.2343680125346488
8.53249583933105e6	1.234028194290451
8.751481678754466e6	1.2336889262176567
8.976087772646325e6	1.233350206688238
9.206458364398748e6	1.2330120340811601
9.44274139939905e6	1.2326744067823427
9.685088620041557e6	1.23233732318462
9.933655663177233e6	1.2320007816877023
1.0188602160064736e7	1.2316647806981376
1.04500918388863e7	1.2313293186292738
1.0718292629895385e7	1.2309943939012193
1.0993376773262218e7	1.2306600049408067
1.1275520929687629e7	1.2303261501815543
1.15649062938553e7	1.2299928280636294
1.1861718710796556e7	1.229660037033811
1.2166148795240857e7	1.2293277755454537
1.2478392054029908e7	1.2289960420584503
1.279864901167297e7	1.2286648350391958
1.3127125339125432e7	1.2283341529605525
1.3464031985871613e7	1.2280039943018128
1.380958531539797e7	1.2276743575486646
1.4164007244142655e7	1.2273452411931558
1.4527525384012165e7	1.2270166437336592
1.4900373188554697e7	1.226688563674838
1.5282790102885658e7	1.226360999527611
1.5675021717460304e7	1.2260339498091186
1.6077319925794087e7	1.2257074130426884
1.6489943086229738e7	1.225381387757802
1.6913156187856812e7	1.22505587249006
1.734723102068879e7	1.2247308657811504
1.7792446350208983e7	1.2244063661788145
1.8249088096395075e7	1.2240823722368137
1.871744951733827e7	1.2237588825148977
1.9197831397576146e7	1.223435895578771
1.969054224125785e7	1.2231134100000614
2.019589847026755e7	1.2227914243562878
2.071422462743194e7	1.222469937230828
2.124585358494445e7	1.222148947212888
2.1791126758137207e7	1.2218284528974686
2.2350394324740347e7	1.2215084528853362
2.2924015449767623e7	1.2211889457829916
2.3512358516175292e7	1.2208699302026385
2.411580136143927e7	1.2205514047621522
2.4734731520204935e7	1.2202333680850515
2.53695464731636e7	1.2199158188004662
2.602065390231796e7	1.2195987555431087
2.6688471952797316e7	1.2192821769532431
2.7373429501393255e7	1.2189660816766568
2.8075966431986157e7	1.2186504683646293
2.87965339180424e7	1.2183353356739055
2.953559471235997e7	1.2180206822666642
3.029362344425149e7	1.2177065068104909
3.1071106924353175e7	1.2173928079783487
3.186854445725886e7	1.2170795844485498
3.2686448162175573e7	1.2167668349047271
3.3525343301810026e7	1.2164545580358066
3.438576861969458e7	1.216142752535979
3.5268276686173e7	1.215831417104672
3.617343425326352e7	1.2155205504465236
3.7101822618630946e7	1.2152101512713536
3.8054037998898454e7	1.2149002182941373
3.90306919125431e7	1.214590750234978
4.003241157261564e7	1.2142817458190804
4.105984028954105e7	1.213973203776724
4.211363788425531e7	1.2136651228432365
4.319448111194806e7	1.2133575017589675
4.430306409667769e7	1.2130503392692624
4.544009877714274e7	1.2127436341244366
4.660631536389184e7	1.2124373850797496
4.780246280827131e7	1.2121315908953787
4.902930928340532e7	1.2118262503363952
5.028764267752023e7	1.211521362172737
5.157827109993326e7	1.211216925179185
5.2902023400023796e7	1.2109129381353383
5.4259749699526206e7	1.210609399825587
5.5652321938481644e7	1.2103063090390906
5.708063443520547e7	1.2100036645697518
5.8545604460622385e7	1.2097014652161926
6.0048172827344194e7	1.2093997097817295
6.158930449386362e7	1.2090983970743505
6.316998918425903e7	1.2087975259066903
6.4791242023799546e7	1.2084970950960066
6.645410419086553e7	1.2081971034641577
6.815964358559772e7	1.2078975498375772
6.99089555157121e7	1.2075984330472525
7.170316339991105e7	1.2072997519287
7.35434194893508e7	1.2070015053219438
7.543090560762197e7	1.2067036920714913
7.73668339097269e7	1.2064063110263117
7.935244766053088e7	1.206109361039812
8.13890220331955e7	1.2058128409698161
8.347786492810014e7	1.2055167496785422
8.562031781278713e7	1.2052210860325794
8.781775658345787e7	1.2049258489028674
9.0071592448583e7	1.204631037164673
9.23832728351864e7	1.20433664969757
9.475428231839547e7	1.204042685385416
9.718614357484162e7	1.2037491431163327