# Internal run number: twoLoop 1918
# All dimensionful quantities in GeV
# Rescaling factor from internal to physical units: 0.971861
# Quantity: gluon dressing function Z
# Syntax: p^2 [GeV^2], Z
# Cutoff in GeV^2, renormalization constant Z3: 971861., 1.23481
# Renormalization point 1: 9718.61
# Renormalization value Z at point 1: 0.903593
# Renormalization point 2: 0.000000971861
# Renormalization value D at point 2: 11.1571
# Lowest/highest points (extrapolated beyond that): 0.000000971861/9718.61
# alpha(mu)=0.05
#
9.718614357484132e-15	1.2e-13
1.0010172788208655e-14	1.231e-13
1.0204545075358338e-14	1.262e-13
1.0496103506082863e-14	1.295e-13
1.0787661936807387e-14	1.328e-13
1.1079220367531912e-14	1.362e-13
1.1273592654681593e-14	1.397e-13
1.1565151085406118e-14	1.433e-13
1.185670951613064e-14	1.47e-13
1.2245454090430006e-14	1.507e-13
1.253701252115453e-14	1.546e-13
1.2828570951879055e-14	1.586e-13
1.321731552617842e-14	1.626e-13
1.3508873956902943e-14	1.668e-13
1.3897618531202308e-14	1.711e-13
1.4189176961926833e-14	1.755e-13
1.4577921536226198e-14	1.8e-13
1.4966666110525562e-14	1.846e-13
1.535541068482493e-14	1.894e-13
1.5744155259124293e-14	1.942e-13
1.613289983342366e-14	1.992e-13
1.6521644407723026e-14	2.043e-13
1.7007575125597233e-14	2.096e-13
1.7396319699896596e-14	2.149e-13
1.7882250417770803e-14	2.205e-13
1.8270994992070166e-14	2.261e-13
1.8756925709944376e-14	2.319e-13
1.9242856427818582e-14	2.379e-13
1.972878714569279e-14	2.44e-13
2.0311904007141837e-14	2.502e-13
2.079783472501604e-14	2.567e-13
2.128376544289025e-14	2.632e-13
2.1866882304339295e-14	2.7e-13
2.2449999165788347e-14	2.769e-13
2.3033116027237393e-14	2.84e-13
2.3616232888686442e-14	2.913e-13
2.4199349750135488e-14	2.988e-13
2.4782466611584536e-14	3.065e-13
2.5462769616608428e-14	3.143e-13
2.6143072621632316e-14	3.224e-13
2.6823375626656204e-14	3.307e-13
2.7503678631680095e-14	3.392e-13
2.8183981636703987e-14	3.479e-13
2.886428464172787e-14	3.568e-13
2.9641773790326606e-14	3.66e-13
3.041926293892534e-14	3.753e-13
3.119675208752406e-14	3.85e-13
3.1974241236122794e-14	3.949e-13
3.275173038472152e-14	4.05e-13
3.3626405676895095e-14	4.154e-13
3.450108096906867e-14	4.26e-13
3.537575626124224e-14	4.37e-13
3.6250431553415815e-14	4.482e-13
3.722229298916423e-14	4.597e-13
3.819415442491264e-14	4.715e-13
3.916601586066105e-14	4.836e-13
4.0137877296409465e-14	4.96e-13
4.1206924875732723e-14	5.087e-13
4.2275972455055975e-14	5.218e-13
4.334502003437923e-14	5.352e-13
4.441406761370248e-14	5.489e-13
4.558030133660058e-14	5.63e-13
4.6746535059498674e-14	5.775e-13
4.800995492597162e-14	5.923e-13
4.917618864886971e-14	6.075e-13
5.0439608515342646e-14	6.231e-13
5.180021452539042e-14	6.391e-13
5.3063634391863366e-14	6.555e-13
5.442424040191114e-14	6.723e-13
5.588203255553376e-14	6.895e-13
5.724263856558153e-14	7.072e-13
5.870043071920416e-14	7.254e-13
6.025540901640162e-14	7.44e-13
6.181038731359909e-14	7.631e-13
6.336536561079654e-14	7.827e-13
6.501753005156885e-14	8.028e-13
6.666969449234115e-14	8.234e-13
6.841904507668829e-14	8.445e-13
7.016839566103543e-14	8.662e-13
7.191774624538258e-14	8.884e-13
7.376428297330457e-14	9.112e-13
7.570800584480139e-14	9.346e-13
7.765172871629822e-14	9.586e-13
7.959545158779504e-14	9.832e-13
8.163636060286671e-14	1.0084e-12
8.377445576151322e-14	1.0343e-12
8.591255092015973e-14	1.0609e-12
8.814783222238107e-14	1.0881e-12
9.038311352460243e-14	1.116e-12
9.271558097039862e-14	1.1446e-12
9.50480484161948e-14	1.174e-12
9.747770200556585e-14	1.2042e-12
1.0000454173851171e-13	1.2351e-12
1.0262856761503244e-13	1.2668e-12
1.0525259349155315e-13	1.2993e-12
1.079738055116487e-13	1.3326e-12
1.1069501753174427e-13	1.3668e-12
1.1351341569541466e-13	1.4019e-12
1.164290000026599e-13	1.4379e-12
1.1944177045348e-13	1.4748e-12
1.2255172704787489e-13	1.5126e-12
1.2566168364226982e-13	1.5514e-12
1.288688263802396e-13	1.5913e-12
1.321731552617842e-13	1.6321e-12
1.3557467028690366e-13	1.674e-12
1.3907337145559793e-13	1.717e-12
1.4266925876786704e-13	1.761e-12
1.4626514608013617e-13	1.8062e-12
1.50055405679555e-13	1.8526e-12
1.538456652789738e-13	1.9001e-12
1.578302971655423e-13	1.9489e-12
1.6191211519568564e-13	1.9989e-12
1.6609111936940383e-13	2.0502e-12
1.70270123543122e-13	2.1028e-12
1.7464350000398987e-13	2.1568e-12
1.7911406260843256e-13	2.2121e-12
1.8377899750002495e-13	2.2689e-12
1.8844393239161734e-13	2.3272e-12
1.9330323957035938e-13	2.3869e-12
1.982597328926763e-13	2.4481e-12
2.0331341235856806e-13	2.511e-12
2.0856146411160947e-13	2.5754e-12
2.1390670200822573e-13	2.6415e-12
2.194463121919917e-13	2.7093e-12
2.2508310851933249e-13	2.7788e-12
2.3081709099024816e-13	2.8502e-12
2.3674544574831344e-13	2.9233e-12
2.4286817279352844e-13	2.9983e-12
2.4908808598231826e-13	3.0753e-12
2.5550237145825786e-13	3.1542e-12
2.620138430777722e-13	3.2352e-12
2.687196869844362e-13	3.3182e-12
2.7561990317825e-13	3.4034e-12
2.827144916592134e-13	3.4907e-12
2.900034524273265e-13	3.5803e-12
2.9738959933901446e-13	3.6722e-12
3.050673046814269e-13	3.7664e-12
3.1284219616741425e-13	3.8631e-12
3.2090864608412604e-13	3.9622e-12
3.2916946828798756e-13	4.0639e-12
3.3762466277899877e-13	4.1682e-12
3.4627422955715965e-13	4.2752e-12
3.5511816862247015e-13	4.3849e-12
3.6425366611850526e-13	4.4975e-12
3.7358353590169004e-13	4.6129e-12
3.832049641155993e-13	4.7313e-12
3.930207646166583e-13	4.8527e-12
4.031281235484418e-13	4.9773e-12
4.13429854767375e-13	5.105e-12
4.240231444170327e-13	5.236e-12
4.349079924974149e-13	5.3704e-12
4.460843990085216e-13	5.5082e-12
4.575523639503529e-13	5.6496e-12
4.693118873229088e-13	5.7946e-12
4.81362969126189e-13	5.9433e-12
4.937056093601939e-13	6.0958e-12
5.063398080249233e-13	6.2523e-12
5.193627512639521e-13	6.4128e-12
5.326772529337052e-13	6.5773e-12
5.463804991777579e-13	6.7462e-12
5.60375303852535e-13	6.9193e-12
5.747588531016116e-13	7.0969e-12
5.895311469249874e-13	7.279e-12
6.046921853226627e-13	7.4658e-12
6.201447821510625e-13	7.6574e-12
6.360833096973364e-13	7.854e-12
6.524105818179098e-13	8.0555e-12
6.691265985127825e-13	8.2623e-12
6.863285459255294e-13	8.4743e-12
7.039192379125757e-13	8.6918e-12
7.219958606174961e-13	8.9149e-12
7.405584140402909e-13	9.1437e-12
7.595097120373849e-13	9.3784e-12
7.790441268959281e-13	9.6191e-12
7.990644724723454e-13	9.8659e-12
8.195707487666368e-13	1.01192e-11
8.405629557788026e-13	1.03789e-11
8.621382796524174e-13	1.06452e-11
8.842967203874812e-13	1.09184e-11
9.069410918404191e-13	1.11987e-11
9.30265766298381e-13	1.14861e-11
9.540763714742172e-13	1.17809e-11
9.785672796550774e-13	1.20832e-11
1.0037384908409611e-12	1.23933e-11
1.0294928188882942e-12	1.27114e-11
1.055927449940651e-12	1.30376e-11
1.0830423839980317e-12	1.33723e-11
1.1108376210604364e-12	1.37155e-11
1.1393131611278648e-12	1.40675e-11
1.1685661903438921e-12	1.44285e-11
1.1984995225649432e-12	1.47988e-11
1.229307530078168e-12	1.51786e-11
1.2607958405964164e-12	1.55682e-11
1.2931588264068386e-12	1.59677e-11
1.3263964875094343e-12	1.63775e-11
1.3604116377606287e-12	1.67979e-11
1.3953014633039969e-12	1.7229e-11
1.4311631502831134e-12	1.76712e-11
1.4678995125544032e-12	1.81247e-11
1.5056077362614416e-12	1.85899e-11
1.5441906352606537e-12	1.9067e-11
1.583842581839189e-12	1.95563e-11
1.6244663898534728e-12	2.00582e-11
1.6661592454470796e-12	2.0573e-11
1.70892114862001e-12	2.1101e-11
1.7527520993722632e-12	2.16426e-11
1.7977492838474149e-12	2.2198e-11
1.8439127020454645e-12	2.27678e-11
1.8912423539664123e-12	2.33521e-11
1.9398354257538327e-12	2.39514e-11
1.9895947312641516e-12	2.45661e-11
2.040617456640943e-12	2.51966e-11
2.0930007880277825e-12	2.58433e-11
2.14674472542467e-12	2.65066e-11
2.201849268831605e-12	2.71868e-11
2.258314418248588e-12	2.78846e-11
2.316334545962768e-12	2.86003e-11
2.375715279686996e-12	2.93343e-11
2.4367481778519966e-12	3.00871e-11
2.4992388681706195e-12	3.08593e-11
2.5633817229300146e-12	3.16513e-11
2.6291767421301823e-12	3.24637e-11
2.696623925771122e-12	3.32968e-11
2.765820459996409e-12	3.41514e-11
2.8368635309496182e-12	3.50279e-11
2.9096559524871742e-12	3.59269e-11
2.9842949107526525e-12	3.68489e-11
3.060974778033202e-12	3.77947e-11
3.1395011820416742e-12	3.87647e-11
3.2200684950652173e-12	3.97595e-11
3.3026767171038328e-12	4.078e-11
3.387423034301094e-12	4.18266e-11
3.4744046328005774e-12	4.29001e-11
3.5636215126022814e-12	4.40011e-11
3.655073673706208e-12	4.51304e-11
3.748858302255929e-12	4.62886e-11
3.845072584395023e-12	4.74766e-11
3.9437165201234864e-12	4.86951e-11
4.04498448172847e-12	4.99449e-11
4.1487792830664016e-12	5.12267e-11
4.255295296424428e-12	5.25414e-11
4.364435335658974e-12	5.38899e-11
4.476490959200766e-12	5.5273e-11
4.591364980906229e-12	5.66916e-11
4.7091545869189365e-12	5.81465e-11
4.8300541495260384e-12	5.96389e-11
4.954063668727537e-12	6.11695e-11
5.081183144523429e-12	6.27394e-11
5.211606949200866e-12	6.43496e-11
5.3453350827598475e-12	6.60011e-11
5.482561917487524e-12	6.76951e-11
5.6231902672403186e-12	6.94324e-11
5.767511690448958e-12	7.12144e-11
5.915526187113442e-12	7.30421e-11
6.067428129520919e-12	7.49168e-11
6.223120331527815e-12	7.68395e-11
6.382797165421278e-12	7.88116e-11
6.546653003488462e-12	8.08343e-11
6.714687845729362e-12	8.29089e-11
6.886998878287555e-12	8.50367e-11
7.063780473450191e-12	8.72192e-11
7.24503263121727e-12	8.94576e-11
7.430949723875943e-12	9.17536e-11
7.621726123713355e-12	9.41084e-11
7.817264644585936e-12	9.65237e-11
8.017954031067985e-12	9.9001e-11
8.223697097015922e-12	1.015418e-10
8.43478540086048e-12	1.041479e-10
8.65121894260165e-12	1.068208e-10
8.873289280670162e-12	1.095624e-10
9.100996415066015e-12	1.123743e-10
9.334631904219935e-12	1.152584e-10
9.574195748131919e-12	1.182165e-10
9.819882319089118e-12	1.212505e-10
1.007188598937868e-11	1.243624e-10
1.0330401131287758e-11	1.275541e-10
1.0595524930959925e-11	1.308278e-10
1.0867451760682331e-11	1.341855e-10
1.1146375992742125e-11	1.376293e-10
1.1432491999426459e-11	1.411616e-10
1.1725896966878906e-11	1.447845e-10
1.2026785267386613e-11	1.485004e-10
1.233544845938031e-11	1.523116e-10
1.2652080915147143e-11	1.562207e-10
1.2976779820830688e-11	1.602301e-10
1.3309836734861669e-11	1.643424e-10
1.3651446029527237e-11	1.685602e-10
1.4001802077114538e-11	1.728863e-10
1.4361099249910728e-11	1.773234e-10
1.47297262924901e-11	1.818744e-10
1.510778039099623e-11	1.865422e-10
1.5495455917716275e-11	1.913298e-10
1.58932388033681e-11	1.962402e-10
1.630112904795171e-11	2.012767e-10
1.6719418209897828e-11	2.064425e-10
1.7148592219924327e-11	2.117408e-10
1.7588651078031208e-11	2.171751e-10
1.8040080714936347e-11	2.227489e-10
1.8503075502926887e-11	2.284657e-10
1.8977927000433566e-11	2.343293e-10
1.946502395203067e-11	2.403433e-10
1.9964560730005354e-11	2.465117e-10
2.0477023265075492e-11	2.528384e-10
2.100250874338466e-11	2.593275e-10
2.1541600281794304e-11	2.659831e-10
2.2094395066448002e-11	2.728096e-10
2.26614762142072e-11	2.798112e-10
2.3243038097359053e-11	2.869925e-10
2.3839566646621425e-11	2.943582e-10
2.4451450606568626e-11	3.019128e-10
2.507898153563138e-11	3.096614e-10
2.572264536452755e-11	3.176089e-10
2.6382830837831447e-11	3.257603e-10
2.7059926700117367e-11	3.341209e-10
2.7754418882103184e-11	3.426961e-10
2.8466696128363195e-11	3.514913e-10
2.9197341555758856e-11	3.605123e-10
2.994664672272088e-11	3.697648e-10
3.07152919322543e-11	3.792548e-10
3.150356874278984e-11	3.889884e-10
3.2312060271188944e-11	3.989717e-10
3.3141349634313066e-11	4.092113e-10
3.399192276288008e-11	4.197137e-10
3.486436277375142e-11	4.304856e-10
3.5759155597644996e-11	4.41534e-10
3.6676884351422217e-11	4.528659e-10
3.761822933808813e-11	4.644887e-10
3.85836764883606e-11	4.764098e-10
3.9573906105244656e-11	4.886368e-10
4.058959849174533e-11	5.011776e-10
4.1631336764724054e-11	5.140403e-10
4.269980122718586e-11	5.272331e-10
4.379567218213577e-11	5.407645e-10
4.4919727118722386e-11	5.546432e-10
4.607254915380715e-11	5.68878e-10
4.725501296268225e-11	5.834782e-10
4.846779884835269e-11	5.984532e-10
4.971168429996708e-11	6.138124e-10
5.0987543992817604e-11	6.295659e-10
5.2296155416052836e-11	6.457236e-10
5.3638296058821395e-11	6.622961e-10
5.5014937782559026e-11	6.792939e-10
5.64269552625579e-11	6.967279e-10
5.7875125987966605e-11	7.146093e-10
5.93604218202209e-11	7.329497e-10
6.088391180690012e-11	7.517608e-10
6.244656780944e-11	7.710547e-10
6.404916731698912e-11	7.908438e-10
6.569307093555757e-11	8.111407e-10
6.737905615429391e-11	8.319586e-10
6.910828920692107e-11	8.533107e-10
7.088193632716191e-11	8.752109e-10
7.270116374873937e-11	8.976731e-10
7.456704051923275e-11	9.207118e-10
7.648083005850853e-11	9.443418e-10
7.844369860028959e-11	9.685783e-10
8.045690956444243e-11	9.934368e-10
8.252182355697709e-11	1.0189332e-9
8.463970399776004e-11	1.0450841e-9
8.681200867894489e-11	1.0719061e-9
8.904000102039812e-11	1.0994165e-9
9.132523600041694e-11	1.1276329e-9
9.366907422501138e-11	1.1565735e-9
9.607307067247866e-11	1.1862569e-9
9.853878032111597e-11	1.2167021e-9
1.0106785533536406e-10	1.2479286e-9
1.0366175350737658e-10	1.2799566e-9
1.0632222418773786e-10	1.3128066e-9
1.0905091954088867e-10	1.3464997e-9
1.1184968610355696e-10	1.3810575e-9
1.1472037041247061e-10	1.4165022e-9
1.1766462463207044e-10	1.4528567e-9
1.206844896713715e-10	1.4901441e-9
1.2378181206710166e-10	1.5283885e-9
1.2695863272827608e-10	1.5676145e-9
1.3021708975005337e-10	1.6078472e-9
1.3355902966916143e-10	1.6491125e-9
1.3698688213918966e-10	1.6914368e-9
1.4050259088300955e-10	1.7348474e-9
1.4410858555421048e-10	1.7793721e-9
1.4780710143409462e-10	1.8250396e-9
1.516005681762514e-10	1.8718791e-9
1.5549141543427018e-10	1.9199207e-9
1.5948207286174033e-10	1.9691953e-9
1.6357516448453833e-10	2.0197346e-9
1.6777331432854075e-10	2.0715709e-9
1.7207924360576765e-10	2.1247376e-9
1.764955763420956e-10	2.1792688e-9
1.8102532530797537e-10	2.2351996e-9
1.8567140608771425e-10	2.2925658e-9
1.9043663707947588e-10	2.3514044e-9
1.9532412823985465e-10	2.411753e-9
2.0033708671158852e-10	2.4736504e-9
2.054787196374155e-10	2.5371365e-9
2.1075233134621712e-10	2.6022519e-9
2.161613233530185e-10	2.6690385e-9
2.2170909717284473e-10	2.7375391e-9
2.273992486930081e-10	2.8077979e-9
2.332353738008209e-10	2.8798598e-9
2.392213599420261e-10	2.9537711e-9
2.4536099737622314e-10	3.0295795e-9
2.516580763630114e-10	3.1073334e-9
2.581168730927082e-10	3.1870828e-9
2.647414693833437e-10	3.2688791e-9
2.715360442390916e-10	3.3527746e-9
2.785049710364127e-10	3.4388233e-9
2.8565281752405517e-10	3.5270804e-9
2.929840542646233e-10	3.6176027e-9
3.0050344337915235e-10	3.7104482e-9
3.0821584417482106e-10	3.8056765e-9
3.161262131449517e-10	3.9033489e-9
3.2423950678286655e-10	4.0035281e-9
3.3256116751260594e-10	4.1062783e-9
3.4109624901363565e-10	4.2116656e-9
3.4985048526842665e-10	4.3197577e-9
3.5882941588716265e-10	4.4306239e-9
3.6803867766617103e-10	4.5443355e-9
3.77484393332497e-10	4.6609656e-9
3.8717249124089866e-10	4.7805889e-9
3.971092884907083e-10	4.9032823e-9
4.0730100499511473e-10	5.0291247e-9
4.177543465980247e-10	5.1581968e-9
4.284760191433448e-10	5.2905815e-9
4.3947282566112525e-10	5.4263638e-9
4.5075186073984697e-10	5.565631e-9
4.6232031615413463e-10	5.7084725e-9
4.74185772423187e-10	5.85498e-9
4.863557128800594e-10	6.0052476e-9
4.988380096023813e-10	6.1593718e-9
5.116406318539259e-10	6.3174516e-9
5.24771840456897e-10	6.4795885e-9
5.382400906057856e-10	6.6458867e-9
5.520539346812264e-10	6.8164528e-9
5.662224109945718e-10	6.9913966e-9
5.807544606710306e-10	7.1708302e-9
5.956595107665298e-10	7.354869e-9
6.10946988336996e-10	7.5436312e-9
6.266269035552172e-10	7.7372379e-9
6.42709266593982e-10	7.9358135e-9
6.59204379184509e-10	8.1394855e-9
6.761227374303046e-10	8.3483848e-9
6.93475420551736e-10	8.5626454e-9
7.112734105830275e-10	8.782405e-9
7.295281754891207e-10	9.0078048e-9
7.482514747933881e-10	9.2389894e-9
7.674552623914896e-10	9.4761073e-9
7.871519781098027e-10	9.7193109e-9
8.073541589608486e-10	9.9687562e-9
8.280748278878662e-10	1.02246036e-8
8.493272993925254e-10	1.04870172e-8
8.711251795349265e-10	1.07561657e-8
8.93482560305888e-10	1.10322219e-8
9.164137280685154e-10	1.1315363e-8
9.399334551166321e-10	1.16057709e-8
9.640567081163486e-10	1.19036321e-8
9.887992312229237e-10	1.22091379e-8
1.0141766714054735e-9	1.25224844e-8
1.0402054531222617e-9	1.2843873e-8
1.06690219520384e-9	1.317351e-8
1.0942841967837642e-9	1.35116071e-8
1.1223688541817348e-9	1.38583815e-8
1.1511743412065998e-9	1.42140557e-8
1.1807192204117824e-9	1.45788584e-8
1.211022248722992e-9	1.49530236e-8
1.2421030577412316e-9	1.53367918e-8
1.2739814734397895e-9	1.57304094e-8
1.3066781964672476e-9	1.61341291e-8
1.3402139274721875e-9	1.65482103e-8
1.3746104361507696e-9	1.69729188e-8
1.409889686571442e-9	1.74085274e-8
1.4460744202918012e-9	1.78553159e-8
1.4831877676140181e-9	1.83135712e-8
1.5212537335155554e-9	1.87835876e-8
1.5602965173461636e-9	1.92656669e-8
1.6003414846893157e-9	1.97601188e-8
1.6414140983146279e-9	2.02672607e-8
1.6835408900392964e-9	2.07874183e-8
1.7267487804250914e-9	2.13209258e-8
1.7710656618952191e-9	2.18681257e-8
1.8165199128036032e-9	2.24293694e-8
1.86314078617946e-9	2.30050174e-8
1.910958118168866e-9	2.35954394e-8
1.9600027167793354e-9	2.42010145e-8
2.0103060703213856e-9	2.48221317e-8
2.0619003474085414e-9	2.54591897e-8
2.1148188828880477e-9	2.61125979e-8
2.169095594724012e-9	2.67827756e-8
2.224765275555835e-9	2.74701535e-8
2.2818636898843514e-9	2.81751728e-8
2.340427476885689e-9	2.88982864e-8
2.400494441969699e-9	2.96399587e-8
2.4621028764769497e-9	3.04006659e-8
2.5252926267263066e-9	3.11808966e-8
2.5901040249673533e-9	3.19811519e-8
2.6565788612418266e-9	3.28019457e-8
2.7247597030806132e-9	3.36438051e-8
2.794690478620608e-9	3.45072707e-8
2.8664159906739994e-9	3.53928971e-8
2.939982305472842e-9	3.6301253e-8
3.0154367526690565e-9	3.72329219e-8
3.092827730962144e-9	3.81885019e-8
3.1722049024714694e-9	3.91686068e-8
3.2536192899224114e-9	4.01738661e-8
3.3371231794602124e-9	4.12049252e-8
3.422770120649982e-9	4.22624464e-8
3.5106153152212707e-9	4.33471088e-8
3.6007149367650655e-9	4.44596089e-8
3.6931270054090804e-9	4.56006613e-8
3.787910804700895e-9	4.67709987e-8
3.885127270352531e-9	4.79713728e-8
3.9848387958681655e-9	4.92025543e-8
4.087109329730267e-9	5.0465334e-8
4.192004666958039e-9	5.17605229e-8
4.299592157548979e-9	5.30889526e-8
4.409940803665022e-9	5.44514765e-8
4.523121648377124e-9	5.58489694e-8
4.63920719254839e-9	5.72823288e-8
4.758272075137087e-9	5.87524753e-8
4.8803927816382075e-9	6.0260353e-8
5.005647644083473e-9	6.18069302e-8
5.134117229785907e-9	6.33932003e-8
5.265883952595262e-9	6.50201818e-8
5.401032461642589e-9	6.66889197e-8
5.539649544154103e-9	6.84004856e-8
5.681824222637317e-9	7.01559787e-8
5.82764775488105e-9	7.19565264e-8
5.977213925513849e-9	7.38032851e-8
6.130618657259424e-9	7.56974406e-8
6.287960496867359e-9	7.76402095e-8
6.449340517926972e-9	7.96328394e-8
6.614862320867315e-9	8.16766101e-8
6.784632227329457e-9	8.37728339e-8
6.95875928016649e-9	8.59228571e-8
7.137355243443525e-9	8.81280605e-8
7.3205349911822676e-9	9.03898603e-8
7.508415924244156e-9	9.2709709e-8
7.701118845005653e-9	9.50890965e-8
7.898767471427533e-9	9.75295507e-8
8.101488728613299e-9	1.00032639e-7
8.3094127488092e-9	1.025999689e-7
8.522673162962652e-9	1.052331891e-7
8.741406906349954e-9	1.079339906e-7
8.965754412948568e-9	1.107041081e-7
9.195859809809417e-9	1.135453204e-7
9.431870819870736e-9	1.164594522e-7
9.6739390535165e-9	1.194483749e-7
9.922220008576429e-9	1.225140081e-7
1.0176872973139844e-8	1.256583206e-7
1.0438061608672521e-8	1.288833316e-7
1.0705953658458275e-8	1.321911122e-7
1.098072114197123e-8	1.355837868e-7
1.1262540452061974e-8	1.390635341e-7
1.1551592743702135e-8	1.426325888e-7
1.1848063448053648e-8	1.462932431e-7
1.2152143049957925e-8	1.500478477e-7
1.2464026893563547e-8	1.53898814e-7
1.278391518232628e-8	1.578486151e-7
1.3112013367753644e-8	1.618997874e-7
1.3448532149404904e-8	1.660549328e-7
1.3793687669263374e-8	1.703167197e-7
1.4147701608922547e-8	1.74687885e-7
1.4510801189586102e-8	1.79171236e-7
1.4883219755184761e-8	1.837696517e-7
1.526519648081786e-8	1.884860855e-7
1.565697656712564e-8	1.933235662e-7
1.605881162903382e-8	1.982852004e-7
1.647095979293973e-8	2.033741746e-7
1.6893685696712324e-8	2.085937569e-7
1.7327260781250612e-8	2.139472994e-7
1.777196358204207e-8	2.194382401e-7
1.8228079631976534e-8	2.250701054e-7
1.869590185009073e-8	2.308465121e-7
1.9175730735940588e-8	2.367711698e-7
1.9667874369601246e-8	2.428478834e-7
2.017264880041161e-8	2.490805553e-7
2.0690378338532785e-8	2.554731883e-7
2.122139526338966e-8	2.620298878e-7
2.1766040698346174e-8	2.687548644e-7
2.232466441633306e-8	2.75652437e-7
2.2897625228592395e-8	2.827270353e-7
2.3485290984677606e-8	2.899832025e-7
2.4088039155570342e-8	2.974255988e-7
2.4706256736494316e-8	3.050590036e-7
2.5340340927218317e-8	3.128883191e-7
2.599069874331164e-8	3.209185733e-7
2.665774808519165e-8	3.291549235e-7
2.7341917057820806e-8	3.376026589e-7
2.8043645234126487e-8	3.462672047e-7
2.8763383169070308e-8	3.551541255e-7
2.9501593177137255e-8	3.642691284e-7
3.0258749235149544e-8	3.736180672e-7
3.1035337662569624e-8	3.832069457e-7
3.183185721868632e-8	3.93041922e-7
3.264881939417327e-8	4.031293122e-7
3.3486748702647334e-8	4.134755946e-7
3.434618355534393e-8	4.240874134e-7
3.522767567800013e-8	4.349715838e-7
3.613179117990225e-8	4.461350955e-7
3.70591108454443e-8	4.575851179e-7
3.801022993975568e-8	4.693290042e-7
3.8985759569307184e-8	4.813742964e-7
3.998632600160801e-8	4.937287302e-7
4.1012572025811755e-8	5.064002395e-7
4.206515646678572e-8	5.193969621e-7
4.31447553513446e-8	5.327272445e-7
4.425206219980896e-8	5.463996477e-7
4.538778792881905e-8	5.60422952e-7
4.655266192038239e-8	5.748061633e-7
4.774743231343222e-8	5.895585186e-7
4.897286648975822e-8	6.046894919e-7
5.0229751268378754e-8	6.202088005e-7
5.1518893877402356e-8	6.361264109e-7
5.28411223427723e-8	6.524525456e-7
5.4197285585452696e-8	6.691976892e-7
5.5588254684848415e-8	6.863725957e-7
5.701492287880505e-8	7.039882947e-7
5.847820643828423e-8	7.220560993e-7
5.997904505610815e-8	7.405876127e-7
6.15184025272627e-8	7.59594736e-7
6.309726752638642e-8	7.790896756e-7
6.471665399651523e-8	7.990849513e-7
6.63776018293854e-8	8.195934041e-7
6.808117783729493e-8	8.406282048e-7
6.982847594747592e-8	8.622028621e-7
7.162061836832822e-8	8.843312312e-7
7.345875588097788e-8	9.070275232e-7
7.534406910269708e-8	9.303063138e-7
7.727776877846246e-8	9.541825527e-7
7.926109665563048e-8	9.786715734e-7
8.129532655298496e-8	1.0037891029e-6
8.338176474948171e-8	1.0295512718e-6
8.552175124766833e-8	1.0559746248e-6
8.771666035680112e-8	1.0830761311e-6
8.996790156752032e-8	1.1108731954e-6
9.227692071808392e-8	1.1393836692e-6
9.464520067467058e-8	1.1686258621e-6
9.707426240042724e-8	1.1986185536e-6
9.956566573295829e-8	1.2293810052e-6
1.0212101074493152e-7	1.2609329727e-6
1.0474193852156735e-7	1.293294719e-6
1.0743013222968637e-7	1.3264870269e-6
1.1018731818675688e-7	1.3605312129e-6
1.130152671243148e-7	1.3954491402e-6
1.1591579506263901e-7	1.4312632335e-6
1.188907648657295e-7	1.4679964926e-6
1.2194208711598286e-7	1.5056725079e-6
1.250717212804258e-7	1.5443154753e-6
1.282816771685075e-7	1.5839502113e-6
1.3157401648707768e-7	1.6246021698e-6
1.3495085332631761e-7	1.6662974577e-6
1.3841435639502113e-7	1.7090628518e-6
1.4196675008964233e-7	1.7529258164e-6
1.4561031556334327e-7	1.7979145206e-6
1.4934739296127505e-7	1.8440578564e-6
1.5318038219806712e-7	1.8913854573e-6
1.571117447071778e-7	1.9399277173e-6
1.611440053846172e-7	1.9897158107e-6
1.6527975365799463e-7	2.0407817116e-6
1.695216456246141e-7	2.0931582149e-6
1.738724054120799e-7	2.146878957e-6
1.7833482712201994e-7	2.2019784378e-6
1.8291177657943584e-7	2.2584920425e-6
1.8760619308205397e-7	2.3164560644e-6
1.924210913440479e-7	2.3759077284e-6
1.97359563634134e-7	2.4368852147e-6
2.0242478142773556e-7	2.4994276834e-6
2.076199976422641e-7	2.5635752997e-6
2.1294854867802855e-7	2.6293692596e-6
2.1841385655633039e-7	2.6968518164e-6
2.2401943105755863e-7	2.7660663076e-6
2.297688722480297e-7	2.8370571834e-6
2.3566587242371034e-7	2.9098700345e-6
2.417142186370572e-7	2.9845516217e-6
2.479177952238567e-7	3.061149906e-6
2.5428058603850626e-7	3.1397140793e-6
2.608066774667847e-7	3.220294596e-6
2.6750026046676145e-7	3.3029432053e-6
2.743656337759392e-7	3.3877129847e-6
2.8140720634090726e-7	3.474658374e-6
2.886295003301123e-7	3.5638352098e-6
2.9603715385507033e-7	3.6553007622e-6
3.036349243718817e-7	3.7491137708e-6
3.1142769091651216e-7	3.8453344829e-6
3.194204582837974e-7	3.9440246922e-6
3.2761835945709656e-7	4.0452477779e-6
3.3602665900980703e-7	4.1490687462e-6
3.4465075699281033e-7	4.2555542716e-6
3.534961917528705e-7	4.3647727397e-6
3.6256864391726563e-7	4.4767942912e-6
3.718739398924891e-7	4.5916908671e-6
3.8141805546013696e-7	4.7095362546e-6
3.912071201502846e-7	4.8304061349e-6
4.012474203514431e-7	4.9543781311e-6
4.1154540397549386e-7	5.081531859e-6
4.221076846366934e-7	5.2119489773e-6
4.329410454419326e-7	5.3457132408e-6
4.440524435584853e-7	5.4829105537e-6
4.5544901487894347e-7	5.6236290249e-6
4.6713807820022133e-7	5.7679590247e-6
4.791271405687932e-7	5.9159932426e-6
4.914239011681394e-7	6.0678267472e-6
5.040362572471001e-7	6.2235570469e-6
5.169723083960676e-7	6.3832841525e-6
5.302403623781529e-7	6.5471106418e-6
5.438489398913077e-7	6.7151417252e-6
5.57806780399493e-7	6.8874853132e-6
5.721228478666615e-7	7.0642520859e-6
5.868063361019953e-7	7.245555564e-6
6.018666748826332e-7	7.4315121818e-6
6.173135360763977e-7	7.6222413616e-6
6.331568397645216e-7	7.817865591e-6
6.494067606559347e-7	8.0185105009e-6
6.660737344043613e-7	8.2243049467e-6
6.831684648000967e-7	8.4353810909e-6
7.007019300871049e-7	8.6518744879e-6
7.186853904463528e-7	8.873924171e-6
7.371303948960264e-7	9.1016727419e-6
7.560487888720488e-7	9.3352664621e-6
7.754527220029728e-7	9.5748553469e-6
7.953546555933141e-7	9.8205932617e-6
8.157673706899999e-7	0.0000100726380209
8.36703976537565e-7	0.0000103311514891
8.581779188389729e-7	0.0000105962996853
8.802029881136247e-7	0.0000108682528893
9.027933290272284e-7	0.000011147185751
9.259634493329248e-7	0.0000114332774028
9.49728228909598e-7	0.0000117267115746
9.741029297720488e-7	0.0000120276773185
9.991032054008645e-7	0.0000123363737838
1.0247451111413359e-6	0.0000126529935082
1.0510451144080026e-6	0.0000129777398668
1.0780201051807567e-6	0.0000133108214553
1.105687406986876e-6	0.0000136524522235
1.1340647879802466e-6	0.0000140028516136
1.1631704722149524e-6	0.0000143622447005
1.1930231515019874e-6	0.0000147308623367
1.2236419975575226e-6	0.0000151089413005
1.2550466738596148e-6	0.0000154967244482
1.2872573487683375e-6	0.0000158944608701
1.3202947080627916e-6	0.0000163024060506
1.3541799686443537e-6	0.0000167208220321
1.3889348918511762e-6	0.0000171499775837
1.4245817973558062e-6	0.0000175901483734
1.4611435779374794e-6	0.0000180416171458
1.498643713768484e-6	0.0000185046739033
1.5371062876723833e-6	0.0000189796160926
1.576556000479429e-6	0.0000194667487956
1.6170181871594586e-6	0.0000199663849257
1.658518832663238e-6	0.0000204788454287
1.701084588930037e-6	0.000021004459489
1.7447427920895752e-6	0.000021543564741
1.7895214796639714e-6	0.000022096507486
1.8354494086443645e-6	0.0000226636429151
1.8825560744422127e-6	0.0000232453353367
1.930871729063102e-6	0.0000238419584113
1.9804274012242777e-6	0.0000244538953908
2.031254915791873e-6	0.0000250815393656
2.0833869145787446e-6	0.0000257252935163
2.1368568770451193e-6	0.0000263855713731
2.191699141971108e-6	0.0000270627970819
2.2479489292263963e-6	0.0000277574056758
2.305642362997737e-6	0.0000284698433557
2.3648164942389502e-6	0.0000292005677762
2.425509324870266e-6	0.0000299500483398
2.4877598322692427e-6	0.0000307187664988
2.5516079941504113e-6	0.0000315072160642
2.617094814028048e-6	0.0000323159035232
2.6842623480395527e-6	0.0000331453483645
2.753153731574447e-6	0.0000339960834122
2.8238132071668017e-6	0.000034868655168
2.89628615258203e-6	0.0000357636241622
2.9706191105558485e-6	0.0000366815653141
3.0468598180473057e-6	0.0000376230683012
3.1250572373383483e-6	0.000038588737938
3.20526158732776e-6	0.0000395791945648
3.2875243756025876e-6	0.0000405950744462
3.371898432064548e-6	0.0000416370301967
3.458437941973315e-6	0.0000427057312173
3.547198481711024e-6	0.0000438018641
3.638237053769279e-6	0.0000449261330661
3.7316121235827045e-6	0.0000460792604189
3.827383657334353e-6	0.0000472619870082
3.925613160052676e-6	0.0000484750727065
4.026363715263466e-6	0.0000497192968976
4.129700025613672e-6	0.000050995458978
4.2356884542726885e-6	0.0000523043788704
4.344397067694262e-6	0.0000536468975513
4.4558956791558855e-6	0.0000550238775917
4.570255893853168e-6	0.0000564362037114
4.6875511544801324e-6	0.0000578847833484
4.807856788753244e-6	0.0000593705472421
4.931250057810108e-6	0.0000608944500315
5.057810205482845e-6	0.00006245747087
5.187618509418002e-6	0.0000640606140539
5.320758333459883e-6	0.0000657049096692
5.457315180519814e-6	0.0000673914142532
5.597376748458172e-6	0.0000691212114747
5.741032985674863e-6	0.0000708954128302
5.888376148935071e-6	0.0000727151583592
6.039500862944373e-6	0.000074581617377
6.194504180992884e-6	0.0000764959892271
6.353485647057208e-6	0.0000784595040519
6.516547360040479e-6	0.0000804734235846
6.683794039178632e-6	0.0000825390419601
6.8553330912932175e-6	0.0000846576865473
7.031274679793561e-6	0.0000868307188034
7.211731795331092e-6	0.0000890595351486
7.39682032868895e-6	0.0000913455678652
7.586659144837826e-6	0.000093690286018
7.781370159324273e-6	0.0000960951963998
7.981078416894292e-6	0.0000985618445001
8.185912171185977e-6	0.0001010918154993
8.396002967823658e-6	0.0001036867352884
8.61148572838674e-6	0.0001063482715147
8.832498837099733e-6	0.0001090781346546
9.059184230049137e-6	0.0001118780791135
9.2916874859553e-6	0.0001147499043547
9.53015791966549e-6	0.0001176954560566
9.774748678465357e-6	0.0001207166273
0.000010025616840042569	0.000123815359786
0.000010282923513366031	0.0001269936450848
0.000010546833942286318	0.0001302535259171
0.000010817517611857298	0.0001335970974679
0.000011095148356601519	0.0001370265087374
0.000011379904472760193	0.0001405439640239
0.000011671968832486915	0.0001441517243702
0.000011971529001054148	0.0001478521089173
0.000012278777358044356	0.0001516474963911
0.000012593911220096097	0.0001555403266345
0.000012917132968120677	0.0001595331021782
0.000013248650177045669	0.0001636283898524
0.00001358867574925147	0.0001678288224399
0.000013937428051312219	0.0001721371003718
0.000014295131053846648	0.000176555993466
0.000014662014476033886	0.0001810883427119
0.000015038313932656086	0.0001857370620997
0.00001542427108541725	0.0001905051404973
0.000015820133798343892	0.0001953956435757
0.000016226156296878723	0.0002004117157831
0.000016642599331153395	0.0002055565823711
0.000017069730343440227	0.0002108335514716
0.000017507823639685728	0.0002162460162282
0.00001795716056629222	0.0002217974569818
0.000018418029689912186	0.0002274914435128
0.000018890726983656915	0.0002333316373406
0.000019375556016609507	0.0002393217940829
0.000019872828148683058	0.0002454657658748
0.000020382862731310083	0.0002517675038511
0.000020905987311630574	0.0002582310606914
0.00002144253784348312	0.0002648605932319
0.000021992858902769432	0.0002716603651433
0.000022557303909135895	0.0002786347496781
0.000023136235352514492	0.0002857882324886
0.000023730025026175178	0.0002931254145174
0.00002433905426541504	0.0003006510149618
0.00002496371419246737	0.0003083698743155
0.000025604405967825065	0.000316286957487
0.000026261541047589497	0.000324407357
0.000026935541447816845	0.0003327362962747
0.000027626840015764622	0.0003412791329941
0.000028335880707358105	0.0003500413625573
0.000029063118873014784	0.0003590286216205
0.000029809021549397187	0.0003682466917306
0.00003057406775971802	0.0003777015030507
0.00003135874882123717	0.000387399138183
0.00003216356866101946	0.0003973458360885
0.00003298904413907859	0.000407547996109
0.00003383570538085092	0.0004180121820913
0.0000347040961172498	0.0004287451266187
0.000035594774034049724	0.0004397537353499
0.00003650831113011452	0.0004510450914712
0.00003744529408437218	0.0004626264603471
0.000038406324632994265	0.0004745052953311
0.0000393920199556137	0.0004866892423864
0.00004040301307164981	0.000499186144238
0.00004143995324712955	0.0005120040454226
0.00004250350641122731	0.0005251511974891
0.00004359435558417551	0.0005386360643323
0.00004471320131606002	0.0005524673276644
0.000045860762136208904	0.000566653892628
0.00004703777501521534	0.0005812048935534
0.00004824499583784538	0.000596129699865
0.00004948319988867717	0.0006114379221396
0.00005075318234969391	0.0006271394183212
0.00005205575881148306	0.0006432443000963
0.00005339176579638927	0.0006597629394334
0.0000547620612962454	0.0006767059752912
0.000056167525323126314	0.0006940843205004
0.00005760906047448636	0.0007119091688223
0.00005908759251287468	0.00073019200219
0.000060604070960617236	0.0007489445981367
0.00006215946970936834	0.0007681790374145
0.00006375478764550343	0.0007879077118114
0.00006539104929183916	0.0008081433321687
0.00006706930546568088	0.0008288989366055
0.00006879063395300284	0.0008501878989561
0.00007055614020167694	0.0008720239374243
0.0000723669580302513	0.0008944211234611
0.00007422425035704072	0.000917393890872
0.00007612920994641907	0.0009409570451586
0.00007808306017484044	0.0009651257731013
0.00008008705581678354	0.0009899156525899
0.00008214248385042479	0.0010153426627069
0.00008425066428401212	0.0010414231940712
0.00008641295100381401	0.0010681740594494
0.0000886307326434497	0.0010956125046394
0.00009090543347566905	0.0011237562196361
0.00009323851432716582	0.0011526233500841
0.00009563147351642397	0.0011822325090268
0.0000980858478165407	0.0012126027889574
0.00010060321344127714	0.0012437537741818
0.00010318518705832107	0.0012757055534995
0.00010583342682655458	0.0013084787332121
0.00010854963346160302	0.0013420944504672
0.00011133555132791562	0.0013765743869456
0.0001141929695586415	0.001411940782903
0.00011712372320514731	0.0014482164515723
0.00012012969441520489	0.0014854247939377
0.00012321281364159815	0.0015235898138901
0.00012637506088212098	0.0015627361353836
0.00012961846695116102	0.001602889029178
0.00013294511478374293	0.0016440744238625
0.0001363571407731017	0.0016863189176921
0.0001398567361430478	0.0017296497959084
0.00014344614835493135	0.001774095048535
0.00014712768255085605	0.0018196833886354
0.00015090370303450464	0.0018664442710446
0.00015477663478899193	0.0019144079115872
0.0001587489650345645	0.0019636053067945
0.00016282324482566046	0.0020140682541335
0.00016700209068937067	0.0020658293727612
0.00017128818630588437	0.0021189221248176
0.00017568428423179384	0.0021733808372712
0.00018019320766761893	0.0022292407243329
0.0001848178522713002	0.0022865379104498
0.00018956118801766178	0.0023453094538979
0.0001944262611054948	0.0024055933709857
0.00019941619591420606	0.0024674286608869
0.00020453419701012894	0.0025308553311176
0.00020978355120453688	0.0025959144236742
0.0002151676296645268	0.0026626480418503
0.00022068989007764566	0.002731099377749
0.00022635387887308013	0.0028013127405097
0.00023216323349863053	0.0028733335852664
0.00023812168475696865	0.0029472085428583
0.0002442330592015676	0.0030229854503106
0.00025050128159415086	0.0031007133821057
0.00025693037742492323	0.0031804426822665
0.0002635244754981108	0.0032622249972702
0.0002702878105833937	0.0033461133098173
0.00027722472613556304	0.0034321619734744
0.0002843396770836657	0.0035204267482167
0.000291637232692262	0.0036109648368908
0.0002991220794956696	0.0037038349226221
0.00030679902430781836	0.0037990972071931
0.0003146729973090765	0.0038968134504142
0.0003227490552125755	0.0039970470105154
0.0003310323845114903	0.0040998628855838
0.00033952830481009466	0.0042053277560741
0.0003482422722396597	0.0043135100284194
0.0003571798829627917	0.0044244798797713
0.0003663468767672787	0.004538309303897
0.00037574914075187493	0.0046550721582647
0.0003853927131074248	0.0047748442123457
0.000395283786994493	0.0048977031971668
0.00040542871452041576	0.0050237288561429
0.0004158340108190781	0.0051530029972233
0.00042650635823477713	0.0052856095649223
0.00043745261061347635	0.0054216347602632
0.00044867979770465765	0.0055611670463771
0.0004601951296759091	0.0057042971867166
0.0004720060017428731	0.0058511183051385
0.00048411999891921886	0.0060017259475574
0.0004965449008870288	0.0061562181452117
0.0005092886869937219	0.0063146954795825
0.0005223595413756087	0.00647726114901
0.0005357658582145944	0.0066440210370494
0.0005495162471283152	0.0068150837826126
0.0005636195386997391	0.0069905608519419
0.0005780847901480742	0.0071705666124618
0.0005929212911451656	0.0073552184085589
0.000608138569781849	0.0075446366393384
0.0006237463986864998	0.0077389448384088
0.0006397548013011192	0.0079382697557466
0.0006561740583187497	0.008142741441695
0.0006730147142856227	0.0083524933331506
0.0006902875843727956	0.0085676623419945
0.0007080037613219502	0.0087883889458262
0.0007261746225690379	0.0090148172810576
0.0007448118375511245	0.0092470952384285
0.0007639273752003154	0.0094853745610056
0.0007835335116306941	0.0097298109447271
0.0008036428380213815	0.0099805641415591
0.0008242682687036873	0.0102377980653293
0.0008454230494537106	0.0105016809003062
0.0008671207659998223	0.010772385212593
0.0008893753527467722	0.0110500880644087
0.0009122011017246869	0.0113349711313275
0.0009356126717677181	0.0116272208225529
0.0009596250979276867	0.0119270284043006
0.0009842538011299146	0.012234590126372
0.0010095145980766871	0.0125501073519935
0.0010354237114044698	0.0128737866910083
0.0010619977801025516	0.0132058401365005
0.001089253870198665	0.0135464852049393
0.0011172094857186642	0.0138959450799304
0.0011458825799280485	0.0142544487596636
0.001175291566861251	0.014622231208149
0.0012054553331475397	0.0149995335103346
0.0012363932501401398	0.0153866030312017
0.001268125186356353	0.0157836935789352
0.0013006715202378044	0.0161910655722694
0.0013340531532366564	0.016608986212111
0.0013682915232398308	0.0170377296575431
0.001403408618335428	0.0174775772068374
0.00143942699093436	0.0179288177070661
0.0014763697722535126	0.0183917481299136
0.001514260687170262	0.018866673334677
0.0015531240694596081	0.0193539061882691
0.0015929848774205405	0.019853767776118
0.001633868709905144	0.0203665876185611
0.0016758018227579251	0.0208927038928675
0.0017188111456775126	0.0214324636610315
0.0017629242995113189	0.0219862231034777
0.00180816961399347	0.0225543477588253
0.0018545761459387313	0.0231372127698588
0.0019021736979024418	0.0237352031358592
0.0019509928373205483	0.0243487139714497
0.002001064916139552	0.0249781507721135
0.0020524220909513427	0.0256239296865476
0.0021050973436442786	0.0262864777960154
0.0021591245025842304	0.0269662334008671
0.0022145382643394694	0.0276636463143989
0.0022713742159629294	0.0283791781642265
0.002329668857846591	0.0291133027013489
0.0023894596271620086	0.0298665061170867
0.0024507849219028927	0.0306392873680761
0.002513684125544445	0.0314321585095093
0.0025781976323357614	0.0322456450368101
0.0026443668732411434	0.033080286235942
0.002712234342547238	0.0339366355425422
0.0027818436251533882	0.0348152609100878
0.002853239424561928	0.0357167451872931
0.0029264675915870626	0.0366416865049496
0.003001575153800521	0.0375906986724155
0.0030786103457332206	0.0385644115839718
0.003157622639851211	0.039563471635258
0.003238662778327867	0.0405885421500106
0.0033217828056301083	0.041640303817322
0.0034070361019422715	0.0427194551396506
0.0034944774174470645	0.0438267128918042
0.003584162907485956	0.044962812591132
0.0036761501686234004	0.0461285089791534
0.003770498275634718	0.0473245765148629
0.0038672678194448433	0.0485518098799439
0.003966520946040296	0.0498110244961355
0.004068321396379254	0.0511030570549869
0.004172734547326748	0.0524287660602491
0.004279827453639753	0.0537890323831396
0.004389668891030467	0.0551847598307336
0.004502329400334497	0.0566168757277185
0.004617881332812239	0.058086331511766
0.004736398896613664	0.0595941033436468
0.004857958204435203	0.0611411927855161
0.004982637322399514	0.0627286274779027
0.005110516320190411	0.06435746172008
0.005241677322473571	0.066028777130992
0.005376204561638186	0.0677436833325204
0.0055141844318908695	0.0695033186481323
0.005655705544738934	0.071308850817138
0.005800858785896963	0.0731614777248053
0.005949737373654471	0.0750624281485536
0.006102436918741016	0.0770129625204652
0.006259055485728016	0.0790143737063286
0.006419693656006636	0.08106798780144
0.006584454592381385	0.0831751649433656
0.006753444105322306	0.085337300141879
0.006926770720916456	0.0875558241262585
0.007104545750565045	0.0898322042101434
0.0072868833624673435	0.0921679451741159
0.007473900654940534	0.0945645901661852
0.007665717731621089	0.0970237216203186
0.007862457778595865	0.0995469621931722
0.008064247143513089	0.1021359757191377
0.008271215416723354	0.1047924681838283
0.008483495514503626	0.107518188716089
0.008701223764416786	0.1103149305986189
0.008924539992861788	0.1131845322972522
0.009153587614871304	0.1161288785089478
0.009388513726213589	0.119149901228487
0.009629469197858379	0.1222495808338831
0.009876608772867003	0.1254299471904539
0.010130091165769404	0.128693080773504
0.010390079164491393	0.13204111380951
0.010656739734898479	0.1354762314356955
0.01093024412802183	0.1390006728778208
0.01121076799003711	0.1426167326460031
0.011498491475065044	0.1463267617483174
0.01179359936086842	0.1501331689219148
0.012096281167516154	0.1540384218813192
0.012406731279095449	0.1580450485835536
0.012725149068545731	0.1621556385096551
0.013051739025697411	0.1663728439621321
0.013386710888596413	0.1706993813778136
0.013730279778199015	0.1751380326555241
0.014082666336524387	0.179691646497929
0.01444409686835169	0.1843631397668312
0.01481480348655467	0.1891554988511535
0.01519502426116576	0.1940717810467291
0.015585003372266223	0.1991151159469932
0.01598499126680005	0.2042887064233295
0.016395244819412503	0.2095958208284214
0.01681602749741655	0.2150397933922427
0.017247609529993088	0.2206240338481148
0.01769026808173392	0.2263520291125081
0.018144287430638447	0.232227344586147
0.01860995915067882	0.2382536254510759
0.019087582299050217	0.2444345979618124
0.019577463608227517	0.2507740707285345
0.02007991768295058	0.2572759359901809
0.020595267202265333	0.2639441708751566
0.02112384312675027	0.2707828386472498
0.02166598491106109	0.2777960899341761
0.022222040721931086	0.2849881639360663
0.022792367661765258	0.2923633896110114
0.023377331997974236	0.2999261868346729
0.023977309398192558	0.3076810675307448
0.024592685171536167	0.3156326367689464
0.025223854516048444	0.3237855938269851
0.02587122277250047	0.3321447332128136
0.026535205684701944	0.340714945643252
0.02721622966649556	0.3495012189749243
0.027914732075601304	0.3585086390831905
0.02863116149449169	0.3677423906846248
0.02936597801847259	0.3772077580983092
0.0301196535511605	0.3869101259410813
0.030892672107541198	0.396854979751569
0.031685530124807286	0.4070479065377186
0.03249873678117295	0.4174945952422018
0.033332814322872016	0.428200837119953
0.034188298399546534	0.4391725260217654
0.03506573840824523	0.4504156585777256
0.03596569784624871	0.4619363342739464
0.03688875467295184	0.4737407554159022
0.03783550168103189	0.4858352269713429
0.03880654687714376	0.4982261562856086
0.03980251387238609	0.510920052661864
0.040824042282787354	0.5239235267985425
0.04187178814007155	0.5372432900761012
0.04294642431296566	0.5508861536848675
0.04404864093931998	0.5648590275856263
0.0451791458693188	0.5791689192942718
0.04633866512006629	0.5938229324817317
0.04752794334183841	0.608828265380051
0.048747744296303186	0.6241922089854439
0.04999885134701119	0.6399221450487961
0.05128206796247833	0.6560255438440636
0.05259821823217629	0.67250996170471
0.05394814739576945	0.6893829693174843
0.055332722385931676	0.7066514404259614
0.0567528323850967	0.7243217608195693
0.0582093893964952	0.7424002532763745
0.0597033288298507	0.760893173567353
0.061235610102102885	0.7798066993244891
0.06280721725355361	0.7991469183861999
0.06441915957982096	0.8189198166101043
0.06607247228001753	0.8391312651439817
0.067768217121559	0.8597870071463589
0.0695074831220401	0.8808926439491673
0.071291387248606	0.9024536206556699
0.07312107513527741	0.9244752111680604
0.07499772181868171	0.9469625026400771
0.07692253249267061	0.9699203793513889
0.07889674328230084	0.9933535060016542
0.08092162203768331	1.0172663104237853
0.08299846914820189	1.041662965717328
0.08512861837763355	1.0665473718047092
0.08731343772069738	1.0919231364147408
0.08955433028159103	1.1177935554998428
0.091852735175071	1.1441615930953128
0.09421012845066265	1.1710298606313303
0.09662802404058582	1.1984005957104638
0.09910797473201394	1.2262756403660842
0.10165157316428107	1.254656418819412
0.1042604528516851	1.2835439147557888
0.10693628923254235	1.3129386481434433
0.10968080074516089	1.3428406516209033
0.11249574993143528	1.3732494464824094
0.11538294456875889	1.404164018293558
0.11834423883099196	1.4355827921729456
0.12138153447922062	1.4675036077786376
0.12449678208308258	1.499923694042003
0.12769198227343104	1.5328396436946978
0.13096918702715565	1.5662473876384455
0.1343305009849709	1.6001421692106237
0.13777808280303278	1.6345185184026623
0.14131414653923688	1.6693702260916556
0.14494096307510398	1.704690318349656
0.14866086157414948	1.7404710308985343
0.15247623097769092	1.7767037837822814
0.1563895215390357	1.8133791563320205
0.16040324639705358	1.85048686250286
0.16451998319012465	1.888015726664931
0.1687423757115191	1.9259536599346379
0.17307313560725268	1.964287637135064
0.17751504411752675	2.0030036744778767
0.18207095386285263	2.0420869584445236
0.18674379067602712	2.081522620910938
0.1915365554811146	2.1212952173591777
0.19645232622066358	2.161388380925476
0.20149425983237537	2.2017848081181945
0.20666559427651368	2.2424662464050393
0.2119696506153363	2.2834134831458908
0.2174098351459078	2.3246063359645914
0.22298964158763765	2.366023644652397
0.2287126533259746	2.4076432646954253
0.23458254571367154	2.449442062516925
0.2406030884311262	2.4913959125237897
0.24677814790728617	2.5334796960442105
0.2531116898026992	2.5756673022409395
0.2596077815562779	2.6179316310809266
0.2662705949974408	2.660244598438574
0.2731044090252794	2.7025771434049624
0.2801136123564967	2.7448992378706376
0.2873027063438698	2.7871798984436187
0.29467630786703963	2.8293872007579495
0.3022391522975065	2.8714882962214285
0.30999609653970606	2.913449431243242
0.3179521221501518	2.955235968974502
0.32611233853661126	2.9968124135856327
0.3344819862394085	3.0381424370956704
0.34306644029692024	3.07918890875842
0.351871213697469	3.119913927000557
0.36090196091978666	3.160278853895708
0.37016448156436577	3.2002443521478368
0.3796647240779866	3.2397704245454713
0.38940878957385766	3.278816455836969
0.39940293574977587	3.3173412569647227
0.4096535809068686	3.355303111584464
0.4201673080714554	3.3926598247832898
0.4309508692227178	3.4293687738982253
0.4420111896288495	3.465386961324615
0.4533553722945183	3.500671069192087
0.4649907025224453	3.53517751577371
0.47692465259208394	3.568862513482949
0.48916488655834944	3.6016821283016873
0.5017192651735347	3.6335923404724917
0.5145958509355196	3.6645491062780424
0.5278029132655696	3.694508420721846
0.5413489338189938	3.723426380915609
0.5552426119321302	3.7512592499713597
0.5694928702090964	3.7779635211895712
0.5841088602519565	3.803495982329123
0.5990999685379181	3.827813779955998
0.6144758224474025	3.8508788366096245
0.6302462964467883	3.8726694756052034
0.646421518429872	3.8931690401501617
0.6630118762220445	3.9123625626153333
0.6800280242514332	3.9302368084962027
0.6974808903912215	3.946780316575782
0.7153816829776156	3.961983435134049
0.7337418980078866	3.9758383540651825
0.7525733265231784	3.9883391327814106
0.7718880621807929	3.9994817238005087
0.7916985090207911	4.009263991932978
0.8120173894319624	4.017685729004619
0.8328577523222139	4.024748664070179
0.8542329814986372	4.030456469094216
0.8761568042627057	4.034814760095833
0.8986433002260075	4.037831093774574
0.9217069103522686	4.0395149596551905
0.9453624462314023	4.039877767809327
0.9696250995916399	4.038932832231834
0.9945104520557244	4.036695349968861
1.0200344851475378	4.033182376113359
1.0462135905555021	4.028412794801477
1.073064580659465	4.0224072863602105
1.1006046993276826	4.01518829077242
1.1288516329909508	4.006779967640119
1.1578235220009077	3.9972081528403134
1.1875389722799228	3.986500312079782
1.2180170672699027	3.974685491566051
1.249277380187809	3.961794266020994
1.2813399865956616	3.9478586842714405
1.3142254772932391	3.9329122126573663
1.347954971541579	3.916989676503222
1.3825501306259138	3.900127199901023
1.4180331717666412	3.882362144055806
1.4544268823874145	3.8637330444440643
1.4917546347493258	3.844279547034915
1.5300404009607345	3.824042343820854
1.5693087683722555	3.8030631079012718
1.6095849553669705	3.781384428356437
1.6508948275557829	3.7590497451435163
1.6932649143884915	3.7361032842384105
1.7367224261911167	3.712589993238791
1.7812952716406085	3.688555477634035
1.827012075687918	3.6640459379376846
1.873902197941141	3.639108107866699
1.9219957515203827	3.6137891937403226
1.971323622396664	3.5881368152589563
2.0219174892270417	3.5621989027385044
2.0738098436987884	3.536015725347022
2.1270340113958364	3.5096105903983266
2.1816241732006136	3.4830044184452795
2.237615387245242	3.4562178945998587
2.2950436114260193	3.429271446975678
2.3539457264958905	3.402185226521284
2.41435955974943	3.374979088250478
2.476323909315791	3.3476725738695996
2.5398785690750283	3.320284895796057
2.6050643542140746	3.292834922556748
2.6719231274384296	3.2653411655501317
2.7404978258566803	3.2378217671506246
2.8108324885548956	3.21029449012979
2.882972284878905	3.182776708364526
2.9569635434422548	3.155285398799004
3.032853781878761	3.1278371346235483
3.110691737358534	3.1004480796309184
3.190527397887417	3.073133983707632
3.272412034409497	3.04591017941609
3.356398233733661	3.018791579621071
3.442539932305067	2.9917926761129054
3.530892450843601	2.964927539178206
3.6215125298710764	2.93820981806847
3.7144583661503985	2.9116527423159804
3.8097896500597677	2.885269123846407
3.9075676039263567	2.8590713598372246
4.007855021343562	2.8330714362715996
4.110716307497477	2.807280932137571
4.216217520528182	2.781711024223191
4.324426413952847	2.7563724924590027
4.435412480177345	2.7312757257604683
4.549246995124751	2.706430728323896
4.666003064009041	2.681847126330953
4.785755668283895	2.6575341750180637
4.908581713796116	2.6335007660687872
5.034560080175098	2.6097554352886516
5.163771671489649	2.5863063705237916
5.296299468205303	2.563161419786295
5.432228580474754	2.5403280995511883
5.571646302796011	2.5178136031916063
5.714642170073669	2.4956248095205367
5.861308015118622	2.473768291409523
6.011738027623726	2.452250324456323
6.166028814652819	2.431076895675507
6.32427946268262	2.4102537121875787
6.486591601236491	2.3897862098841998
6.65306946815162	2.369679562048559
6.82381997652101	2.349938615868693
6.9989527833539835	2.3305650389062817
7.178580359998405	2.3115563621706086
7.362818064370538	2.292909602613617
7.551784215038417	2.2746215405886017
7.745600167207031	2.256688729543659
7.944390390653182	2.239107505440943
8.148282549660832	2.2218739958992693
8.357407585007646	2.2049841290587855
8.571899798056299	2.1884336421672894
8.791896937003386	2.172218089888818
9.017540285342287	2.156332852335787
9.248974752596004	2.1407731428268058
9.486348967379334	2.1255340153728652
9.729815372848789	2.1106103718953317
9.97953032460267	2.095996969179574
10.235654191093285	2.081688425568624
10.498351456616957	2.0676792274016105
10.767790826946559	2.0539637352021725
11.044145337675529	2.04053618962226
11.32759246534207	2.0273907171470857
11.6183142414061	2.014521335567114
11.916497369150681	2.001921959223289
12.222333343584125	1.989586404031706
12.536018574418932	1.977508392294142
12.857754512207785	1.9656815573008364
13.187747777715991	1.9540994477320797
13.526210294614756	1.942755531865077
13.873359425579478	1.9316432015926037
14.229418111881921	1.9207557762599012
14.594615016564198	1.91008650632628
14.969184671287225	1.89962857685776
15.353367626948996	1.8893751108570092
15.747410608167412	1.8793191724367975
16.151566671728535	1.869453769842999
16.56609536910075	1.859771858333129
16.991262913120945	1.8502663429161894
17.427342348957556	1.8409300809595603
17.87461372946209	1.8317558846684538
18.33336429502023	1.8227365234433377
18.8038886580201	1.8138647261205532
19.286488992053645	1.8051331831012576
19.781475225974578	1.7965345483735902
20.289165242936036	1.788061441432865
20.809885084537868	1.779706449104376
21.34396916021198	1.771462127273313
21.8917604619824	1.763321002526067
22.4536107847362	1.7552755737070767
23.02988095214921	1.7473185320187699
23.620941048408582	1.739446247298488
24.22717065588341	1.7316581565762426
24.848959098894113	1.7239537710714476
25.486705693739932	1.7163325826152882
26.140820005141546	1.708794064571419
26.811722109266423	1.7013376727163454
27.49984286350349	1.6939628460810086
28.20562418316346	1.6866690077549953
28.929519325278847	1.6794555656548442
29.671993179688666	1.672321913257799
30.43352256759276	1.665267430302393
31.214596547770444	1.6582914834571398
32.01571673065619	1.6513934269586543
32.83739760047735	1.6445726032204153
33.680166845658114	1.6378283434133911
34.544565697705536	1.6311599680196647
35.43114927879081	1.6245667873602334
36.34048695825259	1.6180481020980255
37.27316271824834	1.6116032037172376
38.22977552879277	1.605231374979955
39.21093973241929	1.5989318903610887
40.217285438713596	1.5927040164625625
41.249458928975535	1.5865470124076282
42.308123071263786	1.5804601302162484
43.393957746094266	1.5744426151623403
44.507660283062364	1.5684937061137307
45.64994590867396	1.5626126358555719
46.821548205667085	1.556798631398001
48.02321958412376	1.5510509142687445
49.255731764671026	1.5453687007913728
50.51987627408655	1.5397512023498443
51.816464953620596	1.5341976256400136
53.146330480366096	1.528707172908683
54.51032690200745	1.523279042180801
55.90933018529727	1.5179124274753437
57.34423877860613	1.5126065190104485
58.81597418891228	1.5073605033982815
60.325481573597365	1.5021735638301554
61.87373034743465	1.4970448802523306
63.461714805151466	1.4919736295329957
65.09045475997212	1.4869589856208074
66.7609961985463	1.4820001196954398
68.47441195269079	1.4770962003104922
70.23180238836669	1.4722463935291672
72.03429611234206	1.4674498630530504
73.88305069698805	1.4627057703443376
75.77925342368184	1.4580132747418248
77.72412204528385	1.4533715504311062
79.71890556818724	1.4487799182068224
81.76488505443498	1.444237774286909
83.86337444442901	1.4397445138409113
86.01572140074859	1.4352995304172282
88.22330817362837	1.4309022160270284
90.48755248864549	1.4265519612238784
92.80990845719525	1.4222481551792898
95.19186751032768	1.4179901857544106
97.63495935655493	1.4137774395680298
100.14075296423661	1.4096093020611002
102.71085756918484	1.405485157557932
105.34692370812246	1.4014043893242485
108.05064427866925	1.3973663796222466
110.82375562652787	1.3933705097628224
113.66803866058011	1.3894161601550905
116.58531999659527	1.385502710353359
119.57747313029124	1.381629539101668
122.6464196405096	1.3777960243760192
125.79413042326212	1.3740015434244295
129.02262695745372	1.3702454728048947
132.33398260308476	1.3665271884214003
135.7303239327809	1.3628460655580434
139.21383209748717	1.3592014789114002
142.78674422721843	1.3555928026211974
146.45135486775354	1.352019410299401
150.21001745421265	1.3484806750577758
154.06514582244347	1.3449759695340244
158.01921575920343	1.3415046659165555
162.07476659212034	1.338066135967968
166.23440282047065	1.3346597510472995
170.50079578780026	1.3312848821311258
174.87668539747975	1.3279408998335547
179.36488187228215	1.3246271744251739
183.9682675591321	1.3213430758510105
188.68979878016185	1.3180879737475528
193.5325077312817	1.314861237458882
198.49950442946889	1.3116622360519636
203.5939787100479	1.3084903383311302
208.81920227521616	1.3053449128518182
214.1785307951542	1.3022253279335743
219.67540606305093	1.2991309516723968
225.31335820545343	1.2960611519524117
231.09600794932933	1.2930152964569523
237.0270689473229	1.2899927526790516
243.11035016267837	1.2869928879313928
249.34975831538935	1.2840150693557264
255.7493003911113	1.2810586639318053
262.31308621447545	1.2781230998772317
269.0453310884357	1.275208114457223
275.95035850137276	1.27231354192334
283.03260290365694	1.2694392164324424
290.29661255548336	1.2665849720184195
297.7470524477834	1.2637506425985412
305.38870729812294	1.2609360619794756
313.22648462347036	1.2581410638629973
321.2654178918274	1.2553654818514106
329.51066975476556	1.2526091494526814
337.96753536290356	1.2498719000853111
346.64144576648977	1.2471535670829583
355.5379714032456	1.2444539836988249
364.66282567574905	1.2417729831098072
374.0218686206067	1.2391103984204448
383.6211106718097	1.2364660626666555
393.46671652066016	1.233839808819286
403.565009074789	1.2312314697874687
413.9224735187552	1.228640878421818
424.54576147887605	1.2260678675174492
435.4416952949298	1.2235122698168548
446.6172724015213	1.220973918012616
458.0796698218652	1.2184526447499882
469.83624877691994	1.215948282629346
481.89455941279465	1.2134606642085055
494.26234564951915	1.21098962200492
506.9475501542228	1.2085349884977703
519.9583194419698	1.2060965961299404
533.3030091074869	1.2036742773098983
546.9901891911976	1.2012678644134702
561.0286496829402	1.1988771897855302
575.4274061669599	1.1965020857415996
590.1957056117552	1.1941423845693668
605.3430323085613	1.1917979185301213
620.8791139622031	1.1894685198601211
636.813927938295	1.1871540207718865
653.1577076707471	1.184854253455426
669.9209492337651	1.1825690500794002
687.1144180824753	1.1802982427922244
704.7491559665738	1.1780416637231146
722.836488021386	1.1757991449830814
741.3880300409654	1.1735705186658678
760.4156959378084	1.171355616848843
779.9317053940503	1.1691542715938477
799.9485917089977	1.1669663149479972
820.4792098481223	1.1647915789444399
841.5367446985806	1.162629895603079
863.1347195366104	1.1604810969412584
885.287004712297	1.158345028062736
908.0078265571702	1.15622157292649
931.3117765204555	1.1541106226563338
955.2138205397625	1.1520120683659345
979.7293086523412	1.1499258011593303
1004.8739848529424	1.1478517121314307
1030.6639972047199	1.1457896923684834
1057.115908209585	1.1437396329485254
1084.2467054447905	1.1417014249418012
1112.0738124724235	1.1396749594111655
1140.6151000289417	1.1376601274124643
1169.8888975018324	1.1356568199948984
1199.914004700907	1.1336649282013604
1230.7097039316193	1.1316843430687626
1262.2957723782947	1.1297149556283448
1294.6924948051249	1.1277566569059672
1327.920676583216	1.1258093379223848
1362.00165705189	1.1238728896935126
1396.9573232229573	1.121947203230672
1432.8101238366462	1.120032169540832
1469.5830837783808	1.118127679626828
1507.2998188654606	1.1162336244875766
1545.9845510133039	1.1143498951182775
1585.6621237908632	1.112476382510606
1626.358018375382	1.1106129776528915
1668.0983699165154	1.108759571530291
1710.9099843205067	1.1069160551249517
1754.820355465054	1.1050823194161679
1799.8576828561143	1.1032582553805248
1846.0508897377517	1.101443753992039
1893.4296416668442	1.0996387062222905
1942.02436556443	1.0978430030405506
1991.86626925614	1.096056535413894
2042.987361513999	1.0942791943073187
2095.4204726126827	1.092510870683848
2149.199275413256	1.0907514555046345
2204.35830698818	1.089000839729056
2260.932990801184	1.087258914314804
2318.959659456379	1.0855255702179747
2378.4755780313717	1.0838006983931479
2439.5189680090607	1.082084189793464
2502.129031823735	1.0803759353707016
2566.345978037046	1.0786758260753444
2632.2110471602923	1.076983752856648
2699.766538139257	1.0752996066627047
2769.055835518884	1.0736232784404998
2840.123437305017	1.0719546591359737
2913.014983541401	1.0702936400826697
2987.777285619923	1.0686401489625525
3064.458356343209	1.066994178936925
3143.107440758646	1.0653557300215273
3223.7750477839877	1.0637248022312948
3306.5129826443913	1.0621013955804004
3391.374380142099	1.0604855100822939
3478.4137387798305	1.0588771457497388
3567.686955760193	1.0572763025948455
3659.2513628831116	1.0556829806291081
3753.1657633647046	1.0540971798634318
3849.4904696009617	1.0525189003081674
3948.287341900884	1.0509481419731357
4049.6198282134465	1.049384904867657
4153.55300487431	1.0478291890005749
4260.153618398122	1.046280994380284
4369.490128343698	1.0447403210147477
4481.632751279064	1.043207168911525
4596.653505875006	1.0416815380777873
4714.626259155779	1.0401634285203423
4835.626773937143	1.0386528402456492
4959.732757481578	1.0371497732598371
5087.023911402419	1.0356542275687224
5217.581982848579	1.0341662031778271
5351.490817003271	1.0326857000923884
5488.8364109297545	1.0312127183173783
5629.706968799236	1.029747257857514
5774.192958535976	1.0282893187172728
5922.38716991656	1.026838900900904
6074.38477415995	1.025396004412439
6230.2833850468805	1.0239606292557055
6390.183121608278	1.0225327754343336
6554.186672422133	1.0211124429517704
6722.39936156082	1.0196996318112859
6894.929216230664	1.0182943420159838
7071.887036147946	1.01689657356881
7253.386464694969	1.0155063264725595
7439.544061902616	1.0141236007298853
7630.479379305708	1.0127483963433055
7826.315036720025	1.0113807133152093
8027.176800989295	1.0100205516478638
8233.193666753523	1.0086679113434212
8444.497939289908	1.0073227924039236
8661.225319480425	1.0059851948313103
8883.514990959535	1.0046551186274202
9111.509709498869	1.0033325637939983
9345.3558946856	1.0020175303327028
9585.20372395436	1.0007100182451054
9831.20722903186	0.9994360837874511
10083.524394857104	0.9981984759508038
10342.317261040018	0.9969649855484741
10607.752025924674	0.9957355903181668
10879.99915332259	0.9945102681640662
11159.23348198578	0.9932889971552475
11445.634337888938	0.9920717555241075
11739.385649394128	0.9908585216648115
12040.67606537039	0.9896492741317604
12349.699076345341	0.9884439916380742
12666.653138765616	0.9872426530540943
12991.741802447323	0.9860452374059001
13325.173841296606	0.9848517238738462
13667.163387385726	0.9836620917911129
14017.930068469544	0.9824763206422772
14377.6991490324	0.9812943900618954
14746.701674953942	0.9801162798331055
15125.174621888373	0.9789419698862433
15513.361047451242	0.9777714402974766
15911.510247313141	0.9766046712874514
16319.877915298586	0.9754416432199553
16738.72630759379	0.9742823366005974
17168.32441116985	0.9731267320754996
17608.948116527357	0.9719748104300048
18060.88039487518	0.9708265525873997
18524.41147985579	0.969681939607651
18999.839053935804	0.9685409526861557
19487.468439578977	0.9674035731525051
19987.612795326397	0.9662697824692633
20500.593316908216	0.96513956223076
21026.73944351836	0.964012894161893
21566.3890693818	0.962889760116948
22119.888760752543	0.9617701420784296
22687.593978479992	0.9606540221559052
23269.86930628895	0.9595413825848611
23867.088684916904	0.9584322057255721
24479.63565226132	0.9573264740619829
25107.903589689355	0.956224170200602
25752.29597467075	0.9551252768694073
26413.226639892804	0.954029776916763
27091.12003902665	0.9529376533103496
27786.411519313133	0.9518488891361057
28499.54760114664	0.9507634675971776
29230.986264832412	0.9496813720128857
29981.197244704672	0.9486025858176973
30750.662330791998	0.9475270925602142
31539.8756782271	0.946454875902167
32349.344124595336	0.9453859196174241
33179.58751542936	0.9443202075910088
34031.13903805614	0.9432577238181282
34904.54556401443	0.9421984524032118
35800.36800025811	0.9411423775589594
36719.18164937447	0.940089483605401
37661.57657904602	0.9390397549689664
38628.15800099703	0.9379931761815616
39619.546659663145	0.9369497318796596
40636.37923083779	0.9359094068033962
41679.30873054804	0.93487218579568
42749.004934427154	0.9338380538013066
43846.154807847764	0.9328069958660856
44971.4629470942	0.9317789971359772
46125.65203186035	0.9307540428562334
47309.46328935769	0.9297321183705531
48523.65697033655	0.9287132091202434
49769.01283732238	0.9276973006433901
51046.330665385954	0.9266843785740364
52356.43075576246	0.9256744286413705
53700.15446265462	0.9246674366689217
55078.3647335539	0.9236633885737646
56491.94666343294	0.9226622703657308
57941.80806315729	0.9216640681466298
59428.88004248793	0.9206687681094768
60954.1176080439	0.91967635653773
62518.50027661578	0.918686819804533
64123.03270421566	0.9177001443719675
65768.74533127421	0.9167163167903118
67456.69504439393	0.915735323697309
69187.96585509076	0.9147571518174391
70963.66959595113	0.9137817879612019
72784.9466346585	0.9128092190244048
74652.96660634228	0.9118394319874601
76568.92916472776	0.9108724139146861
78534.06475255881	0.9099081519536182
80549.63539179691	0.9089466333343247
82616.93549409683	0.9079878453687323
84737.29269208913	0.9070317754499543
86912.06869199162	0.9060784110516283
89142.66014810638	0.9051277397272606
91430.49955975733	0.9041797491095759
93777.0561912535	0.903234426909873
96183.83701545704	0.9022917609173886
98652.38768157168	0.9013517389986659
101184.29350776508	0.9004143490969313
103781.18049927405	0.8994795792314737
106444.71639263211	0.8985474174970338
109176.61172670146	0.8976178520631969
111978.62094118827	0.896690871173793
114852.54350335915	0.8957664631463012
117800.22506366759	0.8948446163712617
120823.55864103936	0.8939253193116924
123924.48583858565	0.8930085605025114
127104.99809050908	0.8920943285499651
130367.13794101641	0.891182612131061
133713.00035604922	0.8902733999930091
137144.73406868923	0.889366680952664
140664.5429590839	0.888462443895976
144274.68746979366	0.8875606777774455
147977.48605745766	0.886661371619585
151775.31668172663	0.8857645145123823
155670.61833239914	0.8848700956127726
159665.8925957576	0.883978104144114
163763.70526109752	0.8830885293956684
167966.68796849978	0.8822013607220863
172277.53989888134	0.8813165875428979
176699.02950742783	0.8804341993420081
181233.99630150723	0.8795541856671973
185885.35266422623	0.8786765361296256
190656.0857247752	0.8778012404033418
195549.25927678338	0.8769282882247986
200568.01574590002	0.8760576693923711
205715.5782078875	0.8751893737658788
210995.25245849453	0.8743233912661147
216410.42913646105	0.8734597118743759
221964.58590100103	0.872598325632002
227661.28966518503	0.871739222639914
233504.19888662762	0.8708823930581601
239497.06591697404	0.8700278271054644
245643.7394116763	0.8691755150587819
251948.1668016333	0.8683254472528537
258414.3968282479	0.8674776140797702
265046.5821435568	0.8666320059885365
271848.9819770813	0.865788613484642
278825.9648711415	0.864947427129634
285982.01148635295	0.8641084375406951
293321.7174791382	0.8632716353902243
300849.7964530769	0.862437011405424
308571.08298602246	0.8616045563678866
316490.5357348917	0.8607742611131884
324613.24062013725	0.8599461165304869
332944.4140919697	0.8591201135621196
341489.4064803849	0.8582962432032083
350253.7054311823	0.8574744965012664
359242.93943015515	0.8566548645558104
368462.88141775253	0.8558373385179737
377919.4524964866	0.8550219095901243
387618.7257335062	0.8542085690254864
397566.93006074574	0.8533973081277663
407770.4542751998	0.8525881182507783
418235.8511418361	0.8517809907980778
428969.84160182654	0.8509759172225955
439979.3190887643	0.8501728890262759
451271.3539556867	0.8493718977597176
462853.19801568624	0.8485729350218181
474732.28919907584	0.8477759924594218
486916.25633005897	0.8469810617669709
499412.9240260265	0.8461881346861578
512230.3177225602	0.8453972030055835
525376.6688274234	0.8446082585604167
538860.4200068052	0.843821293232057
552690.2306072749	0.8430362989478006
566874.9822168514	0.8422532676805091
581423.7843688204	0.8414721914482811
596345.980391916	0.8406930623141274
611651.1534106869	0.8399158723856479
627349.1324998207	0.8391406138147115
643449.998996444	0.8383672787971393
659964.0929744001	0.837595859572392
676902.0198847335	0.8368263484232557
694274.6573665568	0.8360587376755347
712093.1622327464	0.8352930196977457
730368.9776348945	0.8345291869008137
749113.8404122011	0.833767231737771
768339.7886289221	0.8330071467034594
788059.1693052979	0.8322489243342346
808284.646346863	0.8314925572076727
829029.2086773152	0.8307380379422797
850306.1785800649	0.8299853591972036
872129.220253868	0.829234513671949
894512.3485880923	0.8284854941060928
917469.9381631413	0.8277382932790046
941016.7324819079	0.8269929040095674
965167.8534381166	0.8262493191559026
989938.8110277323	0.8255075316150953
1.0153455133095493e6	0.8247675343229235
1.0414042766214556e6	0.8240293202535883
1.0681318360588553e6	0.8232928824194489
1.0955453562220905e6	0.8225582138707558
1.1236624422396242e6	0.8218253076953899
1.1525011510741743e6	0.8210941570186018
1.1820800031189728e6	0.8203647550027549
1.2124179940917217e6	0.819637094847068
1.2435346072337264e6	0.818911169787363
1.2754498258221687e6	0.8181869730958126
1.3081841460034503e6	0.8174644980806919
1.3417585899559984e6	0.8167437380861303
1.3761947193907981e6	0.8160246864918662
1.411514649398473e6	0.8153073367130041
1.4477410626516913e6	0.8145916821997738
1.4848972239721739e6	0.8138777164372905
1.5230069952714636e6	0.8131654329453174
1.5620948508752112e6	0.8124548252780318
1.6021858932406914e6	0.8117458870237906
1.6433058690778168e6	0.8110386118048993
1.68548118588379e6	0.8103329932773822
1.7287389289021771e6	0.8096290251307554
1.7731068785171704e6	0.8089267010878011
1.8186135280943892e6	0.8082260149043426
1.865288102279444e6	0.8075269603690242
1.9131605757662072e6	0.8068295313030885
1.9622616925466864e6	0.8061337215601608
2.0126229856550856e6	0.8054395250260302
2.0642767974184554e6	0.8047469356184355
2.1172563002271587e6	0.8040559472868521
2.171595517838323e6	0.8033665540122812
2.2273293472261885e6	0.8026787498070387
2.284493580993102e6	0.8019925287145484
2.3431249303557687e6	0.801307884809135
2.403261048721356e6	0.8006248121958202
2.464940555868834e6	0.7999433050101188
2.528203062750786e6	0.7992633574178378
2.593089196931748e6	0.7985849636148767
2.6596406286795787e6	0.7979081178270294
2.727900097726291e6	0.7972328143097869
2.797911440715802e6	0.7965590473481431
2.869719619356011e6	0.7958868112564016
2.943370749293602e6	0.795216100377983
3.0189121297297063e6	0.7945469090852344
3.096392273795784e6	0.7938792317792416
3.175860939708959e6	0.7932130628896411
3.2573691627271757e6	0.7925483968744342
3.34096928792427e6	0.7918852282198025
3.426715003806332e6	0.7912235514399252
3.5146613767906963e6	0.7905633610767979
3.6048648865700704e6	0.7899046517000519
3.6973834623840414e6	0.7892474179067757
3.792276520221634e6	0.7885916543213378
3.8896050009785085e6	0.7879373555952118
3.9894314095937363e6	0.7872845164068001
4.091819855190742e6	0.7866331314612622
4.196836092248627e6	0.7859831954903421
4.304547562829971e6	0.785334703252199
4.415023439892718e6	0.7846876495312368
4.528334671713345e6	0.7840420291379377
4.644554027450332e6	0.7833978369086941
4.763756143876839e6	0.7827550677056455
4.886017573313071e6	0.782113716416513
5.011416832788527e6	0.7814737779544368
5.140034454466171e6	0.7808352472578157
5.271953037360528e6	0.7801981192901467
5.407257300383495e6	0.7795623890398654
5.546034136751189e6	0.7789280515201888
5.688372669787372e6	0.7782951017689594
5.834364310158834e6	0.7776635348484893
5.984102814580105e6	0.777033345845406
6.137684346024436e6	0.7764045298704999
6.295207535480323e6	0.7757770820585725
6.45677354529274e6	0.7751509975682863
6.622486134130485e6	0.7745262715820144
6.792451723620489e6	0.7739028993056926
6.966779466692284e6	0.7732808759686732
7.145581317676958e6	0.7726601968235778
7.32897210420472e6	0.7720408571461526
7.517069600947987e6	0.7714228522351249
7.709994605256798e6	0.7708061774120606
7.907871014735894e6	0.7701908280212219
8.110825906812326e6	0.7695767994294269
8.31898962034544e6	0.7689640870259103
8.53249583933105e6	0.7683526862221854
8.751481678754466e6	0.7677425924519051
8.976087772646325e6	0.7671338011707274
9.206458364398748e6	0.7665263078561783
9.44274139939905e6	0.7659201080075189
9.685088620041557e6	0.7653151971456111
9.933655663177233e6	0.7647115708127858
1.0188602160064736e7	0.7641092245727105
1.04500918388863e7	0.7635081540102605
1.0718292629895385e7	0.7629083547313882
1.0993376773262218e7	0.762309822362995
1.1275520929687629e7	0.7617125525528038
1.15649062938553e7	0.7611165409692325
1.1861718710796556e7	0.7605217833012686
1.2166148795240857e7	0.7599282752583435
1.2478392054029908e7	0.7593360125702097
1.279864901167297e7	0.758744990986818
1.3127125339125432e7	0.7581552062781945
1.3464031985871613e7	0.7575666542343203
1.380958531539797e7	0.7569793306650114
1.4164007244142655e7	0.7563932313997992
1.4527525384012165e7	0.7558083522878114
1.4900373188554697e7	0.7552246891976555
1.5282790102885658e7	0.7546422380173013
1.5675021717460304e7	0.754060994653966
1.6077319925794087e7	0.7534809550339976
1.6489943086229738e7	0.7529021151027623
1.6913156187856812e7	0.7523244708245298
1.734723102068879e7	0.7517480181823621
1.7792446350208983e7	0.751172753178001
1.8249088096395075e7	0.7505986718317568
1.871744951733827e7	0.7500257701823992
1.9197831397576146e7	0.7494540442870472
1.969054224125785e7	0.7488834902210609
2.019589847026755e7	0.7483141040779335
2.071422462743194e7	0.7477458819691849
2.124585358494445e7	0.7471788200242548
2.1791126758137207e7	0.7466129143903975
2.2350394324740347e7	0.7460481612325772
2.2924015449767623e7	0.7454845567333646
2.3512358516175292e7	0.7449220970928325
2.411580136143927e7	0.7443607785284547
2.4734731520204935e7	0.7438005972750029
2.53695464731636e7	0.7432415495844471
2.602065390231796e7	0.7426836317258543
2.6688471952797316e7	0.7421268399852888
2.7373429501393255e7	0.7415711706657141
2.8075966431986157e7	0.7410166200868946
2.87965339180424e7	0.7404631845852975
2.953559471235997e7	0.7399108605139962
3.029362344425149e7	0.7393596442425746
3.1071106924353175e7	0.7388095321570318
3.186854445725886e7	0.738260520659686
3.2686448162175573e7	0.7377126061690821
3.3525343301810026e7	0.7371657851198969
3.438576861969458e7	0.7366200539628477
3.5268276686173e7	0.7360754091645986
3.617343425326352e7	0.7355318472076702
3.7101822618630946e7	0.7349893645903478
3.8054037998898454e7	0.7344479578265926
3.90306919125431e7	0.7339076234459502
4.003241157261564e7	0.7333683579934633
4.105984028954105e7	0.7328301580295821
4.211363788425531e7	0.7322930201300778
4.319448111194806e7	0.7317569408859543
4.430306409667769e7	0.7312219169033624
4.544009877714274e7	0.730687944803513
4.660631536389184e7	0.7301550212225933
4.780246280827131e7	0.7296231428116808
4.902930928340532e7	0.729092306236659
5.028764267752023e7	0.7285625081781348
5.157827109993326e7	0.7280337453313549
5.2902023400023796e7	0.7275060144061232
5.4259749699526206e7	0.7269793121267188
5.5652321938481644e7	0.726453635231816
5.708063443520547e7	0.7259289804744017
5.8545604460622385e7	0.725405344621696
6.0048172827344194e7	0.7248827244550731
6.158930449386362e7	0.7243611167699813
6.316998918425903e7	0.7238405183758646
6.4791242023799546e7	0.7233209260960849
6.645410419086553e7	0.7228023367678444
6.815964358559772e7	0.7222847472421089
6.99089555157121e7	0.7217681543835301
7.170316339991105e7	0.7212525550703714
7.35434194893508e7	0.7207379461944309
7.543090560762197e7	0.7202243246609676
7.73668339097269e7	0.7197116873886263
7.935244766053088e7	0.7192000313093639
8.13890220331955e7	0.7186893533683757
8.347786492810014e7	0.7181796505240231
8.562031781278713e7	0.7176709197477604
8.781775658345787e7	0.7171631580240632
9.0071592448583e7	0.7166563623503567
9.23832728351864e7	0.7161505297369453
9.475428231839547e7	0.7156456572069414
9.718614357484162e7	0.7151417417961952