# Internal run number: twoLoop 1927
# All dimensionful quantities in GeV
# Rescaling factor from internal to physical units: 1.19323
# Quantity: ghost dressing function G
# Syntax: p^2 [GeV^2], G
# Cutoff in GeV^2, renormalization constant Zt3:           6
1.19323 10, 0.805398
# Renormalization point: 0.00000119323
# Renormalization value: 15.1619
# Lowest/highest points (extrapolated beyond that): 0.00000119323/11932.3
# alpha(mu)=0.05
#
1.1932269509491145e-14	20.
1.2290237594775878e-14	20.
1.2528882984965702e-14	20.
1.2886851070250436e-14	20.
1.324481915553517e-14	20.
1.3602787240819906e-14	20.
1.384143263100973e-14	20.
1.4199400716294463e-14	20.
1.4557368801579196e-14	20.
1.5034659581958843e-14	20.
1.5392627667243578e-14	20.
1.575059575252831e-14	20.
1.6227886532907957e-14	20.
1.658585461819269e-14	20.
1.7063145398572336e-14	20.
1.742111348385707e-14	20.
1.7898404264236715e-14	20.
1.8375695044616362e-14	20.
1.885298582499601e-14	20.
1.9330276605375654e-14	20.
1.98075673857553e-14	20.
2.0284858166134945e-14	20.
2.0881471641609505e-14	20.
2.135876242198915e-14	20.
2.1955375897463706e-14	20.
2.243266667784335e-14	20.
2.302928015331791e-14	20.
2.3625893628792467e-14	20.
2.4222507104267024e-14	20.
2.4938443274836494e-14	20.
2.5535056750311047e-14	20.
2.6131670225785607e-14	20.
2.6847606396355074e-14	20.
2.7563542566924546e-14	20.
2.8279478737494013e-14	20.
2.899541490806348e-14	20.
2.971135107863295e-14	20.
3.0427287249202415e-14	20.
3.12625461148668e-14	20.
3.209780498053118e-14	20.
3.293306384619556e-14	20.
3.3768322711859937e-14	20.
3.460358157752432e-14	20.
3.54388404431887e-14	20.
3.6393422003947996e-14	20.
3.7348003564707284e-14	20.
3.830258512546657e-14	20.
3.925716668622586e-14	20.
4.0211748246985156e-14	20.
4.128565250283936e-14	20.
4.2359556758693564e-14	20.
4.343346101454777e-14	20.
4.450736527040197e-14	20.
4.570059222135108e-14	20.
4.68938191723002e-14	20.
4.8087046123249314e-14	20.
4.928027307419843e-14	20.
5.0592822720242457e-14	20.
5.1905372366286474e-14	20.
5.32179220123305e-14	20.
5.4530471658374526e-14	20.
5.596234399951347e-14	20.
5.73942163406524e-14	20.
5.894541137688625e-14	20.
6.037728371802519e-14	20.
6.192847875425903e-14	20.
6.35989964855878e-14	20.
6.515019152182165e-14	20.
6.682070925315042e-14	20.
6.861054967957408e-14	20.
7.028106741090284e-14	20.
7.207090783732651e-14	20.
7.39800709588451e-14	20.
7.588923408036368e-14	20.
7.779839720188227e-14	20.
7.982688301849576e-14	20.
8.185536883510926e-14	20.
8.400317734681766e-14	20.
8.615098585852607e-14	20.
8.829879437023448e-14	20.
9.056592557703779e-14	20.
9.295237947893601e-14	20.
9.533883338083425e-14	20.
9.772528728273247e-14	20.
1.0023106387972561e-13	20.
1.0285616317181367e-13	20.
1.0548126246390172e-13	20.
1.0822568445108468e-13	20.
1.1097010643826764e-13	20.
1.1383385112054552e-13	20.
1.166975958028234e-13	20.
1.196806631801962e-13	20.
1.2278305325266388e-13	20.
1.2600476602022648e-13	20.
1.292264787877891e-13	20.
1.3256751425044662e-13	20.
1.3590854971310413e-13	20.
1.3936890787085656e-13	20.
1.429485887237039e-13	20.
1.4664759227164617e-13	20.
1.5046591851468333e-13	20.
1.5428424475772048e-13	20.
1.582218936958526e-13	20.
1.6227886532907956e-13	20.
1.664551596574015e-13	20.
1.7075077668081828e-13	20.
1.7516571639932999e-13	20.
1.7958065611784172e-13	20.
1.8423424122654328e-13	20.
1.888878263352448e-13	20.
1.937800568341362e-13	20.
1.9879161002812245e-13	20.
2.0392248591720368e-13	20.
2.0905336180628486e-13	20.
2.1442288308555587e-13	20.
2.1991172705992182e-13	20.
2.2563921642447755e-13	20.
2.3136670578903333e-13	20.
2.3733284054377886e-13	20.
2.434182979936193e-13	20.
2.4962307813855474e-13	20.
2.5606650367367994e-13	20.
2.626292519039001e-13	20.
2.6943064552431005e-13	20.
2.763513618398149e-13	20.
2.833914008504147e-13	20.
2.9067008525120425e-13	20.
2.981874150421837e-13	20.
3.05824067528258e-13	20.
3.1369936540452224e-13	20.
3.2169398597588125e-13	20.
3.2992725193743013e-13	20.
3.383991632891689e-13	20.
3.471097200310974e-13	20.
3.560589221632158e-13	20.
3.6512744699042903e-13	20.
3.74553939902927e-13	20.
3.8409975551052e-13	20.
3.940035392033976e-13	20.
4.0414596828646507e-13	20.
4.145270427597224e-13	20.
4.251467626231695e-13	20.
4.3600512787680643e-13	20.
4.4722146121572806e-13	20.
4.586764399448396e-13	20.
4.704893867592358e-13	20.
4.825409789638219e-13	20.
4.949505392536927e-13	20.
5.075987449337533e-13	20.
5.206049186990986e-13	20.
5.339690605497287e-13	20.
5.476911704856435e-13	20.
5.61771248506843e-13	20.
5.762092946133274e-13	20.
5.910053088050964e-13	20.
6.061592910821501e-13	20.
6.216712414444886e-13	20.
6.376604825872068e-13	20.
6.540076918152095e-13	20.
6.708321918235921e-13	20.
6.880146599172594e-13	20.
7.056744187913063e-13	20.
7.238114684457328e-13	20.
7.424258088805391e-13	20.
7.613981174006299e-13	20.
7.809670393961954e-13	20.
8.010132521721405e-13	20.
8.215367557284653e-13	20.
8.426568727602646e-13	20.
8.642542805724436e-13	20.
8.864483018600971e-13	20.
9.092389366232252e-13	20.
9.325068621667329e-13	20.
9.564907238808102e-13	20.
9.81071199070362e-13	20.
1.0062482877353881e-12	20.
1.0320219898758891e-12	20.
1.0585116281869595e-12	20.
1.0857172026685993e-12	20.
1.1135193906257135e-12	20.
1.1421568374484923e-12	20.
1.1713908977467455e-12	20.
1.2014602169106635e-12	20.
1.2323647949402454e-12	20.
1.263985309140397e-12	20.
1.296441082206213e-12	20.
1.329732114137693e-12	20.
1.3638584049348379e-12	20.
1.3988199545976468e-12	20.
1.4347360858212153e-12	20.
1.471487475910448e-12	20.
1.5093127702555349e-12	20.
1.5479733234662862e-12	20.
1.5877077809328918e-12	20.
1.6285161426553515e-12	20.
1.6702790859385703e-12	20.
1.7131159334776436e-12	20.
1.757146007967666e-12	20.
1.8022499867135424e-12	20.
1.848547192410368e-12	20.
1.895918302363048e-12	20.
1.944601961961772e-12	20.
1.994478848511445e-12	20.
2.045668284707162e-12	20.
2.098170270548923e-12	20.
2.151984806036728e-12	20.
2.207231213865672e-12	20.
2.263909494035755e-12	20.
2.3220196465469766e-12	20.
2.3816809940944322e-12	20.
2.442774213983027e-12	20.
2.5054186289078557e-12	20.
2.569733561564013e-12	20.
2.635719011951499e-12	20.
2.7033749800703135e-12	20.
2.772701465920457e-12	20.
2.8439371148921195e-12	20.
2.9168432815951104e-12	20.
2.991777934114715e-12	20.
3.0685024270607427e-12	20.
3.1472554058233845e-12	20.
3.2280368704026395e-12	20.
3.3108468207985077e-12	20.
3.3958045797060845e-12	20.
3.4830294698204653e-12	20.
3.572402168446554e-12	20.
3.6640419982794455e-12	20.
3.758187604709331e-12	20.
3.85460034234602e-12	20.
3.953518856579701e-12	20.
4.054943147410376e-12	20.
4.158992537533139e-12	20.
4.2657863496430845e-12	20.
4.375324583740213e-12	20.
4.487607239824525e-12	20.
4.602753640591114e-12	20.
4.720883108735077e-12	20.
4.841995644256412e-12	20.
4.966329892545309e-12	20.
5.093766530906675e-12	20.
5.224544204730698e-12	20.
5.358543591322283e-12	20.
5.496122658766716e-12	20.
5.6371620843689014e-12	20.
5.781781190823934e-12	20.
5.930218623522004e-12	20.
6.082474382463111e-12	20.
6.238548467647255e-12	20.
6.3986795244646264e-12	20.
6.562867552915224e-12	20.
6.73135119838924e-12	20.
6.904011138191576e-12	20.
7.081205340407519e-12	20.
7.26293380503707e-12	20.
7.449435177470417e-12	20.
7.640590135012465e-12	20.
7.836637323053404e-12	20.
8.037815386983426e-12	20.
8.244124326802527e-12	20.
8.455683465205804e-12	20.
8.672731447583448e-12	20.
8.895268273935458e-12	20.
9.123532589652024e-12	20.
9.357763040123334e-12	20.
9.597840302654297e-12	20.
9.84424166802529e-12	20.
1.0096847813541215e-11	20.
1.0356016707287366e-11	20.
1.0621748349263732e-11	20.
1.0894400707555603e-11	20.
1.1173973782162983e-11	20.
1.146082554117115e-11	20.
1.1754955984580107e-11	20.
1.2056603757780043e-11	20.
1.2366007506161147e-11	20.
1.2683405875113612e-11	20.
1.3008918187332532e-11	20.
1.3342783088208093e-11	20.
1.3685239223130489e-11	20.
1.4036525237489908e-11	20.
1.4396760453981446e-11	20.
1.476618351799529e-11	20.
1.5145152397616732e-11	20.
1.553390573823595e-11	20.
1.593256286254805e-11	20.
1.6341481738638312e-11	20.
1.6760901011896927e-11	20.
1.719105932771408e-11	20.
1.763219533147997e-11	20.
1.808478631397497e-11	20.
1.854895159789417e-11	20.
1.9024929828627776e-11	20.
1.9513317619651247e-11	20.
2.001411497096459e-11	20.
2.052767985065309e-11	20.
2.105460887219222e-11	20.
2.1594902035581978e-11	20.
2.2149155954297844e-11	20.
2.2717609273729997e-11	20.
2.330061996196374e-11	20.
2.3898665309779435e-11	20.
2.451198396256728e-11	20.
2.5141172533802744e-11	20.
2.5786350346180933e-11	20.
2.6448233335872407e-11	20.
2.7126940825572262e-11	20.
2.7823188751451073e-11	20.
2.8537215758899022e-11	20.
2.9269618461391586e-11	20.
3.002087414970915e-11	20.
3.0791340791936995e-11	20.
3.158161500155059e-11	20.
3.239217406933032e-11	20.
3.322349528605657e-11	20.
3.407617526520481e-11	20.
3.495069129755542e-11	20.
3.584775931927896e-11	20.
3.676773729846073e-11	20.
3.771146049396638e-11	20.
3.867928687388121e-11	20.
3.9671932374375775e-11	20.
4.069011293162066e-11	20.
4.173442515909133e-11	20.
4.280558499295834e-11	20.
4.3904189046697195e-11	20.
4.5030953256478444e-11	20.
4.618671288116775e-11	20.
4.7372064534240605e-11	20.
4.8587843474562654e-11	20.
4.983488496099957e-11	20.
5.111390492972193e-11	20.
5.2425738639595393e-11	20.
5.377122134948561e-11	20.
5.515130764095336e-11	20.
5.6566713450169197e-11	20.
5.801851268138899e-11	20.
5.950754059347838e-11	20.
6.103475176799816e-11	20.
6.260122010920415e-11	20.
6.420790019865714e-11	20.
6.585574661791786e-11	20.
6.754595259393728e-11	20.
6.927959203097125e-11	20.
7.105761951058053e-11	20.
7.288122825971605e-11	20.
7.47517308280239e-11	20.
7.667032044245498e-11	20.
7.863795168457006e-11	20.
8.06562950721005e-11	20.
8.272630518660701e-11	20.
8.484941390043078e-11	20.
8.70270530859129e-11	20.
8.926065461539455e-11	20.
9.155153103852174e-11	20.
9.390123355033076e-11	20.
9.631119402316268e-11	20.
9.878296365205376e-11	20.
1.0131821295473535e-10	20.
1.0391849312624366e-10	20.
1.0658559400700513e-10	20.
1.0932106679205596e-10	20.
1.1212682064451772e-10	20.
1.150045260821217e-10	20.
1.1795609226798942e-10	20.
1.2098342836524242e-10	20.
1.240885628596973e-10	20.
1.272732855917805e-10	20.
1.3053974437000368e-10	20.
1.338899676801835e-10	20.
1.3732622265352677e-10	20.
1.4085077642124027e-10	20.
1.4446565746914062e-10	20.
1.481733715738248e-10	20.
1.5197618586649962e-10	20.
1.558766061237621e-10	20.
1.598772574449043e-10	20.
1.63980406961133e-10	20.
1.6818903773982563e-10	20.
1.7250553623488405e-10	20.
1.7693288551368566e-10	20.
1.8147382999821758e-10	20.
1.8613135275585726e-10	20.
1.9090843685398206e-10	20.
1.9580806535996931e-10	20.
2.008334599865866e-10	20.
2.059878424466015e-10	20.
2.1127455377547662e-10	20.
2.166968156859796e-10	20.
2.222583271816583e-10	20.
2.2796266794336565e-10	20.
2.3381329832925937e-10	20.
2.3981403666558245e-10	20.
2.459688206012731e-10	20.
2.522815877852694e-10	20.
2.5875639518920455e-10	20.
2.6539741910740695e-10	20.
2.7220883583420484e-10	20.
2.7919506030931684e-10	20.
2.8636050747246137e-10	20.
2.9370995023144224e-10	20.
3.012480421713682e-10	20.
3.089794368773479e-10	20.
3.1690938454796554e-10	20.
3.2504289673641503e-10	20.
3.3338510431858555e-10	20.
3.419413768157564e-10	20.
3.5071732239459694e-10	20.
3.597184298990816e-10	20.
3.6895054614127e-10	20.
3.784196372559169e-10	20.
3.881317887004721e-10	20.
3.980930859323855e-10	20.
4.083102110225824e-10	20.
4.1878936875120765e-10	20.
4.2953759915727207e-10	20.
4.405617036343958e-10	20.
4.518686028988945e-10	20.
4.634658142805591e-10	20.
4.753606164637905e-10	20.
4.875607654237697e-10	20.
5.000738978129829e-10	20.
5.129082468973915e-10	20.
5.260720459429573e-10	20.
5.395736475383367e-10	20.
5.534217622402718e-10	20.
5.676252199281994e-10	20.
5.821933277723371e-10	20.
5.971352736202073e-10	20.
6.124607226101125e-10	20.
6.281794592030504e-10	20.
6.443016258281043e-10	20.
6.608376035597472e-10	20.
6.777978927951478e-10	20.
6.951935905449496e-10	20.
7.130356744971016e-10	20.
7.313357189530278e-10	20.
7.501052982141525e-10	20.
7.693567025180703e-10	20.
7.891022221023763e-10	20.
8.093545051727503e-10	20.
8.301264385802626e-10	20.
8.514316251121541e-10	20.
8.732835482329707e-10	20.
8.956962880207331e-10	20.
9.186842825215481e-10	20.
9.422622084269125e-10	20.
9.664453390417981e-10	20.
9.912490669938725e-10	20.
1.0166893815242782e-9	20.
1.0427826298422433e-9	20.
1.069545517125081e-9	20.
1.09699534516358e-9	20.
1.1251496543939196e-9	20.
1.1540265818657537e-9	20.
1.1836445032741275e-9	20.
1.2140227488956458e-9	20.
1.2451805296842194e-9	20.
1.2771380111753188e-9	20.
1.3099155975498056e-9	20.
1.3435345282474069e-9	20.
1.3780161620305442e-9	20.
1.4133828122432005e-9	20.
1.4496572695201386e-9	20.
1.4868625631415124e-9	20.
1.525022796291731e-9	20.
1.5641623108005932e-9	20.
1.6043065224021546e-9	20.
1.6454808468304706e-9	20.
1.687712012369242e-9	20.
1.7310269859475605e-9	20.
1.7754536890760783e-9	20.
1.821020520556228e-9	20.
1.867756953093698e-9	20.
1.9156926980395667e-9	20.
1.9648588986172545e-9	20.
2.015286817372876e-9	20.
2.0670090294021915e-9	20.
2.1200585870917433e-9	20.
2.1744697360550225e-9	20.
2.2302773185189984e-9	20.
2.287517250614893e-9	20.
2.346226164410101e-9	20.
2.4064418851989678e-9	20.
2.4682030735347037e-9	20.
2.5315492252293852e-9	20.
2.5965212679674304e-9	20.
2.6631608453694264e-9	20.
2.7315106749602184e-9	20.
2.8016146674916006e-9	20.
2.8735178076196234e-9	20.
2.9472665118726797e-9	20.
3.022907793392636e-9	20.
3.1004905744844817e-9	20.
3.1800643740666814e-9	20.
3.261680500898125e-9	20.
3.345391218319265e-9	20.
3.431250460188284e-9	20.
3.519313234267621e-9	20.
3.60963609951475e-9	20.
3.7022771660821837e-9	20.
3.7972958566720786e-9	20.
3.894753145181628e-9	20.
3.994711676025757e-9	20.
4.097235644814426e-9	20.
4.202390798352633e-9	20.
4.3102449119311925e-9	20.
4.4208669540678676e-9	20.
4.534328160411633e-9	20.
4.6507013178064925e-9	20.
4.770061241582274e-9	20.
4.892484536909226e-9	20.
5.018049718120723e-9	20.
5.146837566681343e-9	20.
5.278930773218788e-9	20.
5.414414056846573e-9	20.
5.5533746424548154e-9	20.
5.695901544774054e-9	20.
5.842086403634122e-9	20.
5.99202312599606e-9	20.
6.145807885952113e-9	20.
6.303539602016515e-9	20.
6.465319459834708e-9	20.
6.631251389474118e-9	20.
6.8014419461014666e-9	20.
6.976000429305457e-9	20.
7.1550388830967886e-9	20.
7.338672453876224e-9	20.
7.527018913143823e-9	20.
7.720199254112412e-9	20.
7.91833757238489e-9	20.
8.121561065954228e-9	20.
8.330000273848858e-9	20.
8.54378907613268e-9	20.
8.763064693905052e-9	20.
8.987968166591574e-9	20.
9.218643636007922e-9	20.
9.4552394202641e-9	20.
9.697907417150963e-9	20.
9.946803462108304e-9	20.
1.0202087328224856e-8	20.
1.0463923084206375e-8	20.
1.0732478855730248e-8	20.
1.100792706409089e-8	20.
1.1290444664845125e-8	20.
1.1580213028489498e-8	20.
1.1877418298428354e-8	20.
1.218225139097385e-8	20.
1.2494907876023243e-8	20.
1.2815588692995072e-8	20.
1.3144499792861075e-8	20.
1.3481852376791566e-8	20.
1.3827863015478143e-8	20.
1.4182754126424466e-8	20.
1.4546753377332772e-8	20.
1.492009464068545e-8	20.
1.530301775509964e-8	20.
1.5695768525327236e-8	20.
1.6098599199545668e-8	20.
1.6511768469357905e-8	20.
1.693554170843784e-8	20.
1.7370191091852975e-8	20.
1.7815995596064454e-8	20.
1.8273241714863192e-8	20.
1.8742223101401813e-8	20.
1.9223240806840056e-8	20.
1.971660375763551e-8	20.
2.0222628874866353e-8	20.
2.0741641074231323e-8	20.
2.1273973624017828e-8	20.
2.181996850307e-8	20.
2.2379976281466036e-8	20.
2.295435659780895e-8	20.
2.3543478397871973e-8	20.
2.4147719934598554e-8	20.
2.4767469245393154e-8	20.
2.5403124510089285e-8	20.
2.6055093692981497e-8	20.
2.672379561672956e-8	20.
2.7409659723713122e-8	20.
2.8113126553322478e-8	20.
2.883464774195856e-8	20.
2.9574686738969113e-8	20.
3.033371868732601e-8	20.
3.1112231258884104e-8	20.
3.191072417709045e-8	20.
3.272971052953396e-8	20.
3.356971593268652e-8	20.
3.4431280083098044e-8	20.
3.531495616078301e-8	20.
3.622131178380196e-8	20.
3.715092888893888e-8	20.
3.810440456696003e-8	20.
3.908235118193664e-8	20.
4.0085396729212985e-8	20.
4.11141851933745e-8	20.
4.2169377622152e-8	20.
4.3251651410485554e-8	20.
4.436170161307408e-8	20.
4.550024130234346e-8	20.
4.666800132980116e-8	20.
4.786573199655394e-8	20.
4.9094202218048986e-8	20.
5.035420119459165e-8	20.
5.164653781473199e-8	20.
5.297204208713707e-8	20.
5.4331565498559116e-8	20.
5.572598089451272e-8	20.
5.7156183791824585e-8	20.
5.862309273660155e-8	20.
6.012764990084408e-8	20.
6.167082132109166e-8	20.
6.325359809164975e-8	20.
6.487699684188057e-8	20.
6.654205985552577e-8	20.
6.824985662190146e-8	20.
7.00014838358983e-8	20.
7.179806647188562e-8	20.
7.364075826100228e-8	20.
7.553074252641557e-8	20.
7.746923313790267e-8	20.
7.94574749891415e-8	20.
8.149674483296958e-8	20.
8.358835247461098e-8	20.
8.573364101032168e-8	20.
8.793398825926194e-8	20.
9.019080712146437e-8	20.
9.250554712902898e-8	20.
9.48796948040913e-8	20.
9.731477473272652e-8	20.
9.981235087749927e-8	20.
1.023740270547543e-7	20.
1.050014484858116e-7	20.
1.0769630251290248e-7	20.
1.1046031967307394e-7	20.
1.1329527513006086e-7	20.
1.1620298950954504e-7	20.
1.191853302117047e-7	20.
1.2224421236579612e-7	20.
1.253816005006713e-7	20.
1.285995094993597e-7	20.
1.319000059116176e-7	20.
1.3528520926647797e-7	20.
1.3875729362344545e-7	20.
1.4231848864640063e-7	20.
1.4597108151276302e-7	20.
1.497174179873955e-7	20.
1.5355990385447665e-7	20.
1.5750100670734093e-7	20.
1.6154325785764213e-7	20.
1.6568925293196667e-7	20.
1.6994165461625558e-7	20.
1.7430319396835415e-7	20.
1.7877667173056172e-7	20.
1.8336496107405344e-7	20.
1.8807100855346196e-7	20.
1.92897836254686e-7	20.
1.9784854418134412e-7	20.
2.0292631156732434e-7	20.
2.0813439950188374e-7	20.
2.1347615260016574e-7	20.
2.1895500138965437e-7	20.
2.245744644579825e-7	20.
2.303381506007407e-7	20.
2.3624976120793073e-7	20.
2.4231309288906515e-7	20.
2.48532039501653e-7	20.
2.549105948956218e-7	20.
2.614528554190941e-7	20.
2.68163022543487e-7	20.
2.7504540548861103e-7	20.
2.821044243250607e-7	20.
2.8934461236066803e-7	20.
2.9677061924289273e-7	20.
3.0438721406121236e-7	20.
3.121992880915443e-7	20.
3.202118584952492e-7	20.
3.2843007082490757e-7	20.
3.36859202961969e-7	20.
3.45504668099819e-7	20.
3.5437201844278306e-7	20.
3.63466948547162e-7	20.
3.7279529949752603e-7	20.
3.8236306165113697e-7	20.
3.921763797688241e-7	20.
4.022415559980517e-7	20.
4.1256505404921293e-7	20.
4.2315350396853805e-7	20.
4.3401370559845255e-7	20.
4.451526334698073e-7	20.
4.5657744109749594e-7	20.
4.682954653953945e-7	20.
4.803142320458827e-7	20.
4.926414593181699e-7	20.
5.052850637957849e-7	20.
5.182531655074517e-7	20.
5.315540925806745e-7	20.
5.451963868499041e-7	20.
5.591888095840281e-7	20.
5.735403466172458e-7	20.
5.882602149118173e-7	20.
6.033578673309708e-7	20.
6.188429999175866e-7	20.
6.34725557144397e-7	20.
6.510157390733465e-7	20.
6.677240072024053e-7	20.
6.848610916249293e-7	20.
7.024379980697009e-7	20.
7.204660144636759e-7	20.
7.389567184493142e-7	20.
7.579219849019087e-7	20.
7.773739934469158e-7	20.
7.973252363352535e-7	20.
8.177885261992752e-7	20.
8.387770048826507e-7	20.
8.603041511963408e-7	20.
8.823837901064444e-7	20.
9.050301012061106e-7	20.
9.282576280227081e-7	20.
9.520812875636415e-7	20.
9.76516379504199e-7	20.
1.0015785960913347e-6	20.
1.027284032524745e-6	20.
1.0536491970992956e-6	20.
1.080691021466776e-6	20.
1.108426872090875e-6	20.
1.1368745612248712e-6	20.
1.1660523580086426e-6	20.
1.1959790007589042e-6	19.999995832639346
1.2266737084241864e-6	19.99994759596418
1.2581561933523652e-6	19.999894966937383
1.2904466738195418e-6	19.999837945236646
1.3235658869168975e-6	19.999776530531399
1.3575351020341553e-6	19.99971072248259
1.3923761344623689e-6	19.999640520742467
1.4281113592353542e-6	19.999565924954393
1.4647637256870589e-6	19.999486934752561
1.502356772366899e-6	19.999403549761794
1.5409146415971275e-6	19.999315769597299
1.5804620955813987e-6	19.999223593864425
1.6210245317973953e-6	19.999127022158401
1.6626279998213293e-6	19.999026054064082
1.7052992176751499e-6	19.998920689155668
1.7490655888896898e-6	19.998810926996466
1.7939552206417148e-6	19.998696767138576
1.83999694129436e-6	19.998578209122613
1.8872203191307923e-6	19.998455252477431
1.9356556812071974e-6	19.998327896719811
1.985334133160346e-6	19.998196141354121
2.0362875786571937e-6	19.998059985872054
2.0885487402763527e-6	19.997919429752255
2.142151180628208e-6	19.99777447246003
2.1971293234750363e-6	19.997625113446951
2.2535184759250247e-6	19.997471352150548
2.3113548517001983e-6	19.997313187993939
2.3706755934497646e-6	19.997150620385447
2.4315187974499086e-6	19.996983648718242
2.493923537468334e-6	19.996812272369937
2.55792989029932e-6	19.996636490702176
2.623578961179454e-6	19.996456303060281
2.6909129103965943e-6	19.996271708772749
2.759974980018152e-6	19.996082707150908
2.830809522409217e-6	19.995889297488414
2.9034620277960994e-6	19.99569147906082
2.97797915397768e-6	19.995489251125129
3.0544087563947313e-6	19.99528261291929
3.1327999186765263e-6	19.995071563661721
3.2132029839033834e-6	19.99485610255082
3.295669587539733e-6	19.994636228764438
3.380252690128535e-6	19.994411941459354
3.46700661153689e-6	19.994183239770742
3.5559870654403008e-6	19.993950122811615
3.647251195835417e-6	19.993712589672253
3.7408576129561647e-6	19.993470639419623
3.83686643145701e-6	19.993224271096789
3.935339308834866e-6	19.992973483722288
4.036339484805585e-6	19.992718275583947
4.1399318225896065e-6	19.992458572986798
4.2461828494816755e-6	19.992194169148451
4.355160800761596e-6	19.991924842865732
4.466935662650399e-6	19.991650372907682
4.581579217533646e-6	19.99137053801493
4.699165090377955e-6	19.991085116898898
4.819768795505497e-6	19.990793888241093
4.94346778527766e-6	19.990496630692356
5.070341499971929e-6	19.990193122872022
5.20047141861336e-6	19.989883143367202
5.333941111476561e-6	19.989566470731873
5.4708362935422625e-6	19.989242883486099
5.611244879863049e-6	19.988912160115149
5.7552570415256976e-6	19.988574079068588
5.9029652639999825e-6	19.988228418759395
6.054464406561372e-6	19.987874957563015
6.209851762787639e-6	19.987513473816414
6.369227123322594e-6	19.987143745817082
6.532692840191024e-6	19.986765551822053
6.700353891710231e-6	19.986378670046843
6.87231795110059e-6	19.985982878664423
7.048695454738124e-6	19.985577955804121
7.229599673151507e-6	19.985163679550499
7.4151467841668865e-6	19.984739827942239
7.605455947365229e-6	19.984306178970964
7.800649380329537e-6	19.983862510580021
8.000852437517142e-6	19.983408600663296
8.206193690563883e-6	19.982944227063893
8.416805010855406e-6	19.982469167572912
8.63282165424628e-6	19.98198319992807
8.854382347807602e-6	19.981486101812379
9.081629379319008e-6	19.980977650852715
9.314708688192576e-6	19.980457624618445
9.553769959260456e-6	19.979925800619917
9.79896671930694e-6	19.97938195630697
0.000010050456434913064	19.978825869067403
0.000010308400614477513	19.978257316225406
0.000010572964911311433	19.977676075039923
0.000010844319230074276	19.977081922703004
0.00001112263783631203	19.976474636338104
0.000011408099467904613	19.975853992998335
0.00001170088744985432	19.975219769664683
0.000012001189812534598	19.974571743244173
0.000012309199411967326	19.973909690567986
0.000012625114053679785	19.973233388389548
0.000012949136619902636	19.972542613382537
0.000013281475200108952	19.971837142138856
0.000013622343223939705	19.971116746363723
0.000013971959599021476	19.970381052367319
0.000014330548851170624	19.969629518580437
0.000014698341268296448	19.96886159401533
0.0000150755730491966	19.968076727591992
0.00001546248645426164	19.967274368135804
0.000015859329961668443	19.966453964375159
0.00001626635842667601	19.965614964939036
0.000016683833245455516	19.964756818354466
0.000017112022522977334	19.963878973043975
0.00001755120124471642	19.962980877322956
0.000018001651454085137	19.962061979396967
0.0000184636624329685	19.961121727358979
0.00001893753088750961	19.960159569186502
0.000019423561138906662	19.959174952738746
0.000019922065318744164	19.958167325753575
0.000020433363569455082	19.957136135844507
0.000020957784249913856	19.956080830497569
0.00002149566414604093	19.955000857068086
0.000022047348687850767	19.953895662777388
0.0000226131921701988	19.952764694709483
0.000023193557981403737	19.951607399807575
0.000023788818835926815	19.950423224870519
0.0000243993570136138	19.949211616549235
0.00002502556460609635	19.947972021342963
0.000025667843767489004	19.946703885595461
0.000026326606973438746	19.945406655491126
0.000027002277285544105	19.944079777050973
0.000027695288623530212	19.942722696128545
0.000028406086043390012	19.941334858405735
0.00002913512602352009	19.939915709388444
0.00002988287675777719	19.938464694402214
0.000030649818456171425	19.936981258587679
0.00003143644365343477	19.935464846895972
0.00003224325752498755	19.933914904083927
0.00003307077821149615	19.932330874709265
0.0000339195371519027	19.930712203125608
0.00003479007942409135	19.929058333477343
0.000035682964095816284	19.927368709694409
0.00003659876458290852	19.925642775486949
0.000037538069017982964	19.923879974339808
0.00003850148062797548	19.922079749506896
0.00003948961812182227	19.920241544005425
0.000040503116087207875	19.918364800609996
0.00004154262539876813	19.916448961846573
0.000042608813635600195	19.914493469986244
0.00004370236551022774	19.91249776703885
0.000044823983308424323	19.91046129474655
0.00004597438733977595	19.908383458908102
0.000047154316400772406	19.90626317522311
0.000048364528248995646	19.904099003302157
0.00004960580008971781	19.901889494459588
0.000050878929075385916	19.899633199710792
0.000052184732817039046	19.897328669764882
0.00005352404990968609	19.894974455017284
0.000054897740471047745	19.892569105542048
0.00005630668669330467	19.890111171084048
0.000057751793410357545	19.887599201050939
0.00005923398867845133	19.885031744505003
0.000060754224372430786	19.882407350154718
0.00006231347679667262	19.879724566346205
0.00006391274731272291	19.876981941054382
0.00006555306298161117	19.874178021874023
0.0000672354772240628	19.871311356010516
0.00006896107049670081	19.868380490270436
0.00007073095098590729	19.86538397105193
0.00007254625531958329	19.862320344334794
0.00007440814929728437	19.85918815567042
0.00007631782863861262	19.855985950171434
0.00007827651975105806	19.852712272501094
0.00008028548051788656	19.849365666862532
0.00008234600110607368	19.8459446769876
0.00008445940479404626	19.84244784612558
0.00008662704882281123	19.838873717031571
0.00008885032526617598	19.835220831954647
0.00009113066192590718	19.831487732625678
0.00009346952324800993	19.827672960244914
0.000095868411263229	19.82377505546933
0.00009832886655201164	19.819792558399556
0.00010085246923369269	19.815724008566608
0.0001034408399810954	19.811567944918288
0.00010609564106162195	19.807322905805258
0.0001088185774045951	19.802987428966798
0.00011161139769616303	19.798560051516244
0.00011447589550248398	19.794039309926109
0.00011741391042119027	19.789423740012829
0.00012042732926351822	19.784711876921165
0.00012351808726495617	19.779902255108304
0.00012668816932930296	19.774993408327525
0.00012993961130219908	19.769983869611565
0.00013327450127938057	19.764872171255512
0.00013669498094750828	19.759656844799426
0.00014020324695912322	19.7543364210105
0.0001438015523439954	19.74890942986481
0.0001474922079556729	19.743374400528683
0.00015127758395537885	19.737729861339659
0.00015516011133444971	19.731974180721757
0.00015914228347555353	19.726104547611083
0.00016322665775376163	19.720117620623082
0.0001674158571787871	19.714010054966501
0.00017171257207994038	19.707778504946806
0.00017611956183356413	19.701419623946098
0.000180639656634975	19.694930064402719
0.0001852757593165838	19.688306477790359
0.0001900308472114771	19.681545514596856
0.00019490797406592153	19.674643824302493
0.00019991027200019366	19.667598055357971
0.0002050409535202412	19.660404855161843
0.00021030331358089179	19.653060870037614
0.00021570073170168306	19.645562745210352
0.00022123667413698442	19.637907124782867
0.00022691469610255856	19.630090651711448
0.0002327384440585626	19.622109967781132
0.0002387116580510173	19.613961713580526
0.00024483817411413103	19.60564252847616
0.00025112192673359723	19.597149050586342
0.00025756695137337194	19.588477916754584
0.00026417738706736285	19.579625762522504
0.00027095747907710346	19.57058922210226
0.0002779115816188734	19.561364928348471
0.00028504416065930983	19.551949512729664
0.00029235979678380594	19.54233960529919
0.0002998631881381727	19.532531834665676
0.0003075591534458334	19.522522827962892
0.0003154526351020991	19.512309210819161
0.0003235487023486298	19.501887607326221
0.00033185255452879646	19.491254640007568
0.00034036952442680686	19.480406929786259
0.00034910508169214816	19.469341095952192
0.0003580648363525658	19.458053756128798
0.00036725454241665463	19.446541526239304
0.0003766801015692829	19.43480102047231
0.00038634756696151923	19.422828851246905
0.0003962631470981666	19.41062162917725
0.0004064332098246912	19.398175963036511
0.00041686428641700765	19.385488459720346
0.00042756307577543367	19.372555724209754
0.0004385364487272273	19.359374359533412
0.0004497914524390209	19.345940966729433
0.00046133531494213465	19.332252144806592
0.0004731754497749451	19.318304490704936
0.0004853194607437413	19.304094599255912
0.0004977751468056485	19.289619063141863
0.000510550507077675	19.27487447285506
0.0005236537459735549	19.25985703287067
0.0005370932784724407	19.244561296125166
0.0005508777355233876	19.228981370383302
0.0005650159695882489	19.213111361160348
0.0005795170603262107	19.196945371691232
0.0005943903204256876	19.180477502894053
0.0006096453015840608	19.163701853333297
0.0006252918006427737	19.146612519183069
0.000641339865877905	19.12920359419017
0.0006577998034542136	19.111469169637164
0.0006746821840430149	19.093403334305339
0.0006919978496112831	19.075000174437786
0.0007097579203842501	19.056253773702437
0.0007279738019866309	19.037158213155195
0.0007466571927679617	19.017707571203168
0.0007658200913148005	18.997895923568091
0.0007854748041563469	18.977717343249857
0.000805633953668139	18.95716590049043
0.0008263104861780027	18.93623566273784
0.0008475176802800979	18.914920694610696
0.0008692691553627937	18.893215057862978
0.0008915788803549012	18.871112811349278
0.0009144611826968323	18.848608010990567
0.0009379307575414521	18.825694709740489
0.0009620026771919087	18.80236695755228
0.0009866924007802538	18.77861880134639
0.0010120157841966434	18.754444284978817
0.0010379890902707841	18.729837449210304
0.0010646289992172044	18.704792331676444
0.001091952619346494	18.679302966858735
0.0011199774980526571	18.653363386056743
0.0011487216330824264	18.626967617361409
0.001178203484093096	18.60010968562959
0.0012084419845077093	18.572783612460004
0.0012394565536742804	18.544983416170567
0.0012712671093365673	18.516703111777314
0.0013038940804258215	18.487936710975024
0.0013373584201803199	18.45867822211957
0.0013716816196013841	18.428921650212253
0.0014068857212554365	18.398660996886125
0.0014429933334293718	18.367890260394493
0.0014800276446500992	18.336603435601763
0.0015180124385763742	18.304794513976766
0.0015569721092724604	18.272457483588603
0.0015969316768748418	18.2395863291054
0.0016379168036591437	18.20617503179589
0.0016799538105220556	18.172217569534187
0.0017230696938833922	18.137707918536652
0.001767292143024278	18.102640783238545
0.0018126495578692104	18.067012728650358
0.0018591710672240579	18.030820608603246
0.001906886547483829	17.994061273152404
0.0019558266418183306	17.956731568575726
0.0020060227798522987	17.918828337375551
0.002057507197849189	17.880348418283763
0.002110312959413547	17.841288646270232
0.0021644739767249575	17.801645852555097
0.0022200250323162266	17.76141686462476
0.0022770018014114267	17.720598506252081
0.00233544087483609	17.679187597520798
0.002395379782516862	17.637180954854529
0.0024568570175826547	17.594575391050551
0.0025199120610856847	17.551367715318545
0.002584585407356353	17.50755473332471
0.0026509185900087926	17.463133247241341
0.0027189542086141407	17.41810005580232
0.002788735956058134	17.372451954364635
0.00286030864660115	17.326185734976487
0.0029337182446578895	17.279298186451918
0.003009011894316259	17.231786094452744
0.0030862379496134733	17.183646241577708
0.0031654460055894336	17.134875407459553
0.0032466869301368147	17.085470368870116
0.0033300128966686398	17.035427899834008
0.003415477417624685	16.984744771751185
0.0035031353788372546	16.933417753528879
0.0035930430747792234	16.881443611723213
0.003685258244716665	16.828819110691114
0.003779840109789692	16.775541012752804
0.0038768494110439406	16.721606078365497
0.003976348448439666	16.667011066308685
0.00407840112086028	16.61175273388162
0.00418307296714934	16.555827837113426
0.004290431208199841	16.499233130986557
0.004400544790123248	16.441965369673909
0.004513484428528252	16.384021306790526
0.0046293226539335436	16.325397695660168
0.004748133858348063	16.266091289597696
0.004869994343046126	16.206098842207627
0.004994982367568016	16.145417107699856
0.005123178199979172	16.084042841222978
0.005254664168418428	16.021972799216162
0.005389524713970024	15.959203739780149
0.005527846444892191	15.895732423068377
0.005669718192237032	15.831555611698759
0.005815231066898828	15.766670153797433
0.005964478518125948	15.701077972508916
0.0061175563935342	15.634788919731603
0.006274563000661228	15.567813534846538
0.006435599170099563	15.500162354712579
0.0066007683202514884	15.431845913760586
0.006770176523744177	15.362874744091913
0.006943932575550657	15.293259375581481
0.007122148062858266	15.223010335985263
0.007304937436730993	15.15213815105254
0.007492418085610349	15.080653344642718
0.0076847104107029725	15.008566438847081
0.007881937903303288	14.935887954115211
0.008084227224099896	14.86262840938652
0.00829170828451834	14.788798322226581
0.008504514330150216	14.714408208968669
0.008722782026325565	14.639468584860254
0.008946651545879014	14.563989964214798
0.009176266659170033	14.487982860568593
0.009411774826413291	14.411457786843011
0.009653327292378274	14.334425255511894
0.009901079183519746	14.256895778774384
0.010155189607600635	14.17887986873297
0.01041582175587234	14.10038803757703
0.010683143007877057	14.021430797771584
0.010957325038939626	13.942018662251588
0.011238543930418834	13.862162144621417
0.011526980282787746	13.781871759359888
0.011822819331616564	13.701158022030397
0.012126251066531849	13.620031449496519
0.012437470353229129	13.538502560142708
0.012756677058616614	13.456581874100312
0.013084076179171459	13.374279913478496
0.013419877972589103	13.291607202600416
0.01376429809281251	13.208574268244074
0.014117557728525859	13.12519163988817
0.01447988374520439	13.041469849962416
0.01485150883080717	12.957419434102565
0.015232671645212198	12.87305093140959
0.015623616973484359	12.788374884713175
0.016024595883078196	12.70340184083898
0.01643586588507485	12.61814235087979
0.016857691099556982	12.532606970469997
0.017290342425228974	12.446806260063246
0.017734097713389053	12.360750785213083
0.01818924194636746	12.274451116855978
0.01865606742054354	12.187917831596698
0.019134873934060465	12.101161511995278
0.019625968979357342	12.014192831995089
0.02012966794064273	11.927024365645243
0.020646294296436257	11.839670548819681
0.021176179827308413	11.752145896101945
0.02171966482895221	11.664464922449406
0.022277098330723024	11.576642143054556
0.022848838319787516	11.488692073184596
0.02343525197102479	11.400629227997436
0.024036715882828682	11.312468122333041
0.024653616318961392	11.224223270478184
0.025286349456614385	11.13590918590333
0.02593532164083586	11.047540380969563
0.026600949645487725	10.959131366604218
0.027283660940900942	10.870696651942927
0.027983893968398735	10.782250743936578
0.02870209842186704	10.693808146920798
0.02943873553654952	10.605383362146297
0.030194278385257466	10.516990887267447
0.030969212182177772	10.428645215787373
0.0317640345944825	10.340360836456737
0.032579256061932085	10.252152232624246
0.03341540012468424	10.164033881536037
0.03427300375951312	10.076020253581662
0.03515261772466085	9.988125811483743
0.03605480691353585	9.900365009428787
0.03698015071749244	9.812752292136073
0.03792924339791855	9.725302093861966
0.03890269446787424	9.638028837336293
0.03990112908352445	9.550946932628031
0.04092518844561889	9.46407077593674
0.04197553021127375	9.377414748306828
0.04305282891632427	9.290993214260853
0.04415777640851467	9.204820520348816
0.04529108229180817	9.118910993609477
0.04645347438209788	9.033278939940416
0.047645699174614795	8.947938642372852
0.04886852232333228	8.862904359247485
0.05012272913267267	8.778190322287623
0.051409125061835176	8.693810734565336
0.052728536242066436	8.609779768356972
0.05408181000720703	8.526111562883562
0.05546981543785427	8.442820221932326
0.056893443919491436	8.359919811354716
0.05835360971493997	8.277424356437093
0.059851250551506315	8.195347839139373
0.06138732822319377	8.11370419519768
0.06296282920837482	8.032507311086242
0.06457876530331119	7.951771020834603
0.0662361742719376	7.871508596297777
0.06793612051231848	7.791727733147097
0.06967969574021207	7.712432703047575
0.07146801969017534	7.633627713106601
0.07330224083466667	7.555316954652204
0.07518353712159868	7.477504602128906
0.07711311673082688	7.400194811934149
0.0790922188500468	7.323391721193844
0.08112211447061107	7.247099446474754
0.08320410720376446	7.1713220824321935
0.0853395341178341	7.096063700390896
0.08752976659689998	7.021328346857462
0.08977621122150863	6.947120041962348
0.09208031067198517	6.873442777829905
0.094443544654934	6.8003005168744455
0.09686743085351256	6.727697190020989
0.09935352590209945	6.65563669484876
0.1019034263859716	6.584122893656261
0.1045187698666438	6.513159611446114
0.10720123593351795	6.442750633828666
0.10995254728252786	6.372899704842795
0.11277447082246302	6.30361052469307
0.11566881880969022	6.234886747401995
0.11863745001199283	6.166731978376736
0.12168227090228582	6.0991497718893495
0.12480523688296165	6.03214362847025
0.128008353541662	5.965716992214298
0.13129367793928073	5.899873247999483
0.13466331993101657	5.8346157186182825
0.13811944352133917	5.769947661821759
0.14166426825372225	5.705872267277188
0.14530007063605094	5.6423926534396704
0.1490291856026058	5.579511864339065
0.15285400801357554	5.517232866283258
0.15677699419304617	5.455558544479696
0.1608006635064719	5.394491699576805
0.1649275999786223	5.334035044127897
0.16916045395306326	5.274191198979861
0.1735019437942188	5.214962689589946
0.1779548576331262	5.156351942273679
0.1825220551579854	5.098361280388029
0.18720646945067354	5.040992920453614
0.1920111088703821	4.98424896822092
0.19693905898560937	4.928131414685201
0.20199348455572516	4.8726421320558355
0.20717763156340424	4.817782869685797
0.21249482929921054	4.763555249967851
0.2179484924996931	4.709960764204118
0.2235421235403447	4.657000548415658
0.2292793146848551	4.604674266975548
0.23516375039207785	4.552980963915735
0.24119920968221822	4.5019195678954285
0.24738956856373692	4.4514888903691885
0.2537388025225527	4.401687622871745
0.26025098907511596	4.3525143343509844
0.2669303103870224	4.3039674685570946
0.2737810559588172	4.25604534149654
0.28080762538074616	4.208746138959422
0.288014531158191	4.162067914129381
0.29540640160963566	4.116008585285054
0.3029879838389929	4.070565933602697
0.3107641467842305	4.025737601069284
0.31873988434422457	3.9815210885160655
0.3269203185858809	3.937913753782145
0.33531070303354815	3.8949128100181905
0.34391642604286804	3.852515324140057
0.352743014261212	3.8107182154423294
0.36179613617692036	3.769518254381745
0.37108160575964855	3.7289120615401834
0.38060538619412415	3.688896106777075
0.39037359370975067	3.6494667085806243
0.4003925015084759	3.610620033627297
0.4106685437934918	3.5723520965584505
0.4212083199013064	3.534658759983015
0.4320185985398904	3.497535734714378
0.44310632213556955	3.460978580249585
0.4544786112915058	3.42498270549813
0.466142769360578	3.3895433697674076
0.4781062871356537	3.3546556840109916
0.49037684766020745	3.320314612345598
0.5029623311624312	3.2865149738415687
0.5158708201159514	3.253251444591279
0.5291106044304564	3.2205185600588124
0.5426901867755113	3.188310717713659
0.5566182880410397	3.156622179950073
0.5709038529379161	3.1254470772930536
0.5855560557423293	3.094779411890691
0.6005843061875416	3.064613061291924
0.6159982555068931	3.0349417825074174
0.6318078026318658	3.0057592163505538
0.6480231005492532	2.9770588920541328
0.6646545628214537	2.948834232157648
0.6817128702741406	2.921078557658566
0.6992089778555342	2.89378509342028
0.7171541216717554	2.8669469738280267
0.7355598262027011	2.840557248744002
0.7544379117031557	2.8146100894809294
0.7738005017938081	2.789103792187669
0.793660031247137	2.764037322812912
0.8140292539730744	2.739409349928152
0.8349212512096664	2.7152182489690766
0.8563494399238998	2.69146210698512
0.8783275814281841	2.668138727891729
0.9008697902179273	2.6452456382182516
0.9239905430359604	2.6227800933422634
0.9477046881695982	2.600739084199439
0.9720274549862762	2.5791193444562155
0.996974463713967	2.5579173581305774
1.0225617354725773	2.537129367644708
1.0488057025627837	2.5167513822914525
1.0757232190189983	2.4967791870948353
1.1033315714331031	2.47720835204353
1.1316484900560186	2.4580342416744823
1.1606921601841471	2.43925202498268
1.1904812338381263	2.4208566856316485
1.2210348417412396	2.4028430324382795
1.252372605605298	2.385205710104395
1.284514650731788	2.367939210166643
1.3174816189365133	2.3510378821354734
1.351294681805859	2.3344959447934124
1.3859755542933327	2.3183074976222233
1.4215465086649968	2.3024665323283062
1.458030388802914	2.2869669444353518
1.4954506248755857	2.2718025449133488
1.533831248384969	2.2569670718129764
1.57319690759961	2.2424542018747564
1.6135728833839744	2.2282575620825567
1.6549851054339304	2.214370741131729
1.6974601689289766	2.2007873007825918
1.7410253516117806	2.187500787070885
1.785708631306183	2.1745047413475582
1.8315387038846749	2.1617927111214086
1.8785450016970886	2.1493582606790054
1.9267577124721753	2.1371949814577023
1.9762077987044282	2.1252965021486356
2.0269270175383305	2.113656498508186
2.0789479411630123	2.1022687028576197
2.1323039777302517	2.0911269132522707
2.1870293928094764	2.080225002303029
2.243159331393263	2.069556925634664
2.3007298404676946	2.059116729966962
2.3597778921618895	2.0488985608064176
2.4203414074918195	2.0388966697377784
2.482459280713373	2.0291054193381184
2.5461714043004253	2.019518950588366
2.6115186945641304	2.0101308318192648
2.6785431179295576	2.0009347340978687
2.747287717886816	1.9919245315125884
2.8177966426337693	1.983094304206646
2.89011517342839	1.9744383409289419
2.9642897536685826	1.9659511411101045
3.040368018718451	1.9576274164727858
3.118398826499937	1.9494620921865558
3.1984322888697965	1.9414503075788738
3.280519803801655	1.933587416414773
3.364714088394142	1.925868986758783
3.451069212726034	1.9182908004335597
3.539640634580529	1.91084885209044
3.6304852350604775	1.9035393479078764
3.7236613551178177	1.8963587039342573
3.8192288330203836	1.889303544092152
3.9172490427805626	1.8823706978613937
4.017784933569948	1.875557197658803
4.120901070145738	1.8688602759325008
4.2266636743144925	1.8622773619889843
4.335140667460355	1.855806078571154
4.446401714164461	1.8494442382055223
4.560518266944008	1.8431898393367168
4.677563612139378	1.837041062267281
4.797612916979247	1.8309962649205045
4.920743277853316	1.8250539784438393
5.047033769824142	1.8192129026700468
5.176565497409482	1.813471901452908
5.309421646668311	1.8078299978938506
5.44568753862328	1.802286369475479
5.5854506840544635	1.7968403431173916
5.7288008396991525	1.7914913901692404
5.875830065894408	1.7862391213553468
6.026632785698618	1.781083281684698
6.181305845530634	1.7760237453394778
6.339948577364947	1.7710605105547357
6.5026628625235565	1.7661936945011103
6.669553197104631	1.761423528181975
6.840726759090405	1.756750351355675
7.016293477177792	1.7521746074929019
7.196366101375084	1.7476968387786567
7.381060275410783	1.7433176811675688
7.570494611000495	1.7390378595007598
7.764790764020402	1.7348581826917873
7.964073512635197	1.7307795389886496
8.168470837431483	1.726802891318194
8.37811400360745	1.7229291660893664
8.593137645272522	1.7191550907390307
8.813679851909978	1.7154721541449867
9.03988225705895	1.7118721317989463
9.27189012927212	1.7083474535542402
9.509852465408402	1.7048911697383062
9.753922086319411	1.7014969181748782
10.004255734992052	1.6981588921293753
10.26101417720953	1.6948718091878894
10.524362304796544	1.6916308810772671
10.794469241513516	1.688431784430994
11.071508451669061	1.6852706325029996
11.355657851519487	1.6821439478290838
11.64709992352817	1.6790486358333583
11.946021833556571	1.6759819593750322
12.252615551063462	1.6729415142288815
12.567077972388521	1.669925205490938
12.889611047200871	1.6669312248992902
13.220421908192032	1.6639580290583629
13.559723004097979	1.6610043185536525
13.907732236134619	1.658069017942669
14.264673097935823	1.655151256606684
14.63077481908205	1.6522503504469108
15.006272512313126	1.6493657844078466
15.39140732451868	1.6464971958097219
15.78642659160474	1.6436443584713403
16.191583997333957	1.640807167604031
16.607139736243045	1.6379856254569305
17.033360680740838	1.635179827693446
17.470520552496048	1.632389950478419
17.91890009822266	1.6296162382553008
18.378787269976765	1.626858992192485
18.850477410081865	1.6241185592778251
19.334273440799013	1.6213953220403796
19.830486058865564	1.618689688878421
20.33943393502597	1.6160020849728443
20.86144391868486	1.6133329437652155
21.396851247811185	1.61068269897992
21.945999764230336	1.6080517771700287
22.509242134440836	1.6054405907668132
23.08694007609983	1.6028495316130533
23.679464590319714	1.6002789649606752
24.287196199927653	1.5977292239135308
24.910525193838925	1.5952006042965359
25.54985187770387	1.5926933599327446
26.205586830985908	1.5902076983103584
26.87815117063851	1.5877437766220697
27.56797682154832	1.5853016981595842
28.275506793921014	1.5828815678591703
29.00119546778443	1.5804844134948037
29.745508884794553	1.5781119691808545
30.508925047529427	1.5757658527605636
31.29193422646659	1.573447542507791
32.09503927483686	1.57115837961318
32.918755951560215	1.5688995707319144
33.76361325246834	1.5666721905852772
34.6301537500303	1.5644771846086
35.51893394179503	1.5623153716386045
36.4305246077778	1.5601874466335133
37.36551117701767	1.5580939834196739
38.32449410354504	1.5560354374587977
39.308089251995824	1.5540121486302725
40.31692829312404	1.552024344023315
41.351659109463434	1.5500721407340858
42.41294621140321	1.548155548663151
43.50147116393954	1.5462744733090221
44.617933024381344	1.5444287185537457
45.76304879128783	1.542617989436817
46.937553864931154	1.5408418949139329
48.1422025195741	1.539099950597369
49.37776838786845	1.537391581474985
50.645044957688626	1.5357161246051019
51.94484608171304	1.5340728317847148
53.278006500085894	1.5324608721887065
54.64538237649092	1.5308793349779257
56.04785184798703	1.529327231874181
57.48631558895183	1.5278034997003924
58.96169738950088	1.5263070028842922
60.47494474874971	1.524836535924248
62.027029483305874	1.5233908258159163
63.61894835137386	1.5219685344385918
65.25172369288012	1.5205682609002529
66.92640408602408	1.5191885438404287
68.64406502068417	1.5178278636901275
70.4058095891021	1.51648464488821
72.21276919429633	1.5151572580536614
74.06610427665392	1.513844022113346
75.96700505917536	1.512543206384909
77.91669231184102	1.5112530326145885
79.91641813559801	1.5099716769697793
81.9674667664648	1.508697271986268
84.0711554002787	1.5074279084701336
86.22883503860479	1.5061616373543811
88.44189135635833	1.5048964715104305
90.7117455916913	1.5036303875146493
93.03985545872376	1.5023613273701617
95.42771608369411	1.5010874336216662
97.87686096513966	1.4998088591992091
100.38886295871583	1.4985267426860787
102.96533528729772	1.497242142713262
105.60793257699885	1.495956034031192
108.31835191978348	1.4946693125585044
111.09833396334629	1.4933828002151261
113.94966402897145	1.4920972495472293
116.87417325807377	1.490813348151414
119.87373978817018	1.489531722905238
122.95028995902787	1.4882529440110446
126.10579954977631	1.486977528859821
129.34229504776107	1.4857059457216362
132.66185494996827	1.4844386172690094
136.06661109784397	1.4831759239393745
139.5587500463813	1.481918207142616
143.14051446833668	1.4806657723194838
146.81420459448458	1.4794188918564986
150.58217969084572	1.4781778078627934
154.44685957381796	1.4769427348141777
158.4107261641994	1.4757138620695158
162.47632508108788	1.4744913562643842
166.6462672767003	1.473275363586771
170.92323071313697	1.4720660119394726
175.3099620821878	1.4708634129936462
179.80927856926917	1.4696676641378577
184.42406966264488	1.4684788503268111
189.1572990090682	1.4672970458337988
194.01200631705635	1.4661223159107877
198.99130930900392	1.4649547183599112
204.0984057234117	1.4637943050200117
209.33657536848784	1.4626411231717544
214.70918222846356	1.4614952168647062
220.21967662395824	1.4603566281696603
225.87159742780491	1.4592253983593522
231.6685743377302	1.4581015690206398
237.61433020737104	1.4569851831010605
243.71268343710707	1.455876285892614
249.96755042627078	1.454774925955493
256.3829480882758	1.453681155984394
262.9629964303068	1.4525950336199416
269.7119211992056	1.4515166222076623
276.6340565952823	1.4504459915068568
283.73384805575745	1.4493832183516349
291.0158551096531	1.4483283872662847
298.48475430594107	1.4472815910370675
306.14534221686387	1.4462429312424558
314.0025385183138	1.4452125187437403
322.0613891492832	1.4441904053071606
330.32706955238734	1.443176307257285
338.8048879975796	1.4421698456904903
347.5002889911444	1.4411706558478998
356.4188567721974	1.4401783872661496
365.56631889890764	1.439192703869698
374.94854992678495	1.4382132840449715
384.5715751813475	1.437239820697323
394.4415746276145	1.4362720212917464
404.5648868389327	1.435309607878238
414.9480130676364	1.434352317102674
425.5976214201961	1.4333999002040263
436.5205511395052	1.4324521229987115
447.7238169971011	1.4315087658528185
459.21461379808176	1.4305696236429544
471.0003210016595	1.4296345057063904
483.08850746028116	1.428703235781174
495.48693628041036	1.42777565193684
508.2035698080288	1.42685160649633
521.2465747421096	1.425930965949691
534.6243273793065	1.4250136108601152
548.3454189932831	1.4240994357628403
562.4186613520679	1.4231883490574206
576.8530923770314	1.422280272893845
591.6579819470778	1.4213751430529646
606.8428378518424	1.4204729088216612
622.4174118976345	1.4195735328631767
638.3917061701152	1.4186769910830048
654.77597945768	1.4177832724907147
671.5807538397406	1.4168923790580685
688.8168214440509	1.41600432557378
706.4952513774856	1.4151191394952327
724.6273968346682	1.4142368607974753
743.2249023890906	1.4133575418197772
762.2997114713088	1.4124812471100334
781.8640740390974	1.4116080532672781
801.9305544444235	1.4107380487825607
822.5120395023835	1.4098713338784188
843.6217467671709	1.4090080203471784
865.2732330204818	1.4081482313882907
887.4804029777378	1.4072921014449107
910.2575182178135	1.4064397760399048
933.6192063418868	1.4055914116114727
957.580470367383	1.4047471753485499
982.1566983629784	1.4039072450261498
1007.3636733309511	1.4030718088408065
1033.2175833430997	1.4022410652462438
1059.7350319367997	1.4014152227150136
1086.9330487779396	1.4005944022193437
1114.8291005974445	1.3997784457590767
1143.4411024085339	1.3989671524220908
1172.7874290118177	1.3981603315995017
1202.886926795753	1.3973578027708253
1233.7589258398773	1.396559395292896
1265.423252328718	1.395764948192495
1297.9002412842542	1.3949743099626621
1331.2107496252427	1.3941873383626397
1365.3761695616224	1.393403900221425
1400.4184423327404	1.3926238712448813
1436.3600722981068	1.391847135826373
1473.224141389893	1.3910735868608828
1511.0343239362464	1.3903031255625644
1549.8149018651081	1.3895356612857
1589.5907802981715	1.3887711113490087
1630.3875035451656	1.3880094008632666
1672.2312715085236	1.3872504625622002
1715.1489565091401	1.3864942366366004
1759.1681205438917	1.3857406705716226
1804.3170329861887	1.3849897189872198
1850.6246887406887	1.384241343481673
1898.120826864029	1.3834955124781667
1946.8359496633707	1.3827522010743722
1996.8013422852493	1.382011390894988
2048.049092807026	1.3812730699471976
2100.61211284408	1.380537232478997
2154.5241586857833	1.3798038788403517
2209.8198529740826	1.379073015347133
2266.5347069383124	1.378344654147796
2324.7051432007515	1.3776188130927498
2384.368519167386	1.376895515606385
2445.5631510191574	1.3761747905617008
2508.3283383187845	1.3754566721575032
2572.7043892492125	1.374741199798125
2638.7326464996972	1.3740284179756233
2706.4555138164433	1.3733183761544177
2775.916483234492	1.3726111286583194
2847.160163008505	1.3719067345599207
2920.2323062605788	1.371205257572294
2995.1798403630964	1.3705067659429642
3072.050897075808	1.3698113323501144
3150.8948434562544	1.369119033800982
3231.762313563721	1.368429951532411
3314.7052409766447	1.3677441709135147
3399.7768921447255	1.3670617813504162
3487.0319005968618	1.366382876193026
3576.5263020272755	1.3657075517379353
3668.317570281884	1.365035823324086
3762.464654268397	1.3643675574278509
3859.028015813557	1.363702608291303
3958.069668492249	1.363040833812044
4059.653217452888	1.3623820954519812
4163.8439002650875	1.3617262581483613
4270.708628815498	1.3610731902270132
4380.316032279207	1.3604227633177364
4492.736501193695	1.3597748522717914
4608.042232664117	1.3591293350814313
4726.3072767286	1.3584860928014368
4847.607583913814	1.3578450094725898
4972.02105401073	1.357205972047056
5099.627586102413	1.3565688703156105
5230.509129875542	1.355933596836678
5364.749738249215	1.3553000468671337
5502.4356213541005	1.3546681182948213
5643.655201897176	1.3540377115727522
5788.499171947172	1.353408729654937
5937.0605511777985	1.3527810779338159
6089.434746605389	1.3521546641792415
6245.71961385994	1.3515293984789838
6406.015520028426	1.3509051931807137
6570.4254081113995	1.3502819628354292
6739.0548631334395	1.3496596241422927
6912.012179950584	1.3490380958948398
7089.408432797749	1.3484172989285295
7271.357546621563	1.3477971560696
7457.976370243516	1.3471775920851978
7649.384751400818	1.3465585336347525
7845.705613713657	1.345939909222561
8047.065035627279	1.3453216491515563
8253.592331380443	1.3447036854782244
8465.420134051568	1.3440859519686537
8682.684480736852	1.3434683840556716
8905.524899913888	1.3428509187970583
9134.084501047804	1.3422334948347965
9368.5100664968	1.341616052355346
9608.952145777012	1.3409985330509013
9855.5651522461	1.340380880081625
10108.507462268555	1.339763038038816
10367.941516925684	1.3391449529090054
10634.033926336675	1.3385265720389437
10906.955576656344	1.3379078441014642
11186.881739819399	1.3372887190622023
11473.992186100835	1.3366691481471427
11768.47129956595	1.3360490838109782
12070.50819648261	1.335456302687903
12380.296846772995	1.3348977576742416
12698.03619858195	1.334340585542047
13023.930306043174	1.333784780127944
13358.188460323683	1.3332303353086972
13701.025324032058	1.332677245000867
14052.66106907566	1.3321255031604737
14413.32151805697	1.331575103782659
14783.238289297815	1.331026040901357
15162.648945586281	1.3304783085889647
15551.79714674053	1.3299319009560178
15950.932806089257	1.3293868121508698
16360.312250967108	1.3288430363593726
16780.198387329896	1.3283005678045636
17210.860868593874	1.327759400746353
17652.576268809542	1.3272195294812164
18105.62826027869	1.3266809483418889
18570.3077957307	1.3261436516970646
19046.913295173654	1.3256076339510965
19535.750837542222	1.3250728895437014
20037.134357263047	1.3245394129496673
20551.38584586489	1.3240071986785638
21078.83555876438	1.3234762412744552
21619.822227357472	1.3229465353156165
22174.69327655513	1.3224180754142525
22743.805047901027	1.3218908562162206
23327.523028417214	1.3213648724007547
23926.22208532147	1.3208401186801928
24540.28670676962	1.3203165897997073
25170.111248775436	1.3197942805370386
25816.100188469547	1.3192731857022302
26478.668383856355	1.3187533001373668
27158.24134023875	1.3182346187163159
27855.25548347942	1.317717136344471
28570.158440277304	1.3172008479584982
29303.409325635446	1.3166857485260834
30055.47903770777	1.316171833045685
30826.85056021194	1.315659096546287
31618.019272605656	1.315147534087155
32429.493268221464	1.3146371407575936
33261.793680567906	1.314127911676709
34115.45501800357	1.3136198419931717
34991.025507003076	1.31311292688498
35889.06744423044	1.3126071615592312
36810.157557649916	1.3121025412518887
37754.88737690314	1.3115990612275559
38723.86361319462	1.3110967167792504
39717.708548924245	1.31059550322818
40737.06043732143	1.3100954159235232
41782.573912333995	1.3095964502422082
42854.92040903978	1.3090986015886976
43954.788594845195	1.3086018653947735
45082.88481175215	1.3081062371193233
46239.93352997393	1.3076117122481317
47426.67781319625	1.307118286293669
48643.87979577593	1.306625954794887
49892.32117218894	1.306134713317013
51172.80369903786	1.3056445574513482
52486.14970994691	1.3051554828150655
53833.20264366861	1.3046674850510112
55214.82758574403	1.3041805598275091
56631.911824068295	1.3036947028381645
58085.36541871063	1.3032099098016698
59576.12178636131	1.3027261764616154
61105.13829977586	1.302243498586299
62673.396902608	1.301761871968537
64281.90474001827	1.30128129242548
65931.69480546957	1.3008017557984264
67623.82660411995	1.3003232579526425
69359.38683324604	1.299845794777179
71139.4900801247	1.299369362184694
72965.27953782874	1.298893956111273
74837.9277393904	1.2984195725162557
76758.63731081215	1.2979462073820598
78728.64174339837	1.2974738567140094
80749.20618591206	1.297002516540163
82821.62825705868	1.2965321829111451
84947.23887882818	1.2960628518999777
87127.40313121886	1.2955945196019139
89363.52112890118	1.295127182134273
91657.02892037744	1.2946608356362779
94009.3994102245	1.294195476268892
96422.14330499951	1.2937311002146605
98896.81008342617	1.29326770367755
101434.9889914765	1.2928052828827912
104038.31006299838	1.2923438340767244
106708.44516653048	1.2918833535266432
109447.10907898765	1.2914238375206413
112256.06058689805	1.2909652823674624
115137.10361591112	1.2905076843963483
118092.08838928638	1.2900510399568899
121122.91261611976	1.289595345418879
124231.52271006031	1.2891405971721646
127419.91503931393	1.2886867916265037
130690.1372087199	1.28823392521142
134044.28937473663	1.2877819943760616
137484.52559417125	1.2873309955890584
141013.0552075335	1.2868809253383828
144632.1442578848	1.2864317801312106
148344.1169461017	1.2859835564937843
152151.35712349796	1.2855362509712756
156056.30982274396	1.285089860127651
160061.4828280839	1.2846443805455376
164169.44828584528	1.2841998088260913
168382.8443562937	1.283756141588863
172704.37690787078	1.2833133754716706
177136.82125492176	1.2828715071304684
181683.02394001395	1.2824305332392194
186345.90456201113	1.281990450489768
191128.4576510528	1.281551255591714
196033.7545916619	1.2811129452722883
201064.94559520122	1.2806755162762284
206225.2617229663	1.2802389653656572
211518.01696118718	1.279803289319959
216946.61034929327	1.2793684849356608
222514.52816279075	1.2789345490263127
228225.34615217923	1.2785014784223685
234082.73183931402	1.2780692699710687
240090.44687271412	1.2776379205363246
246252.349443309	1.277207426998602
252572.3967622022	1.2767777862548064
259054.64760200938	1.2763489952181715
265703.26490343036	1.2759210508181436
272522.5184487075	1.2754939500002735
279516.7876037162	1.2750676897261028
286690.5641304136	1.2746422669730566
294048.4550714786	1.2742176787343327
301595.1857089746	1.2737939220187953
309335.60259896616	1.2733709938508677
317274.6766839989	1.2729488912704257
325417.5064854729	1.272527611332693
333769.32137793506	1.2721071511081379
342335.4849474284	1.271687507682367
351121.4984360107	1.2712686781560263
360133.00427469	1.2708506596446965
369375.7897070182	1.270433449278795
378855.7905057083	1.2700170442034737
388579.09478461696	1.2696014415785204
398551.9469085591	1.2691866385782617
408780.7515034934	1.268772632391464
419272.0775696009	1.2683594202212376
430032.6626999422	1.2679469992849406
441069.4174073686	1.2675353668140843
452389.4295625134	1.267124520054238
463999.9689456529	1.2667144562649364
475908.4919154102	1.2663051727195862
488122.64619725966	1.2658966667053744
500650.2757949632	1.265488935523177
513499.42602802324	1.2650819764874688
526678.3486984428	1.2646757869262328
540195.5073900677	1.2642703641808726
554059.5829039734	1.2638657056061224
568279.4788333134	1.2634618085699612
582864.3272812684	1.2630586704535236
597823.4947257215	1.2626562886510169
613166.5880344921	1.2622546605696328
628903.4606349072	1.2618537836294632
645044.2188417419	1.2614536552634175
661599.2283475368	1.261054272917138
678579.1208795357	1.260655634048917
695994.8010274277	1.2602577361296157
713857.4532463495	1.2598605766425812
732178.5490395904	1.2594641530835682
750969.8543256911	1.2590684629606563
770243.4369945676	1.2586735037941723
790011.6746575941	1.2582792731166101
810287.2625965569	1.257885768472554
831083.2219166755	1.257492987418599
852412.9079088117	1.2571009275232756
874290.018626331	1.256709586366973
896728.6036820504	1.2563189615418633
919743.0732710208	1.2559290506518257
943348.2074248183	1.2555398513123726
967559.165503381	1.2551513611505754
992391.4959304171	1.2547635778049913
1.017861146178734e6	1.25437649892559
1.0439844730117851e6	1.2539901221736822
1.070778252988058e6	1.2536044452218469
1.0982596932351252e6	1.2532194657538611
1.1264464425001391e6	1.252835181464629
1.155356602483976e6	1.2524515900601114
1.185008739466228e6	1.2520686892572572
1.2154218962286273e6	1.2516864767839337
1.2466156042844043e6	1.2513049503788591
1.2786098964215603e6	1.2509241077915323
1.3114253195680093e6	1.2505439467821695
1.3450829479869923e6	1.250164465121633
1.379604396811062e6	1.2497856605913684
1.41501183592347e6	1.2494075309833363
1.4513280041957614e6	1.249030074099949
1.4885762240908719e6	1.2486532877540035
1.526780416640919e6	1.24827716976862
1.565965116809452e6	1.247901717977175
1.6061554892479093e6	1.2475269302232403
1.647377344456579e6	1.2471528043605193
1.6896571553602107e6	1.2467793382527845
1.7330220743091134e6	1.2464065297738158
1.7774999505165096e6	1.2460343768073392
1.8231193479435418e6	1.2456628772469656
1.8699095636431708e6	1.24529202899613
1.917900646574949e6	1.2449218299680327
1.967123416902588e6	1.2445522780855784
2.0176094857869348e6	1.2441833712813177
2.0693912756867984e6	1.243815107497388
2.1225020411808747e6	1.243447484685456
2.176975890323982e6	1.2430805008066592
2.232847806551545e6	1.2427141538315487
2.290153671146113e6	1.2423484417400321
2.3489302862805678e6	1.241983362521318
2.4092153986526304e6	1.2416189141738578
2.471047723726126e6	1.2412550947052925
2.534466970594216e6	1.2408919021323956
2.5995138674808564e6	1.2405293344810193
2.666230187896635e6	1.240167389786039
2.7346587774660815e6	1.239806066091301
2.8048435814433163e6	1.2394453614495664
2.876829672933995e6	1.2390852739224603
2.950663281841448e6	1.238725801580417
3.0263918245559274e6	1.2383669425026296
3.10406393440564e6	1.238008694776995
3.183729492889295e6	1.237651056500066
3.2654396617104383e6	1.237294025776996
3.3492469156337217e6	1.2369376007214912
3.4352050761845564e6	1.2365817794557579
3.523369346213527e6	1.2362265601104543
3.6137963453481435e6	1.2358719408246386
3.706544146354206e6	1.235517919745721
3.8016723124305443e6	1.235164495029414
3.899241935460754e6	1.2348116648396839
3.9993156752469316e6	1.2344594273487017
4.101957799750076e6	1.2341077807367964
4.207234226363415e6	1.2337567231924058
4.3152125642448375e6	1.2334062529120307
4.425962157736079e6	1.2330563681001863
4.539554130895962e6	1.2327070669693565
4.656061433176758e6	1.2323583477399471
4.775558886272632e6	1.232010208640241
4.8981232321707895e6	1.2316626479063504
5.023833182435512e6	1.2313156637821732
5.152769468757267e6	1.2309692545193471
5.285014894798941e6	1.230623418377206
5.420654389373079e6	1.2302781536227336
5.559775060983528e6	1.2299334585305217
5.702466253767122e6	1.2295893313827244
5.848819604870871e6	1.2292457704690163
5.998929103302129e6	1.2289027740865481
6.152891150288742e6	1.2285603405399048
6.310804621188589e6	1.228218468141062
6.472770928987751e6	1.227877155209345
6.63889408942881e6	1.2275364000713862
6.8092807878102185e6	1.2271962010610833
6.984040447500329e6	1.226856556519558
7.163285300209553e6	1.2265174647951154
7.347130458066528e6	1.2261789242432035
7.53569398754364e6	1.2258409332263713
7.729096985280125e6	1.2255034901142297
7.927463655850837e6	1.2251665932834122
8.130921391531518e6	1.2248302411175338
8.339600854110716e6	1.2244944320071522
8.553636058801405e6	1.2241591643497296
8.77316446030671e6	1.223824436549593
8.998327041093925e6	1.223490247017895
9.229268401934415e6	1.223156594172577
9.46613685476686e6	1.2228234764383314
9.709084517944457e6	1.2224908922465616
9.958267413925998e6	1.2221588400353467
1.0213845569474565e7	1.2218273182494033
1.0475983118427401e7	1.221496325340049
1.0744848407104088e7	1.2211658597651656
1.1020614102419272e7	1.2208359199891616
1.1303457302770566e7	1.2205065044829382
1.159355965177189e7	1.2201776117238512
1.1891107454906566e7	1.2198492401956766
1.2196291799173519e7	1.2195213883885743
1.2509308675804669e7	1.2191940547990532
1.2830359106131332e7	1.2188672379299368
1.3159649270681864e7	1.2185409362903274
1.3497390641591685e7	1.2182151483955728
1.384380011841216e7	1.2178898727672298
1.419910016740441e7	1.2175651079330339
1.456351896440906e7	1.2172408524268614
1.493729054138178e7	1.2169171047886986
1.5320654936690213e7	1.2165938635646074
1.5713858349267635e7	1.2162711273066922
1.6117153296724044e7	1.2159488945730674
1.6530798777514067e7	1.215627163927824
1.6955060437267575e7	1.2153059339409977
1.7390210739388425e7	1.2149852031885366
1.783652914003281e7	1.2146649702522694
1.8294302267577227e7	1.2143452337198726
1.8763824106693216e7	1.2140259921848398
1.924539618714555e7	1.2137072442464503
1.9739327777437273e7	1.2133889885097373
2.0245936083423264e7	1.2130712235854575
2.0765546452022064e7	1.2127539480900602
2.1298492580155015e7	1.2124371606456565
2.1845116729049332e7	1.2121208598799893
2.2405769944039915e7	1.2118050444264026
2.2980812280012295e7	1.2114897129238125
2.357061303263299e7	1.211174864016676
2.4175550975512825e7	1.210860496354963
2.4796014603457917e7	1.2105466085941254
2.543240238196274e7	1.2102331993950695
2.6085123003108077e7	1.2099202674241258
2.6754595648024894e7	1.2096078113530206
2.7441250256095327e7	1.2092958298588476
2.8145527801061608e7	1.2089843216240392
2.88678805742232e7	1.208673285336338
2.960877247490028e7	1.2083627196887696
3.0368679308353018e7	1.2080526233796143
3.1148089091345847e7	1.2077429951123786
3.1947502365555953e7	1.2074338335957697
3.2767432519023374e7	1.2071251375436656
3.360840611585235e7	1.2068169056750901
3.447096323437302e7	1.206509136714185
3.53556578139844e7	1.2062018293901828
3.6263058010896705e7	1.2058949824373815
3.719374656300517e7	1.205588594595116
3.8148321164126806e7	1.205282664607734
3.912739484784458e7	1.2049771912245686
4.0131596381200194e7	1.2046721731999128
4.1161570668492705e7	1.2043676092929938
4.221797916543876e7	1.204063498267947
4.330150030396517e7	1.203759838893791
4.4412829927900925e7	1.2034566299444012
4.555268173985282e7	1.203153870198487
4.6721787759548396e7	1.2028515584395645
4.792089879394528e7	1.2025496934559328
4.915078491940273e7	1.2022482740406493
5.041223597622997e7	1.2019472989915048
5.170606207592504e7	1.2016467671109998
5.303309412143535e7	1.2013466772063202
5.439418434076724e7	1.2010470280893122
5.579020683429268e7	1.2007478185764597
5.722205813610022e7	1.200449047488861
5.869065778975699e7	1.2001507136522027
6.019694893884399e7	1.1998528158967399
6.17418989326473e7	1.1995553530572693
6.3326499947398156e7	1.1992583239731092
6.4951769623452894e7	1.1989617274880742
6.661875171882855e7	1.1986655624504534
6.83285167795088e7	1.1983698277129882
7.008216282695776e7	1.1980745221328484
7.188081606327426e7	1.1977796445716107
7.372563159444652e7	1.1974851938952367
7.561779417216624e7	1.1971911689740498
7.755851895468628e7	1.196897568682714
7.954905228720069e7	1.1966043919002116
8.159067250225616e7	1.196311637509822
8.368469074070257e7	1.1960193043990994
8.583245179371923e7	1.195727391459852
8.803533496644528e7	1.1954358975881207
9.029475496377932e7	1.1951448216841565
9.261216279890874e7	1.194854162652402
9.498904672516297e7	1.1945639194014686
9.74269331917763e7	1.1942740908441154
9.99273878241842e7	1.1939846758972301
1.0249201642947441e8	1.1936956734818076
1.0512246602765045e8	1.1934070825229295
1.0782042590935479e8	1.1931189019497441
1.1058762872074324e8	1.1928311306954458
1.134258515761974e8	1.1925437676972557
1.1633691719960317e8	1.1922568118964012
1.193226950949118e8	1.1919702622380963