# Internal run number: twoLoop 1927
# All dimensionful quantities in GeV
# Rescaling factor from internal to physical units: 1.19323
# Quantity: interpolated gluon dressing function Z
# Syntax: p^2 [GeV^2], Z
# Cutoff in GeV^2, renormalization constant Z3: 1193227., 1.22941
# Renormalization point 1: 11932.3
# Renormalization value Z at point 1: 1.
# Renormalization point 2: 0.00000119323
# Renormalization value D at point 2: 10.0568
# Lowest/highest calculated points (extrapolated beyond that): 0.00000119323/11932.3
# alpha(mu)=0.05
#
1.1932269509491145e-14	1.2e-13
1.2290237594775878e-14	1.231e-13
1.2528882984965702e-14	1.262e-13
1.2886851070250436e-14	1.295e-13
1.324481915553517e-14	1.328e-13
1.3602787240819906e-14	1.362e-13
1.384143263100973e-14	1.397e-13
1.4199400716294463e-14	1.433e-13
1.4557368801579196e-14	1.47e-13
1.5034659581958843e-14	1.507e-13
1.5392627667243578e-14	1.546e-13
1.575059575252831e-14	1.586e-13
1.6227886532907957e-14	1.626e-13
1.658585461819269e-14	1.668e-13
1.7063145398572336e-14	1.711e-13
1.742111348385707e-14	1.755e-13
1.7898404264236715e-14	1.8e-13
1.8375695044616362e-14	1.846e-13
1.885298582499601e-14	1.894e-13
1.9330276605375654e-14	1.942e-13
1.98075673857553e-14	1.992e-13
2.0284858166134945e-14	2.043e-13
2.0881471641609505e-14	2.096e-13
2.135876242198915e-14	2.149e-13
2.1955375897463706e-14	2.205e-13
2.243266667784335e-14	2.261e-13
2.302928015331791e-14	2.319e-13
2.3625893628792467e-14	2.379e-13
2.4222507104267024e-14	2.44e-13
2.4938443274836494e-14	2.502e-13
2.5535056750311047e-14	2.567e-13
2.6131670225785607e-14	2.632e-13
2.6847606396355074e-14	2.7e-13
2.7563542566924546e-14	2.769e-13
2.8279478737494013e-14	2.84e-13
2.899541490806348e-14	2.913e-13
2.971135107863295e-14	2.988e-13
3.0427287249202415e-14	3.065e-13
3.12625461148668e-14	3.143e-13
3.209780498053118e-14	3.224e-13
3.293306384619556e-14	3.307e-13
3.3768322711859937e-14	3.392e-13
3.460358157752432e-14	3.479e-13
3.54388404431887e-14	3.568e-13
3.6393422003947996e-14	3.66e-13
3.7348003564707284e-14	3.753e-13
3.830258512546657e-14	3.85e-13
3.925716668622586e-14	3.949e-13
4.0211748246985156e-14	4.05e-13
4.128565250283936e-14	4.154e-13
4.2359556758693564e-14	4.26e-13
4.343346101454777e-14	4.37e-13
4.450736527040197e-14	4.482e-13
4.570059222135108e-14	4.597e-13
4.68938191723002e-14	4.715e-13
4.8087046123249314e-14	4.836e-13
4.928027307419843e-14	4.96e-13
5.0592822720242457e-14	5.087e-13
5.1905372366286474e-14	5.218e-13
5.32179220123305e-14	5.352e-13
5.4530471658374526e-14	5.489e-13
5.596234399951347e-14	5.63e-13
5.73942163406524e-14	5.775e-13
5.894541137688625e-14	5.923e-13
6.037728371802519e-14	6.075e-13
6.192847875425903e-14	6.231e-13
6.35989964855878e-14	6.391e-13
6.515019152182165e-14	6.555e-13
6.682070925315042e-14	6.723e-13
6.861054967957408e-14	6.895e-13
7.028106741090284e-14	7.072e-13
7.207090783732651e-14	7.254e-13
7.39800709588451e-14	7.44e-13
7.588923408036368e-14	7.631e-13
7.779839720188227e-14	7.827e-13
7.982688301849576e-14	8.028e-13
8.185536883510926e-14	8.234e-13
8.400317734681766e-14	8.445e-13
8.615098585852607e-14	8.662e-13
8.829879437023448e-14	8.884e-13
9.056592557703779e-14	9.112e-13
9.295237947893601e-14	9.346e-13
9.533883338083425e-14	9.586e-13
9.772528728273247e-14	9.832e-13
1.0023106387972561e-13	1.0084e-12
1.0285616317181367e-13	1.0343e-12
1.0548126246390172e-13	1.0609e-12
1.0822568445108468e-13	1.0881e-12
1.1097010643826764e-13	1.116e-12
1.1383385112054552e-13	1.1446e-12
1.166975958028234e-13	1.174e-12
1.196806631801962e-13	1.2042e-12
1.2278305325266388e-13	1.2351e-12
1.2600476602022648e-13	1.2668e-12
1.292264787877891e-13	1.2993e-12
1.3256751425044662e-13	1.3326e-12
1.3590854971310413e-13	1.3668e-12
1.3936890787085656e-13	1.4019e-12
1.429485887237039e-13	1.4379e-12
1.4664759227164617e-13	1.4748e-12
1.5046591851468333e-13	1.5126e-12
1.5428424475772048e-13	1.5514e-12
1.582218936958526e-13	1.5913e-12
1.6227886532907956e-13	1.6321e-12
1.664551596574015e-13	1.674e-12
1.7075077668081828e-13	1.717e-12
1.7516571639932999e-13	1.761e-12
1.7958065611784172e-13	1.8062e-12
1.8423424122654328e-13	1.8526e-12
1.888878263352448e-13	1.9001e-12
1.937800568341362e-13	1.9489e-12
1.9879161002812245e-13	1.9989e-12
2.0392248591720368e-13	2.0502e-12
2.0905336180628486e-13	2.1028e-12
2.1442288308555587e-13	2.1568e-12
2.1991172705992182e-13	2.2121e-12
2.2563921642447755e-13	2.2689e-12
2.3136670578903333e-13	2.3272e-12
2.3733284054377886e-13	2.3869e-12
2.434182979936193e-13	2.4481e-12
2.4962307813855474e-13	2.511e-12
2.5606650367367994e-13	2.5754e-12
2.626292519039001e-13	2.6415e-12
2.6943064552431005e-13	2.7093e-12
2.763513618398149e-13	2.7788e-12
2.833914008504147e-13	2.8502e-12
2.9067008525120425e-13	2.9233e-12
2.981874150421837e-13	2.9983e-12
3.05824067528258e-13	3.0753e-12
3.1369936540452224e-13	3.1542e-12
3.2169398597588125e-13	3.2352e-12
3.2992725193743013e-13	3.3182e-12
3.383991632891689e-13	3.4034e-12
3.471097200310974e-13	3.4907e-12
3.560589221632158e-13	3.5803e-12
3.6512744699042903e-13	3.6722e-12
3.74553939902927e-13	3.7664e-12
3.8409975551052e-13	3.8631e-12
3.940035392033976e-13	3.9622e-12
4.0414596828646507e-13	4.0639e-12
4.145270427597224e-13	4.1682e-12
4.251467626231695e-13	4.2752e-12
4.3600512787680643e-13	4.3849e-12
4.4722146121572806e-13	4.4975e-12
4.586764399448396e-13	4.6129e-12
4.704893867592358e-13	4.7313e-12
4.825409789638219e-13	4.8527e-12
4.949505392536927e-13	4.9773e-12
5.075987449337533e-13	5.105e-12
5.206049186990986e-13	5.236e-12
5.339690605497287e-13	5.3704e-12
5.476911704856435e-13	5.5082e-12
5.61771248506843e-13	5.6496e-12
5.762092946133274e-13	5.7946e-12
5.910053088050964e-13	5.9433e-12
6.061592910821501e-13	6.0958e-12
6.216712414444886e-13	6.2523e-12
6.376604825872068e-13	6.4128e-12
6.540076918152095e-13	6.5773e-12
6.708321918235921e-13	6.7462e-12
6.880146599172594e-13	6.9193e-12
7.056744187913063e-13	7.0969e-12
7.238114684457328e-13	7.279e-12
7.424258088805391e-13	7.4658e-12
7.613981174006299e-13	7.6574e-12
7.809670393961954e-13	7.854e-12
8.010132521721405e-13	8.0555e-12
8.215367557284653e-13	8.2623e-12
8.426568727602646e-13	8.4743e-12
8.642542805724436e-13	8.6918e-12
8.864483018600971e-13	8.9149e-12
9.092389366232252e-13	9.1437e-12
9.325068621667329e-13	9.3784e-12
9.564907238808102e-13	9.6191e-12
9.81071199070362e-13	9.8659e-12
1.0062482877353881e-12	1.01192e-11
1.0320219898758891e-12	1.03789e-11
1.0585116281869595e-12	1.06452e-11
1.0857172026685993e-12	1.09184e-11
1.1135193906257135e-12	1.11987e-11
1.1421568374484923e-12	1.14861e-11
1.1713908977467455e-12	1.17809e-11
1.2014602169106635e-12	1.20832e-11
1.2323647949402454e-12	1.23933e-11
1.263985309140397e-12	1.27114e-11
1.296441082206213e-12	1.30376e-11
1.329732114137693e-12	1.33723e-11
1.3638584049348379e-12	1.37155e-11
1.3988199545976468e-12	1.40675e-11
1.4347360858212153e-12	1.44285e-11
1.471487475910448e-12	1.47988e-11
1.5093127702555349e-12	1.51786e-11
1.5479733234662862e-12	1.55682e-11
1.5877077809328918e-12	1.59677e-11
1.6285161426553515e-12	1.63775e-11
1.6702790859385703e-12	1.67979e-11
1.7131159334776436e-12	1.7229e-11
1.757146007967666e-12	1.76712e-11
1.8022499867135424e-12	1.81247e-11
1.848547192410368e-12	1.85899e-11
1.895918302363048e-12	1.9067e-11
1.944601961961772e-12	1.95563e-11
1.994478848511445e-12	2.00582e-11
2.045668284707162e-12	2.0573e-11
2.098170270548923e-12	2.1101e-11
2.151984806036728e-12	2.16426e-11
2.207231213865672e-12	2.2198e-11
2.263909494035755e-12	2.27678e-11
2.3220196465469766e-12	2.33521e-11
2.3816809940944322e-12	2.39514e-11
2.442774213983027e-12	2.45661e-11
2.5054186289078557e-12	2.51966e-11
2.569733561564013e-12	2.58433e-11
2.635719011951499e-12	2.65066e-11
2.7033749800703135e-12	2.71868e-11
2.772701465920457e-12	2.78846e-11
2.8439371148921195e-12	2.86003e-11
2.9168432815951104e-12	2.93343e-11
2.991777934114715e-12	3.00871e-11
3.0685024270607427e-12	3.08593e-11
3.1472554058233845e-12	3.16513e-11
3.2280368704026395e-12	3.24637e-11
3.3108468207985077e-12	3.32968e-11
3.3958045797060845e-12	3.41514e-11
3.4830294698204653e-12	3.50279e-11
3.572402168446554e-12	3.59269e-11
3.6640419982794455e-12	3.68489e-11
3.758187604709331e-12	3.77947e-11
3.85460034234602e-12	3.87647e-11
3.953518856579701e-12	3.97595e-11
4.054943147410376e-12	4.078e-11
4.158992537533139e-12	4.18266e-11
4.2657863496430845e-12	4.29001e-11
4.375324583740213e-12	4.40011e-11
4.487607239824525e-12	4.51304e-11
4.602753640591114e-12	4.62886e-11
4.720883108735077e-12	4.74766e-11
4.841995644256412e-12	4.86951e-11
4.966329892545309e-12	4.99449e-11
5.093766530906675e-12	5.12267e-11
5.224544204730698e-12	5.25414e-11
5.358543591322283e-12	5.38899e-11
5.496122658766716e-12	5.5273e-11
5.6371620843689014e-12	5.66916e-11
5.781781190823934e-12	5.81465e-11
5.930218623522004e-12	5.96389e-11
6.082474382463111e-12	6.11695e-11
6.238548467647255e-12	6.27394e-11
6.3986795244646264e-12	6.43496e-11
6.562867552915224e-12	6.60011e-11
6.73135119838924e-12	6.76951e-11
6.904011138191576e-12	6.94324e-11
7.081205340407519e-12	7.12144e-11
7.26293380503707e-12	7.30421e-11
7.449435177470417e-12	7.49168e-11
7.640590135012465e-12	7.68395e-11
7.836637323053404e-12	7.88116e-11
8.037815386983426e-12	8.08343e-11
8.244124326802527e-12	8.29089e-11
8.455683465205804e-12	8.50367e-11
8.672731447583448e-12	8.72192e-11
8.895268273935458e-12	8.94576e-11
9.123532589652024e-12	9.17536e-11
9.357763040123334e-12	9.41084e-11
9.597840302654297e-12	9.65237e-11
9.84424166802529e-12	9.9001e-11
1.0096847813541215e-11	1.015418e-10
1.0356016707287366e-11	1.041479e-10
1.0621748349263732e-11	1.068208e-10
1.0894400707555603e-11	1.095624e-10
1.1173973782162983e-11	1.123743e-10
1.146082554117115e-11	1.152584e-10
1.1754955984580107e-11	1.182165e-10
1.2056603757780043e-11	1.212505e-10
1.2366007506161147e-11	1.243624e-10
1.2683405875113612e-11	1.275541e-10
1.3008918187332532e-11	1.308278e-10
1.3342783088208093e-11	1.341855e-10
1.3685239223130489e-11	1.376293e-10
1.4036525237489908e-11	1.411616e-10
1.4396760453981446e-11	1.447845e-10
1.476618351799529e-11	1.485004e-10
1.5145152397616732e-11	1.523116e-10
1.553390573823595e-11	1.562207e-10
1.593256286254805e-11	1.602301e-10
1.6341481738638312e-11	1.643424e-10
1.6760901011896927e-11	1.685602e-10
1.719105932771408e-11	1.728863e-10
1.763219533147997e-11	1.773234e-10
1.808478631397497e-11	1.818744e-10
1.854895159789417e-11	1.865422e-10
1.9024929828627776e-11	1.913298e-10
1.9513317619651247e-11	1.962402e-10
2.001411497096459e-11	2.012767e-10
2.052767985065309e-11	2.064425e-10
2.105460887219222e-11	2.117408e-10
2.1594902035581978e-11	2.171751e-10
2.2149155954297844e-11	2.227489e-10
2.2717609273729997e-11	2.284657e-10
2.330061996196374e-11	2.343293e-10
2.3898665309779435e-11	2.403433e-10
2.451198396256728e-11	2.465117e-10
2.5141172533802744e-11	2.528384e-10
2.5786350346180933e-11	2.593275e-10
2.6448233335872407e-11	2.659831e-10
2.7126940825572262e-11	2.728096e-10
2.7823188751451073e-11	2.798112e-10
2.8537215758899022e-11	2.869925e-10
2.9269618461391586e-11	2.943582e-10
3.002087414970915e-11	3.019128e-10
3.0791340791936995e-11	3.096614e-10
3.158161500155059e-11	3.176089e-10
3.239217406933032e-11	3.257603e-10
3.322349528605657e-11	3.341209e-10
3.407617526520481e-11	3.426961e-10
3.495069129755542e-11	3.514913e-10
3.584775931927896e-11	3.605123e-10
3.676773729846073e-11	3.697648e-10
3.771146049396638e-11	3.792548e-10
3.867928687388121e-11	3.889884e-10
3.9671932374375775e-11	3.989717e-10
4.069011293162066e-11	4.092113e-10
4.173442515909133e-11	4.197137e-10
4.280558499295834e-11	4.304856e-10
4.3904189046697195e-11	4.41534e-10
4.5030953256478444e-11	4.528659e-10
4.618671288116775e-11	4.644887e-10
4.7372064534240605e-11	4.764098e-10
4.8587843474562654e-11	4.886368e-10
4.983488496099957e-11	5.011776e-10
5.111390492972193e-11	5.140403e-10
5.2425738639595393e-11	5.272331e-10
5.377122134948561e-11	5.407645e-10
5.515130764095336e-11	5.546432e-10
5.6566713450169197e-11	5.68878e-10
5.801851268138899e-11	5.834782e-10
5.950754059347838e-11	5.984532e-10
6.103475176799816e-11	6.138124e-10
6.260122010920415e-11	6.295659e-10
6.420790019865714e-11	6.457236e-10
6.585574661791786e-11	6.622961e-10
6.754595259393728e-11	6.792939e-10
6.927959203097125e-11	6.967279e-10
7.105761951058053e-11	7.146093e-10
7.288122825971605e-11	7.329497e-10
7.47517308280239e-11	7.517608e-10
7.667032044245498e-11	7.710547e-10
7.863795168457006e-11	7.908438e-10
8.06562950721005e-11	8.111407e-10
8.272630518660701e-11	8.319586e-10
8.484941390043078e-11	8.533107e-10
8.70270530859129e-11	8.752109e-10
8.926065461539455e-11	8.976731e-10
9.155153103852174e-11	9.207118e-10
9.390123355033076e-11	9.443418e-10
9.631119402316268e-11	9.685783e-10
9.878296365205376e-11	9.934368e-10
1.0131821295473535e-10	1.0189332e-9
1.0391849312624366e-10	1.0450841e-9
1.0658559400700513e-10	1.0719061e-9
1.0932106679205596e-10	1.0994165e-9
1.1212682064451772e-10	1.1276329e-9
1.150045260821217e-10	1.1565735e-9
1.1795609226798942e-10	1.1862569e-9
1.2098342836524242e-10	1.2167021e-9
1.240885628596973e-10	1.2479286e-9
1.272732855917805e-10	1.2799566e-9
1.3053974437000368e-10	1.3128066e-9
1.338899676801835e-10	1.3464997e-9
1.3732622265352677e-10	1.3810575e-9
1.4085077642124027e-10	1.4165022e-9
1.4446565746914062e-10	1.4528567e-9
1.481733715738248e-10	1.4901441e-9
1.5197618586649962e-10	1.5283885e-9
1.558766061237621e-10	1.5676145e-9
1.598772574449043e-10	1.6078472e-9
1.63980406961133e-10	1.6491125e-9
1.6818903773982563e-10	1.6914368e-9
1.7250553623488405e-10	1.7348474e-9
1.7693288551368566e-10	1.7793721e-9
1.8147382999821758e-10	1.8250396e-9
1.8613135275585726e-10	1.8718791e-9
1.9090843685398206e-10	1.9199207e-9
1.9580806535996931e-10	1.9691953e-9
2.008334599865866e-10	2.0197346e-9
2.059878424466015e-10	2.0715709e-9
2.1127455377547662e-10	2.1247376e-9
2.166968156859796e-10	2.1792688e-9
2.222583271816583e-10	2.2351996e-9
2.2796266794336565e-10	2.2925658e-9
2.3381329832925937e-10	2.3514044e-9
2.3981403666558245e-10	2.411753e-9
2.459688206012731e-10	2.4736504e-9
2.522815877852694e-10	2.5371365e-9
2.5875639518920455e-10	2.6022519e-9
2.6539741910740695e-10	2.6690385e-9
2.7220883583420484e-10	2.7375391e-9
2.7919506030931684e-10	2.8077979e-9
2.8636050747246137e-10	2.8798598e-9
2.9370995023144224e-10	2.9537711e-9
3.012480421713682e-10	3.0295795e-9
3.089794368773479e-10	3.1073334e-9
3.1690938454796554e-10	3.1870828e-9
3.2504289673641503e-10	3.2688791e-9
3.3338510431858555e-10	3.3527746e-9
3.419413768157564e-10	3.4388233e-9
3.5071732239459694e-10	3.5270804e-9
3.597184298990816e-10	3.6176027e-9
3.6895054614127e-10	3.7104482e-9
3.784196372559169e-10	3.8056765e-9
3.881317887004721e-10	3.9033489e-9
3.980930859323855e-10	4.0035281e-9
4.083102110225824e-10	4.1062783e-9
4.1878936875120765e-10	4.2116656e-9
4.2953759915727207e-10	4.3197577e-9
4.405617036343958e-10	4.4306239e-9
4.518686028988945e-10	4.5443355e-9
4.634658142805591e-10	4.6609656e-9
4.753606164637905e-10	4.7805889e-9
4.875607654237697e-10	4.9032823e-9
5.000738978129829e-10	5.0291247e-9
5.129082468973915e-10	5.1581968e-9
5.260720459429573e-10	5.2905815e-9
5.395736475383367e-10	5.4263638e-9
5.534217622402718e-10	5.565631e-9
5.676252199281994e-10	5.7084725e-9
5.821933277723371e-10	5.85498e-9
5.971352736202073e-10	6.0052476e-9
6.124607226101125e-10	6.1593718e-9
6.281794592030504e-10	6.3174516e-9
6.443016258281043e-10	6.4795885e-9
6.608376035597472e-10	6.6458867e-9
6.777978927951478e-10	6.8164528e-9
6.951935905449496e-10	6.9913966e-9
7.130356744971016e-10	7.1708302e-9
7.313357189530278e-10	7.354869e-9
7.501052982141525e-10	7.5436312e-9
7.693567025180703e-10	7.7372379e-9
7.891022221023763e-10	7.9358135e-9
8.093545051727503e-10	8.1394855e-9
8.301264385802626e-10	8.3483848e-9
8.514316251121541e-10	8.5626454e-9
8.732835482329707e-10	8.782405e-9
8.956962880207331e-10	9.0078048e-9
9.186842825215481e-10	9.2389894e-9
9.422622084269125e-10	9.4761073e-9
9.664453390417981e-10	9.7193109e-9
9.912490669938725e-10	9.9687562e-9
1.0166893815242782e-9	1.02246036e-8
1.0427826298422433e-9	1.04870172e-8
1.069545517125081e-9	1.07561657e-8
1.09699534516358e-9	1.10322219e-8
1.1251496543939196e-9	1.1315363e-8
1.1540265818657537e-9	1.16057709e-8
1.1836445032741275e-9	1.19036321e-8
1.2140227488956458e-9	1.22091379e-8
1.2451805296842194e-9	1.25224844e-8
1.2771380111753188e-9	1.2843873e-8
1.3099155975498056e-9	1.317351e-8
1.3435345282474069e-9	1.35116071e-8
1.3780161620305442e-9	1.38583815e-8
1.4133828122432005e-9	1.42140557e-8
1.4496572695201386e-9	1.45788584e-8
1.4868625631415124e-9	1.49530236e-8
1.525022796291731e-9	1.53367918e-8
1.5641623108005932e-9	1.57304094e-8
1.6043065224021546e-9	1.61341291e-8
1.6454808468304706e-9	1.65482103e-8
1.687712012369242e-9	1.69729188e-8
1.7310269859475605e-9	1.74085274e-8
1.7754536890760783e-9	1.78553159e-8
1.821020520556228e-9	1.83135712e-8
1.867756953093698e-9	1.87835876e-8
1.9156926980395667e-9	1.92656669e-8
1.9648588986172545e-9	1.97601188e-8
2.015286817372876e-9	2.02672607e-8
2.0670090294021915e-9	2.07874183e-8
2.1200585870917433e-9	2.13209258e-8
2.1744697360550225e-9	2.18681257e-8
2.2302773185189984e-9	2.24293694e-8
2.287517250614893e-9	2.30050174e-8
2.346226164410101e-9	2.35954394e-8
2.4064418851989678e-9	2.42010145e-8
2.4682030735347037e-9	2.48221317e-8
2.5315492252293852e-9	2.54591897e-8
2.5965212679674304e-9	2.61125979e-8
2.6631608453694264e-9	2.67827756e-8
2.7315106749602184e-9	2.74701535e-8
2.8016146674916006e-9	2.81751728e-8
2.8735178076196234e-9	2.88982864e-8
2.9472665118726797e-9	2.96399587e-8
3.022907793392636e-9	3.04006659e-8
3.1004905744844817e-9	3.11808966e-8
3.1800643740666814e-9	3.19811519e-8
3.261680500898125e-9	3.28019457e-8
3.345391218319265e-9	3.36438051e-8
3.431250460188284e-9	3.45072707e-8
3.519313234267621e-9	3.53928971e-8
3.60963609951475e-9	3.6301253e-8
3.7022771660821837e-9	3.72329219e-8
3.7972958566720786e-9	3.81885019e-8
3.894753145181628e-9	3.91686068e-8
3.994711676025757e-9	4.01738661e-8
4.097235644814426e-9	4.12049252e-8
4.202390798352633e-9	4.22624464e-8
4.3102449119311925e-9	4.33471088e-8
4.4208669540678676e-9	4.44596089e-8
4.534328160411633e-9	4.56006613e-8
4.6507013178064925e-9	4.67709987e-8
4.770061241582274e-9	4.79713728e-8
4.892484536909226e-9	4.92025543e-8
5.018049718120723e-9	5.0465334e-8
5.146837566681343e-9	5.17605229e-8
5.278930773218788e-9	5.30889526e-8
5.414414056846573e-9	5.44514765e-8
5.5533746424548154e-9	5.58489694e-8
5.695901544774054e-9	5.72823288e-8
5.842086403634122e-9	5.87524753e-8
5.99202312599606e-9	6.0260353e-8
6.145807885952113e-9	6.18069302e-8
6.303539602016515e-9	6.33932003e-8
6.465319459834708e-9	6.50201818e-8
6.631251389474118e-9	6.66889197e-8
6.8014419461014666e-9	6.84004856e-8
6.976000429305457e-9	7.01559787e-8
7.1550388830967886e-9	7.19565264e-8
7.338672453876224e-9	7.38032851e-8
7.527018913143823e-9	7.56974406e-8
7.720199254112412e-9	7.76402095e-8
7.91833757238489e-9	7.96328394e-8
8.121561065954228e-9	8.16766101e-8
8.330000273848858e-9	8.37728339e-8
8.54378907613268e-9	8.59228571e-8
8.763064693905052e-9	8.81280605e-8
8.987968166591574e-9	9.03898603e-8
9.218643636007922e-9	9.2709709e-8
9.4552394202641e-9	9.50890965e-8
9.697907417150963e-9	9.75295507e-8
9.946803462108304e-9	1.00032639e-7
1.0202087328224856e-8	1.025999689e-7
1.0463923084206375e-8	1.052331891e-7
1.0732478855730248e-8	1.079339906e-7
1.100792706409089e-8	1.107041081e-7
1.1290444664845125e-8	1.135453204e-7
1.1580213028489498e-8	1.164594522e-7
1.1877418298428354e-8	1.194483749e-7
1.218225139097385e-8	1.225140081e-7
1.2494907876023243e-8	1.256583206e-7
1.2815588692995072e-8	1.288833316e-7
1.3144499792861075e-8	1.321911122e-7
1.3481852376791566e-8	1.355837868e-7
1.3827863015478143e-8	1.390635341e-7
1.4182754126424466e-8	1.426325888e-7
1.4546753377332772e-8	1.462932431e-7
1.492009464068545e-8	1.500478477e-7
1.530301775509964e-8	1.53898814e-7
1.5695768525327236e-8	1.578486151e-7
1.6098599199545668e-8	1.618997874e-7
1.6511768469357905e-8	1.660549328e-7
1.693554170843784e-8	1.703167197e-7
1.7370191091852975e-8	1.74687885e-7
1.7815995596064454e-8	1.79171236e-7
1.8273241714863192e-8	1.837696517e-7
1.8742223101401813e-8	1.884860855e-7
1.9223240806840056e-8	1.933235662e-7
1.971660375763551e-8	1.982852004e-7
2.0222628874866353e-8	2.033741746e-7
2.0741641074231323e-8	2.085937569e-7
2.1273973624017828e-8	2.139472994e-7
2.181996850307e-8	2.194382401e-7
2.2379976281466036e-8	2.250701054e-7
2.295435659780895e-8	2.308465121e-7
2.3543478397871973e-8	2.367711698e-7
2.4147719934598554e-8	2.428478834e-7
2.4767469245393154e-8	2.490805553e-7
2.5403124510089285e-8	2.554731883e-7
2.6055093692981497e-8	2.620298878e-7
2.672379561672956e-8	2.687548644e-7
2.7409659723713122e-8	2.75652437e-7
2.8113126553322478e-8	2.827270353e-7
2.883464774195856e-8	2.899832025e-7
2.9574686738969113e-8	2.974255988e-7
3.033371868732601e-8	3.050590036e-7
3.1112231258884104e-8	3.128883191e-7
3.191072417709045e-8	3.209185733e-7
3.272971052953396e-8	3.291549235e-7
3.356971593268652e-8	3.376026589e-7
3.4431280083098044e-8	3.462672047e-7
3.531495616078301e-8	3.551541255e-7
3.622131178380196e-8	3.642691284e-7
3.715092888893888e-8	3.736180672e-7
3.810440456696003e-8	3.832069457e-7
3.908235118193664e-8	3.93041922e-7
4.0085396729212985e-8	4.031293122e-7
4.11141851933745e-8	4.134755946e-7
4.2169377622152e-8	4.240874134e-7
4.3251651410485554e-8	4.349715838e-7
4.436170161307408e-8	4.461350955e-7
4.550024130234346e-8	4.575851179e-7
4.666800132980116e-8	4.693290042e-7
4.786573199655394e-8	4.813742964e-7
4.9094202218048986e-8	4.937287302e-7
5.035420119459165e-8	5.064002395e-7
5.164653781473199e-8	5.193969621e-7
5.297204208713707e-8	5.327272445e-7
5.4331565498559116e-8	5.463996477e-7
5.572598089451272e-8	5.60422952e-7
5.7156183791824585e-8	5.748061633e-7
5.862309273660155e-8	5.895585186e-7
6.012764990084408e-8	6.046894919e-7
6.167082132109166e-8	6.202088005e-7
6.325359809164975e-8	6.361264109e-7
6.487699684188057e-8	6.524525456e-7
6.654205985552577e-8	6.691976892e-7
6.824985662190146e-8	6.863725957e-7
7.00014838358983e-8	7.039882947e-7
7.179806647188562e-8	7.220560993e-7
7.364075826100228e-8	7.405876127e-7
7.553074252641557e-8	7.59594736e-7
7.746923313790267e-8	7.790896756e-7
7.94574749891415e-8	7.990849513e-7
8.149674483296958e-8	8.195934041e-7
8.358835247461098e-8	8.406282048e-7
8.573364101032168e-8	8.622028621e-7
8.793398825926194e-8	8.843312312e-7
9.019080712146437e-8	9.070275232e-7
9.250554712902898e-8	9.303063138e-7
9.48796948040913e-8	9.541825527e-7
9.731477473272652e-8	9.786715734e-7
9.981235087749927e-8	1.0037891029e-6
1.023740270547543e-7	1.0295512718e-6
1.050014484858116e-7	1.0559746248e-6
1.0769630251290248e-7	1.0830761311e-6
1.1046031967307394e-7	1.1108731954e-6
1.1329527513006086e-7	1.1393836692e-6
1.1620298950954504e-7	1.1686258621e-6
1.191853302117047e-7	1.1986185536e-6
1.2224421236579612e-7	1.2293810052e-6
1.253816005006713e-7	1.2609329727e-6
1.285995094993597e-7	1.293294719e-6
1.319000059116176e-7	1.3264870269e-6
1.3528520926647797e-7	1.3605312129e-6
1.3875729362344545e-7	1.3954491402e-6
1.4231848864640063e-7	1.4312632335e-6
1.4597108151276302e-7	1.4679964926e-6
1.497174179873955e-7	1.5056725079e-6
1.5355990385447665e-7	1.5443154753e-6
1.5750100670734093e-7	1.5839502113e-6
1.6154325785764213e-7	1.6246021698e-6
1.6568925293196667e-7	1.6662974577e-6
1.6994165461625558e-7	1.7090628518e-6
1.7430319396835415e-7	1.7529258164e-6
1.7877667173056172e-7	1.7979145206e-6
1.8336496107405344e-7	1.8440578564e-6
1.8807100855346196e-7	1.8913854573e-6
1.92897836254686e-7	1.9399277173e-6
1.9784854418134412e-7	1.9897158107e-6
2.0292631156732434e-7	2.0407817116e-6
2.0813439950188374e-7	2.0931582149e-6
2.1347615260016574e-7	2.146878957e-6
2.1895500138965437e-7	2.2019784378e-6
2.245744644579825e-7	2.2584920425e-6
2.303381506007407e-7	2.3164560644e-6
2.3624976120793073e-7	2.3759077284e-6
2.4231309288906515e-7	2.4368852147e-6
2.48532039501653e-7	2.4994276834e-6
2.549105948956218e-7	2.5635752997e-6
2.614528554190941e-7	2.6293692596e-6
2.68163022543487e-7	2.6968518164e-6
2.7504540548861103e-7	2.7660663076e-6
2.821044243250607e-7	2.8370571834e-6
2.8934461236066803e-7	2.9098700345e-6
2.9677061924289273e-7	2.9845516217e-6
3.0438721406121236e-7	3.061149906e-6
3.121992880915443e-7	3.1397140793e-6
3.202118584952492e-7	3.220294596e-6
3.2843007082490757e-7	3.3029432053e-6
3.36859202961969e-7	3.3877129847e-6
3.45504668099819e-7	3.474658374e-6
3.5437201844278306e-7	3.5638352098e-6
3.63466948547162e-7	3.6553007622e-6
3.7279529949752603e-7	3.7491137708e-6
3.8236306165113697e-7	3.8453344829e-6
3.921763797688241e-7	3.9440246922e-6
4.022415559980517e-7	4.0452477779e-6
4.1256505404921293e-7	4.1490687462e-6
4.2315350396853805e-7	4.2555542716e-6
4.3401370559845255e-7	4.3647727397e-6
4.451526334698073e-7	4.4767942912e-6
4.5657744109749594e-7	4.5916908671e-6
4.682954653953945e-7	4.7095362546e-6
4.803142320458827e-7	4.8304061349e-6
4.926414593181699e-7	4.9543781311e-6
5.052850637957849e-7	5.081531859e-6
5.182531655074517e-7	5.2119489773e-6
5.315540925806745e-7	5.3457132408e-6
5.451963868499041e-7	5.4829105537e-6
5.591888095840281e-7	5.6236290249e-6
5.735403466172458e-7	5.7679590247e-6
5.882602149118173e-7	5.9159932426e-6
6.033578673309708e-7	6.0678267472e-6
6.188429999175866e-7	6.2235570469e-6
6.34725557144397e-7	6.3832841525e-6
6.510157390733465e-7	6.5471106418e-6
6.677240072024053e-7	6.7151417252e-6
6.848610916249293e-7	6.8874853132e-6
7.024379980697009e-7	7.0642520859e-6
7.204660144636759e-7	7.245555564e-6
7.389567184493142e-7	7.4315121818e-6
7.579219849019087e-7	7.6222413616e-6
7.773739934469158e-7	7.817865591e-6
7.973252363352535e-7	8.0185105009e-6
8.177885261992752e-7	8.2243049467e-6
8.387770048826507e-7	8.4353810909e-6
8.603041511963408e-7	8.6518744879e-6
8.823837901064444e-7	8.873924171e-6
9.050301012061106e-7	9.1016727419e-6
9.282576280227081e-7	9.3352664621e-6
9.520812875636415e-7	9.5748553469e-6
9.76516379504199e-7	9.8205932617e-6
1.0015785960913347e-6	0.0000100726380209
1.027284032524745e-6	0.0000103311514891
1.0536491970992956e-6	0.0000105962996853
1.080691021466776e-6	0.0000108682528893
1.108426872090875e-6	0.000011147185751
1.1368745612248712e-6	0.0000114332774028
1.1660523580086426e-6	0.0000117267115746
1.1959790007589042e-6	0.0000120276777991
1.2266737084241864e-6	0.0000123363799953
1.2581561933523652e-6	0.000012653006301
1.2904466738195418e-6	0.0000129777601455
1.3235658869168975e-6	0.0000133108501811
1.3575351020341553e-6	0.0000136524904172
1.3923761344623689e-6	0.0000140029003581
1.4281113592353542e-6	0.000014362305144
1.4647637256870589e-6	0.0000147309356954
1.502356772366899e-6	0.0000151090288622
1.5409146415971275e-6	0.0000154968275752
1.5804620955813987e-6	0.0000158945810028
1.6210245317973953e-6	0.000016302544711
1.6626279998213293e-6	0.0000167209808275
1.7052992176751499e-6	0.0000171501582107
1.7490655888896898e-6	0.0000175903526217
1.7939552206417148e-6	0.0000180418469024
1.83999694129436e-6	0.0000185049311569
1.8872203191307923e-6	0.000018979902938
1.9356556812071974e-6	0.0000194670674386
1.985334133160346e-6	0.0000199667376878
2.0362875786571937e-6	0.000020479234752
2.0885487402763527e-6	0.0000210048879416
2.142151180628208e-6	0.0000215440350226
2.1971293234750363e-6	0.0000220970224333
2.2535184759250247e-6	0.0000226642055078
2.3113548517001983e-6	0.0000232459487038
2.3706755934497646e-6	0.000023842625837
2.4315187974499086e-6	0.0000244546203215
2.493923537468334e-6	0.0000250823254165
2.55792989029932e-6	0.0000257261444786
2.623578961179454e-6	0.0000263864912216
2.6909129103965943e-6	0.0000270637899822
2.759974980018152e-6	0.0000277584759926
2.830809522409217e-6	0.000028470995661
2.9034620277960994e-6	0.0000292018068576
2.97797915397768e-6	0.0000299513792099
3.0544087563947313e-6	0.000030720194404
3.1327999186765263e-6	0.0000315087464944
3.2132029839033834e-6	0.0000323175422217
3.295669587539733e-6	0.0000331471013386
3.380252690128535e-6	0.0000339979569433
3.46700661153689e-6	0.0000348706558233
3.5559870654403008e-6	0.0000357657588057
3.647251195835417e-6	0.000036683841119
3.7408576129561647e-6	0.0000376254927619
3.83686643145701e-6	0.0000385913188831
3.935339308834866e-6	0.0000395819401704
4.036339484805585e-6	0.0000405979932498
4.1399318225896065e-6	0.0000416401311422
4.2461828494816755e-6	0.0000427090237298
4.355160800761596e-6	0.0000438053581168
4.466935662650399e-6	0.0000449298390631
4.581579217533646e-6	0.0000460831894384
4.699165090377955e-6	0.0000472661506876
4.819768795505497e-6	0.0000484794833087
4.94346778527766e-6	0.0000497239673428
5.070341499971929e-6	0.0000510004028766
5.20047141861336e-6	0.0000523096105579
5.333941111476561e-6	0.0000536524321247
5.4708362935422625e-6	0.000055029730947
5.611244879863049e-6	0.0000564423925838
5.7552570415256976e-6	0.0000578913253537
5.9029652639999825e-6	0.0000593774609198
6.054464406561372e-6	0.0000609017548907
6.209851762787639e-6	0.0000624651874364
6.369227123322594e-6	0.0000640687639197
6.532692840191024e-6	0.0000657135155445
6.700353891710231e-6	0.0000674005000205
6.87231795110059e-6	0.0000691308022453
7.048695454738124e-6	0.0000709055350033
7.229599673151507e-6	0.0000727258396835
7.4151467841668865e-6	0.0000745928870152
7.605455947365229e-6	0.000076507877823
7.800649380329537e-6	0.000078472043801
8.000852437517142e-6	0.0000804866483069
8.206193690563883e-6	0.000082552987177
8.416805010855406e-6	0.0000846723895614
8.63282165424628e-6	0.0000868462187817
8.854382347807602e-6	0.0000890758732096
9.081629379319008e-6	0.0000913627871696
9.314708688192576e-6	0.0000937084318635
9.553769959260456e-6	0.0000961143163193
9.79896671930694e-6	0.0000985819883654
0.000010050456434913064	0.0001011130356281
0.000010308400614477513	0.0001037090865563
0.000010572964911311433	0.0001063718114722
0.000010844319230074276	0.0001091029236485
0.00001112263783631203	0.0001119041804142
0.000011408099467904613	0.0001147773842881
0.00001170088744985432	0.0001177243841423
0.000012001189812534598	0.000120747076395
0.000012309199411967326	0.0001238474062343
0.000012625114053679785	0.0001270273688736
0.000012949136619902636	0.0001302890108391
0.000013281475200108952	0.0001336344312908
0.000013622343223939705	0.0001370657833874
0.000013971959599021476	0.0001405852759749
0.000014330548851170624	0.0001441951751005
0.000014698341268296448	0.0001478978051713
0.0000150755730491966	0.0001516955504392
0.00001546248645426164	0.0001555908565453
0.000015859329961668443	0.0001595862321032
0.00001626635842667601	0.0001636842503233
0.000016683833245455516	0.0001678875506796
0.000017112022522977334	0.0001721988406191
0.00001755120124471642	0.0001766208973153
0.000018001651454085137	0.000181156569468
0.0000184636624329685	0.0001858087791482
0.00001893753088750961	0.0001905805236919
0.000019423561138906662	0.0001954748776423
0.000019922065318744164	0.0002004949947425
0.000020433363569455082	0.0002056441099793
0.000020957784249913856	0.0002109255416806
0.00002149566414604093	0.0002163426936663
0.000022047348687850767	0.0002218990574553
0.0000226131921701988	0.0002275982145294
0.000023193557981403737	0.0002334438386562
0.000023788818835926815	0.0002394396982713
0.0000243993570136138	0.0002455896589226
0.00002502556460609635	0.0002518976857784
0.000025667843767489004	0.0002583678461991
0.000026326606973438746	0.0002650043123768
0.000027002277285544105	0.0002718113640425
0.000027695288623530212	0.000278793391243
0.000028406086043390012	0.000285954897191
0.00002913512602352009	0.0002933005011875
0.00002988287675777719	0.0003008349416207
0.000030649818456171425	0.0003085630790426
0.00003143644365343477	0.0003164898993243
0.00003224325752498755	0.0003246205168946
0.00003307077821149615	0.0003329601780608
0.0000339195371519027	0.0003415142644166
0.00003479007942409135	0.0003502882963378
0.000035682964095816284	0.0003592879365685
0.00003659876458290852	0.0003685189939003
0.000037538069017982964	0.0003779874269471
0.00003850148062797548	0.0003876993480168
0.00003948961812182227	0.0003976610270841
0.000040503116087207875	0.0004078788958659
0.00004154262539876813	0.0004183595520024
0.000042608813635600195	0.0004291097633461
0.00004370236551022774	0.0004401364723625
0.000044823983308424323	0.0004514468006443
0.00004597438733977595	0.0004630480537915
0.000047154316400772406	0.0004749477294401
0.000048364528248995646	0.000487153521605
0.00004960580008971781	0.0004996733234256
0.000050878929075385916	0.0005125152322853
0.000052184732817039046	0.000525687555121
0.00005352404990968609	0.0005391988138705
0.000054897740471047745	0.0005530577510629
0.00005630668669330467	0.0005672733355551
0.000057751793410357545	0.0005818547684182
0.00005923398867845133	0.0005968114889771
0.000060754224372430786	0.0006121531810094
0.00006231347679667262	0.0006278897791051
0.00006391274731272291	0.0006440314751931
0.00006555306298161117	0.0006605887252388
0.0000672354772240628	0.0006775722561164
0.00006896107049670081	0.0006949930726612
0.00007073095098590729	0.0007128624649061
0.00007254625531958329	0.0007311920155083
0.00007440814929728437	0.0007499936073695
0.00007631782863861262	0.0007692794314559
0.00007827651975105806	0.0007890619948234
0.00008028548051788656	0.0008093541288517
0.00008234600110607368	0.0008301689976954
0.00008445940479404626	0.0008515201069558
0.00008662704882281123	0.0008734213125794
0.00008885032526617598	0.0008958868299902
0.00009113066192590718	0.0009189312434611
0.00009346952324800993	0.0009425695157303
0.000095868411263229	0.0009668169978704
0.00009832886655201164	0.0009916894394158
0.00010085246923369269	0.0010172029987554
0.0001034408399810954	0.0010433742537978
0.00010609564106162195	0.0010702202129163
0.0001088185774045951	0.0010977583261805
0.00011161139769616303	0.0011260064968825
0.00011447589550248398	0.0011549830933657
0.00011741391042119027	0.001184706961163
0.00012042732926351822	0.0012151974354542
0.00012351808726495617	0.0012464743538495
0.00012668816932930296	0.0012785580695087
0.00012993961130219908	0.0013114694646046
0.00013327450127938057	0.0013452299641389
0.00013669498094750828	0.001379861550122
0.00014020324695912322	0.0014153867761233
0.0001438015523439954	0.0014518287822042
0.0001474922079556729	0.0014892113102432
0.00015127758395537885	0.0015275587196622
0.00015516011133444971	0.0015668960078316
0.00015914228347555353	0.0016072488552159
0.00016322665775376163	0.0016486436282497
0.0001674158571787871	0.0016911073836976
0.00017171257207994038	0.0017346678868447
0.00017611956183356413	0.0017793536302413
0.000180639656634975	0.0018251938529482
0.0001852757593165838	0.0018722185602975
0.0001900308472114771	0.0019204585441816
0.00019490797406592153	0.0019699454038853
0.00019991027200019366	0.0020207115674755
0.0002050409535202412	0.0020727903137633
0.00021030331358089179	0.0021262157948549
0.00021570073170168306	0.0021810230593053
0.00022123667413698442	0.0022372480758933
0.00022691469610255856	0.0022949277580336
0.0002327384440585626	0.0023540999888417
0.0002387116580510173	0.002414803646873
0.00024483817411413103	0.0024770786325495
0.00025112192673359723	0.0025409658952974
0.00025756695137337194	0.0026065074614105
0.00026417738706736285	0.002673746462663
0.00027095747907710346	0.0027427271656883
0.0002779115816188734	0.0028134950021474
0.00028504416065930983	0.002886096599706
0.00029235979678380594	0.0029605798138444
0.0002998631881381727	0.0030369937605196
0.0003075591534458334	0.0031153888497064
0.0003154526351020991	0.0031958168198377
0.0003235487023486298	0.003278330773171
0.00033185255452879646	0.0033629852121035
0.00034036952442680686	0.0034498360764647
0.00034910508169214816	0.0035389407818092
0.0003580648363525658	0.0036303582587394
0.00036725454241665463	0.0037241489932852
0.0003766801015692829	0.0038203750683681
0.00038634756696151923	0.0039191002063806
0.0003962631470981666	0.0040203898129095
0.0004064332098246912	0.0041243110216357
0.00041686428641700765	0.0042309327404393
0.00042756307577543367	0.0043403256987463
0.0004385364487272273	0.004452562496147
0.0004497914524390209	0.0045677176523219
0.00046133531494213465	0.0046858676583103
0.0004731754497749451	0.0048070910291576
0.0004853194607437413	0.0049314683579774
0.0004977751468056485	0.0050590823714685
0.000510550507077675	0.0051900179869239
0.0005236537459735549	0.0053243624182199
0.0005370932784724407	0.0054622054024843
0.0005508777355233876	0.0056036391320708
0.0005650159695882489	0.0057487582679576
0.0005795170603262107	0.0058976600070102
0.0005943903204256876	0.0060504441511069
0.0006096453015840608	0.006207213178175
0.0006252918006427737	0.0063680723151924
0.000641339865877905	0.0065331296132095
0.0006577998034542136	0.0067024960244463
0.0006746821840430149	0.0068762854815243
0.0006919978496112831	0.0070546149788898
0.0007097579203842501	0.0072376046564932
0.0007279738019866309	0.007425377885783
0.0007466571927679617	0.0076180613580814
0.0007658200913148005	0.0078157851754071
0.0007854748041563469	0.0080186829438122
0.000805633953668139	0.008226891869304
0.0008263104861780027	0.0084405528564224
0.0008475176802800979	0.0086598106095472
0.0008692691553627937	0.0088848137370103
0.0008915788803549012	0.0091157148580905
0.0009144611826968323	0.0093526707129706
0.0009379307575414521	0.0095958422757385
0.0009620026771919087	0.0098453948705161
0.0009866924007802538	0.0101014982908029
0.0010120157841966434	0.0103643269221218
0.0010379890902707841	0.0106340598680588
0.0010646289992172044	0.0109108810797894
0.001091952619346494	0.0111949794891881
0.0011199774980526571	0.0114865491456187
0.0011487216330824264	0.0117857893565057
0.001178203484093096	0.0120929048317925
0.0012084419845077093	0.0124081058323904
0.0012394565536742804	0.0127316083227279
0.0012712671093365673	0.0130636341275139
0.0013038940804258215	0.013404411092827
0.0013373584201803199	0.0137541732516505
0.0013716816196013841	0.0141131609939728
0.0014068857212554365	0.0144816212415787
0.0014429933334293718	0.0148598076276561
0.0014800276446500992	0.0152479806813506
0.0015180124385763742	0.0156464080174009
0.0015569721092724604	0.0160553645309918
0.0015969316768748418	0.016475132597965
0.0016379168036591437	0.0169060022805327
0.0016799538105220556	0.0173482715386402
0.0017230696938833922	0.0178022464482127
0.001767292143024278	0.0182682418932811
0.0018126495578692104	0.0187465826015569
0.0018591710672240579	0.0192376024783383
0.001906886547483829	0.0197416446822868
0.0019558266418183306	0.0202590618871319
0.0020060227798522987	0.0207902165508291
0.002057507197849189	0.021335481192376
0.002110312959413547	0.0218952386765034
0.0021644739767249575	0.0224698825064557
0.0022200250323162266	0.0230598171250902
0.0022770018014114267	0.0236654582245194
0.00233544087483609	0.0242872330645379
0.002395379782516862	0.0249255808000717
0.0024568570175826547	0.0255809528178985
0.0025199120610856847	0.026253813082895
0.002584585407356353	0.0269446384940684
0.0026509185900087926	0.027653919250641
0.0027189542086141407	0.0283821592284585
0.002788735956058134	0.0291298763670057
0.00286030864660115	0.0298976030673096
0.0029337182446578895	0.0306858866010296
0.003009011894316259	0.0314952895310293
0.0030862379496134733	0.0323263901437397
0.0031654460055894336	0.0331797828936265
0.0032466869301368147	0.0340560788600832
0.0033300128966686398	0.0349559062170762
0.003415477417624685	0.0358799107158811
0.0035031353788372546	0.0368287561812479
0.0035930430747792234	0.0378031250213509
0.003685258244716665	0.0388037187518754
0.003779840109789692	0.039831258534612
0.0038768494110439406	0.0408864857309252
0.003976348448439666	0.0419701624704833
0.00407840112086028	0.0430830722356311
0.00418307296714934	0.0442260204618068
0.004290431208199841	0.0453998351544011
0.004400544790123248	0.0466053675224747
0.004513484428528252	0.047843492629747
0.0046293226539335436	0.049115110063288
0.004748133858348063	0.0504211446203414
0.004869994343046126	0.0517625470137247
0.004994982367568016	0.0531402945962506
0.005123178199979172	0.0545553921046293
0.005254664168418428	0.0560088724233095
0.005389524713970024	0.0575017973687342
0.005527846444892191	0.0590352584944813
0.005669718192237032	0.060610377917777
0.005815231066898828	0.0622283091451135
0.005964478518125948	0.0638902365306972
0.0061175563935342	0.0655973751598931
0.006274563000661228	0.0673509736146673
0.006435599170099563	0.0691523150738877
0.0066007683202514884	0.0710027182513955
0.006770176523744177	0.0729035383576605
0.006943932575550657	0.0748561680854811
0.007122148062858266	0.076862038620208
0.007304937436730993	0.078922620674956
0.007492418085610349	0.0810394255512836
0.0076847104107029725	0.0832140062258044
0.007881937903303288	0.0854479584632077
0.008084227224099896	0.0877429219561487
0.00829170828451834	0.0901005814924823
0.008504514330150216	0.092522668150292
0.008722782026325565	0.0950109605211793
0.008946651545879014	0.0975672859622546
0.009176266659170033	0.100193521877282
0.009411774826413291	0.1028915970274016
0.009653327292378274	0.1056634928718656
0.009901079183519746	0.1085112449391886
0.010155189607600635	0.1114369442291261
0.01041582175587234	0.1144427386458542
0.010683143007877057	0.1175308344627326
0.010957325038939626	0.1207034978189924
0.011238543930418834	0.1239630562486915
0.011526980282787746	0.1273119002422373
0.011822819331616564	0.1307524848407753
0.012126251066531849	0.1342873312636916
0.012437470353229129	0.1379190285694735
0.012756677058616614	0.1416502353501164
0.013084076179171459	0.1454836814592563
0.013419877972589103	0.1494221697741439
0.01376429809281251	0.1534685779915658
0.014117557728525859	0.1576258604577442
0.01447988374520439	0.1618970500322311
0.01485150883080717	0.1662852599857344
0.015232671645212198	0.1707936859317882
0.015623616973484359	0.1754256077920915
0.016024595883078196	0.1801843917953143
0.01643586588507485	0.1850734925090633
0.016857691099556982	0.190096454904671
0.017290342425228974	0.1952569164543686
0.017734097713389053	0.2005586092603252
0.01818924194636746	0.2060053622149796
0.01865606742054354	0.2116011031919543
0.019134873934060465	0.2173498612667993
0.019625968979357342	0.2232557668849683
0.02012966794064273	0.2293230085333448
0.020646294296436257	0.2355558299870576
0.021176179827308413	0.2419585732760012
0.02171966482895221	0.2485356822858378
0.022277098330723024	0.2552917044886372
0.022848838319787516	0.2622312926655468
0.02343525197102479	0.2693592066187727
0.024036715882828682	0.2766803148699141
0.024653616318961392	0.2841995963415814
0.025286349456614385	0.2919221420189778
0.02593532164083586	0.2998531565879911
0.026600949645487725	0.3079979600460839
0.027283660940900942	0.3163619892821213
0.027983893968398735	0.3249507996209945
0.02870209842186704	0.3337700663287486
0.02943873553654952	0.3428255860736135
0.030194278385257466	0.3521232783381791
0.030969212182177772	0.3616691867776298
0.0317640345944825	0.3714694805187818
0.032579256061932085	0.3815304553943216
0.03341540012468424	0.3918585351064627
0.03427300375951312	0.4024602723138788
0.03515261772466085	0.4133423496355703
0.03605480691353585	0.4245115805649504
0.03698015071749244	0.4359749102872345
0.03792924339791855	0.4477394163928132
0.03890269446787424	0.4598123094790915
0.03990112908352445	0.4722009336328563
0.04092518844561889	0.4849127667850272
0.04197553021127375	0.4979554209292192
0.04305282891632427	0.5113366421953265
0.04415777640851467	0.525064310768908
0.04529108229180817	0.5391464406469355
0.04645347438209788	0.5535911792200245
0.047645699174614795	0.5684068066710467
0.04886852232333228	0.583601735179623
0.05012272913267267	0.5991845079216851
0.051409125061835176	0.6151637978530259
0.052728536242066436	0.6315484062653488
0.05408181000720703	0.648347261103133
0.05546981543785427	0.6655694150292099
0.056893443919491436	0.6832240432267883
0.05835360971493997	0.701320440925248
0.059851250551506315	0.7198680206369128
0.06138732822319377	0.7388763090916058
0.06296282920837482	0.7583549438557315
0.06457876530331119	0.7783136696222552
0.0662361742719376	0.7987621956375571
0.06793612051231848	0.8197087692886661
0.06967969574021207	0.8411605973354064
0.07146801969017534	0.8631247008356019
0.07330224083466667	0.8856079091371862
0.07518353712159868	0.9086168397196039
0.07711311673082688	0.9321578771678277
0.0790922188500468	0.9562371512657145
0.08112211447061107	0.9808605141969701
0.08320410720376446	1.006033516843275
0.0853395341178341	1.0317613841709843
0.08752976659689998	1.0580489896993892
0.08977621122150863	1.084900829045719
0.09208031067198517	1.112320992543965
0.094443544654934	1.1403131369371629
0.09686743085351256	1.1688804561449977
0.09935352590209945	1.1980256511115457
0.1019034263859716	1.2277508987405712
0.1045187698666438	1.258057819929112
0.10720123593351795	1.2889474467131092
0.10995254728252786	1.320420188542534
0.11277447082246302	1.3524757977068933
0.11566881880969022	1.3851133339361184
0.11863745001199283	1.4183311282056388
0.12168227090228582	1.4521267457790117
0.12480523688296165	1.4864969485256545
0.128008353541662	1.5214376565561645
0.13129367793928073	1.5569439092224058
0.13466331993101657	1.5930098255345777
0.13811944352133917	1.629628564052886
0.14166426825372225	1.6667922823165144
0.14530007063605094	1.7044920958784822
0.1490291856026058	1.742718037020277
0.15285400801357554	1.781459013226319
0.15677699419304617	1.8207027655038193
0.1608006635064719	1.8604358266399696
0.1649275999786223	1.9006434794940315
0.16916045395306326	1.9413097154283547
0.1735019437942188	1.9824171929880328
0.1779548576331262	2.0239471969453238
0.1825220551579854	2.065879597830588
0.18720646945067354	2.1081928120777036
0.1920111088703821	2.150863762917373
0.19693905898560937	2.19386784215759
0.20199348455572516	2.2371788729956124
0.20717763156340424	2.280769074011168
0.21249482929921054	2.324609024495082
0.2179484924996931	2.368667631272285
0.2235421235403447	2.4129132623718217
0.2292793146848551	2.4573198826306424
0.23516375039207785	2.5018631347526075
0.24119920968221822	2.5465177762904925
0.24738956856373692	2.591257679343331
0.2537388025225527	2.6360558369819533
0.26025098907511596	2.6808843716994937
0.2669303103870224	2.7257145459570937
0.2737810559588172	2.770516774890812
0.28080762538074616	2.815260641241661
0.288014531158191	2.8599149125654226
0.29540640160963566	2.904447560773699
0.3029879838389929	2.9488257840512304
0.3107641467842305	2.993016031188285
0.31873988434422457	3.0369840283592886
0.3269203185858809	3.080694808371595
0.33531070303354815	3.124112742399584
0.34391642604286804	3.1672015742108686
0.352743014261212	3.2099244568818595
0.36179613617692036	3.252243991990211
0.37108160575964855	3.2941222712616787
0.38060538619412415	3.335520920637992
0.39037359370975067	3.376401146721754
0.4003925015084759	3.4167237855427857
0.4106685437934918	3.456449353579144
0.4212083199013064	3.495538100953975
0.4320185985398904	3.5339500667178996
0.44310632213556955	3.571645136114323
0.4544786112915058	3.608583099713536
0.466142769360578	3.644723714289256
0.4781062871356537	3.6800267653000045
0.49037684766020745	3.7144521308258835
0.5029623311624312	3.7479598468006174
0.5158708201159514	3.780510173367676
0.5291106044304564	3.8120636621795234
0.5426901867755113	3.8425812244490385
0.5566182880410397	3.872024199553682
0.5709038529379161	3.900354423984485
0.5855560557423293	3.9275343004249557
0.6005843061875416	3.9535268667383936
0.6159982555068931	3.9782958646370488
0.6318078026318658	4.001805807801953
0.6480231005492532	4.024022049219488
0.6646545628214537	4.044910847498533
0.6817128702741406	4.0644394319315875
0.6992089778555342	4.0825760660637025
0.7171541216717554	4.099290109535194
0.7355598262027011	4.1145520781201155
0.7544379117031557	4.12833678590383
0.7738005017938081	4.140631592240678
0.793660031247137	4.151428346629875
0.8140292539730744	4.160721035217058
0.8349212512096664	4.168505816215345
0.8563494399238998	4.174781050485413
0.8783275814281841	4.179547327147683
0.9008697902179273	4.182807484120969
0.9239905430359604	4.18456662350412
0.9477046881695982	4.18483212174007
0.9720274549862762	4.183613634524988
0.996974463713967	4.18092309644895
1.0225617354725773	4.176774715378406
1.0488057025627837	4.1711849616146575
1.0757232190189983	4.164172551886199
1.1033315714331031	4.155758428256313
1.1316484900560186	4.145965732050124
1.1606921601841471	4.134819772927698
1.1904812338381263	4.12234799325107
1.2210348417412396	4.108579927913775
1.252372605605298	4.093547159820686
1.284514650731788	4.077283271224199
1.3174816189365133	4.059823791139542
1.351294681805859	4.041206139077356
1.3859755542933327	4.021469565345419
1.4215465086649968	4.000655088183547
1.458030388802914	3.978805428005974
1.4954506248755857	3.955964939034398
1.533831248384969	3.932179538611472
1.57319690759961	3.90749663448977
1.6135728833839744	3.881965050394281
1.6549851054339304	3.8556349501581444
1.6974601689289766	3.8285577607307424
1.7410253516117806	3.800786094355434
1.785708631306183	3.7723736702101287
1.8315387038846749	3.7433752357989936
1.8785450016970886	3.713846488376258
1.9267577124721753	3.6838439966751126
1.9762077987044282	3.6534251232047583
2.0269270175383305	3.6226479473681525
2.0789479411630123	3.5915711896407085
2.1323039777302517	3.560254137037491
2.1870293928094764	3.5287565700824604
2.243159331393263	3.497138691479035
2.3007298404676946	3.465461056665854
2.3597778921618895	3.433784506426262
2.4203414074918195	3.4021701017038333
2.482459280713373	3.3706789861996236
2.5461714043004253	3.339359231466971
2.6115186945641304	3.3082304832290337
2.6785431179295576	3.277308103531338
2.747287717886816	3.246606760422756
2.8177966426337693	3.2161404225312746
2.89011517342839	3.1859223552239966
2.9642897536685826	3.1559651182950006
3.040368018718451	3.126280565120854
3.118398826499937	3.0968798432207656
3.1984322888697965	3.067773396155578
3.280519803801655	3.0389709666980544
3.364714088394142	3.0104816012049374
3.451069212726034	2.982313655120366
3.539640634580529	2.954474799539231
3.6304852350604775	2.9269720287589935
3.7236613551178177	2.8998116687482476
3.8192288330203836	2.872999386460893
3.9172490427805626	2.8465401999253244
4.017784933569948	2.8204384890393164
4.120901070145738	2.7946980070023506
4.2266636743144925	2.7693218923188634
4.335140667460355	2.7443126813075187
4.446401714164461	2.7196723210538423
4.560518266944008	2.6954021827454544
4.677563612139378	2.671503075331677
4.797612916979247	2.647975259451516
4.920743277853316	2.624818461576821
5.047033769824142	2.60203188831981
5.176565497409482	2.579614240856998
5.309421646668311	2.557563729424122
5.44568753862328	2.535878087839638
5.5854506840544635	2.514554588016839
5.7288008396991525	2.4935900544275973
5.875830065894408	2.4729808784832277
6.026632785698618	2.452723032800869
6.181305845530634	2.432812085326156
6.339948577364947	2.4132432132856856
6.5026628625235565	2.3940112169450605
6.669553197104631	2.3751105331509113
6.840726759090405	2.356535248637436
7.016293477177792	2.3382791130802
7.196366101375084	2.32033555188221
7.381060275410783	2.3026976786791162
7.570494611000495	2.285358307552433
7.764790764020402	2.2683099649413463
7.964073512635197	2.2515449012455653
8.168470837431483	2.2350551021130647
8.37811400360745	2.2188323764022297
8.593137645272522	2.2028714255125372
8.813679851909978	2.187170885345115
9.03988225705895	2.171729473695597
9.27189012927212	2.1565457120984446
9.509852465408402	2.141617933367858
9.753922086319411	2.126944288953539
10.004255734992052	2.1125227561072655
10.26101417720953	2.0983511448572103
10.524362304796544	2.0844271047876792
10.794469241513516	2.070748131622857
11.071508451669061	2.057311573613699
11.355657851519487	2.0441146377279
11.64709992352817	2.031154395643349
11.946021833556571	2.018427789546167
12.252615551063462	2.005931637734789
12.567077972388521	1.9936626400321067
12.889611047200871	1.9816173830079908
13.220421908192032	1.9697923450150072
13.559723004097979	1.9581839010403137
13.907732236134619	1.9467883273771371
14.264673097935823	1.935601806119346
14.63077481908205	1.924620429482985
15.006272512313126	1.9138402039586928
15.39140732451868	1.9032570542991625
15.78642659160474	1.8928668273458338
16.191583997333957	1.8826652956992234
16.607139736243045	1.872648161237252
17.033360680740838	1.8628110584860622
17.470520552496048	1.8531495578477766
17.91890009822266	1.843659168689751
18.378787269976765	1.8343353422997974
18.850477410081865	1.8251734747118349
19.334273440799013	1.8161689094064641
19.830486058865564	1.8073169398908282
20.33943393502597	1.7986128121621447
20.86144391868486	1.7900517270591492
21.396851247811185	1.7816288425057105
21.945999764230336	1.7733392756507194
22.509242134440836	1.7651781049083182
23.08694007609983	1.7571403719023948
23.679464590319714	1.7492210833192507
24.287196199927653	1.7414152126721598
24.910525193838925	1.7337177019815142
25.54985187770387	1.726123463374076
26.205586830985908	1.7186273806048267
26.87815117063851	1.7112243105047285
27.56797682154832	1.7039090843576552
28.275506793921014	1.6966766528956665
29.00119546778443	1.6895243779108702
29.745508884794553	1.6824516307077242
30.508925047529427	1.6754578253076262
31.29193422646659	1.6685423572313922
32.09503927483686	1.661704604376528
32.918755951560215	1.6549439278560614
33.76361325246834	1.6482596728003953
34.6301537500303	1.6416511691235391
35.51893394179503	1.6351177322551271
36.4305246077778	1.6286586638395157
37.36551117701767	1.6222732524032766
38.32449410354504	1.6159607739923159
39.308089251995824	1.6097204927798756
40.31692829312404	1.6035516616465695
41.351659109463434	1.5974535227336302
42.41294621140321	1.5914253079704472
43.50147116393954	1.5854662395775116
44.617933024381344	1.5795755305457715
45.76304879128783	1.5737523850934387
46.937553864931154	1.5679959991011774
48.1422025195741	1.5623055605266478
49.37776838786845	1.5566802497993
50.645044957688626	1.551119240196256
51.94484608171304	1.5456216982001678
53.278006500085894	1.540186783839817
54.64538237649092	1.5348136510142554
56.04785184798703	1.529501447801205
57.48631558895183	1.5242493167504676
58.96169738950088	1.5190563951629976
60.47494474874971	1.5139218153563243
62.027029483305874	1.508844704916923
63.61894835137386	1.5038241869401772
65.25172369288012	1.4988593802584878
66.92640408602408	1.4939493996580966
68.64406502068417	1.489093356085142
70.4058095891021	1.4842903568414794
72.21276919429633	1.479539505770731
74.06610427665392	1.4748399034350534
75.96700505917536	1.4701906472830368
77.91669231184102	1.4655908318092017
79.91641813559801	1.4610395487054633
81.9674667664648	1.4565358870049823
84.0711554002787	1.452078933218743
86.22883503860479	1.4476677714652422
88.44189135635833	1.4433014835936069
90.7117455916913	1.438979149300471
93.03985545872376	1.4346998462409133
95.42771608369411	1.4304626826220563
97.87686096513966	1.426267050998652
100.38886295871583	1.4221124910068454
102.96533528729772	1.417998541917268
105.60793257699885	1.4139247414449052
108.31835191978348	1.4098906258287824
111.09833396334629	1.4058957299076358
113.94966402897145	1.40193958719175
116.87417325807377	1.3980217299311717
119.87373978817018	1.3941416891804597
122.95028995902787	1.3902989948601552
126.10579954977631	1.3864931758151233
129.34229504776107	1.382723759869934
132.66185494996827	1.3789902738814148
136.06661109784397	1.3752922437885404
139.5587500463813	1.3716291946597539
143.14051446833668	1.3680006507378892
146.81420459448458	1.3644061354827932
150.58217969084572	1.3608451716117553
154.44685957381796	1.3573172811378817
158.4107261641994	1.353821985406488
162.47632508108788	1.3503588051296378
166.6462672767003	1.346927260418893
170.92323071313697	1.3435268708163957
175.3099620821878	1.3401571553243343
179.80927856926917	1.3368176324329155
184.42406966264488	1.333507820146869
189.1572990090682	1.3302272360106104
194.01200631705635	1.3269753971320875
198.99130930900392	1.3237518202054135
204.0984057234117	1.3205560215323127
209.33657536848784	1.3173875170424738
214.70918222846356	1.3142458223128448
220.21967662395824	1.3111304525859302
225.87159742780491	1.3080409227871428
231.6685743377302	1.3049767475412541
237.61433020737104	1.3019374411879998
243.71268343710707	1.2989225177968722
249.96755042627078	1.2959314911811441
256.3829480882758	1.2929638749111703
262.9629964303068	1.2900191823269962
269.7119211992056	1.287096926550318
276.6340565952823	1.2841966204958146
283.73384805575745	1.2813177768818929
291.0158551096531	1.2784599082408823
298.48475430594107	1.275622526928695
306.14534221686387	1.2728051451339804
314.0025385183138	1.270007274886813
322.0613891492832	1.2672284721558238
330.32706955238734	1.2644685148175787
338.8048879975796	1.2617272503643642
347.5002889911444	1.259004526186203
356.4188567721974	1.256300189552302
365.56631889890764	1.2536140876172719
374.94854992678495	1.2509460674270243
384.5715751813475	1.2482959759243673
394.4415746276145	1.2456636599543176
404.5648868389327	1.2430489662691362
414.9480130676364	1.2404517415331033
425.5976214201961	1.2378718323270523
436.5205511395052	1.2353090851526713
447.7238169971011	1.232763346436576
459.21461379808176	1.2302344625341814
471.0003210016595	1.2277222797333718
483.08850746028116	1.2252266442579793
495.48693628041036	1.2227474022710851
508.2035698080288	1.2202843998781527
521.2465747421096	1.217837483129996
534.6243273793065	1.2154064980255996
548.3454189932831	1.2129912905147866
562.4186613520679	1.210591706500756
576.8530923770314	1.2082075918424864
591.6579819470778	1.2058387923570157
606.8428378518424	1.2034851538216031
622.4174118976345	1.2011465219757795
638.3917061701152	1.1988227425232942
654.77597945768	1.1965136611339597
671.5807538397406	1.1942191234454014
688.8168214440509	1.1919389750647151
706.4952513774856	1.1896730615700448
724.6273968346682	1.187421228512073
743.2249023890906	1.185183321415437
762.2997114713088	1.1829591857800712
781.8640740390974	1.1807486670824825
801.9305544444235	1.1785516107769556
822.5120395023835	1.1763678622967009
843.6217467671709	1.174197267054938
865.2732330204818	1.1720396704459293
887.4804029777378	1.1698949178459557
910.2575182178135	1.1677628546142427
933.6192063418868	1.1656433260938397
957.580470367383	1.1635361776124538
982.1566983629784	1.1614412544832422
1007.3636733309511	1.1593584020055583
1033.2175833430997	1.1572874654656649
1059.7350319367997	1.1552282901475717
1086.9330487779396	1.153180734636113
1114.8291005974445	1.1511446970072858
1143.4411024085339	1.1491200826194248
1172.7874290118177	1.1471067968208295
1202.886926795753	1.1451047449502765
1233.7589258398773	1.1431138323375116
1265.423252328718	1.1411339643037108
1297.9002412842542	1.1391650461619258
1331.2107496252427	1.1372069832174967
1365.3761695616224	1.1352596807684503
1400.4184423327404	1.1333230441058761
1436.3600722981068	1.131396978514284
1473.224141389893	1.1294813892719386
1511.0343239362464	1.127576181651184
1549.8149018651081	1.1256812609187454
1589.5907802981715	1.1237965323360208
1630.3875035451656	1.1219219011593509
1672.2312715085236	1.1200572726402813
1715.1489565091401	1.1182025520258072
1759.1681205438917	1.1163576445586108
1804.3170329861887	1.1145224554772775
1850.6246887406887	1.1126968900165095
1898.120826864029	1.110880853407325
1946.8359496633707	1.1090742508772464
1996.8013422852493	1.107276987650482
2048.049092807026	1.1054889689480913
2100.61211284408	1.1037100999881522
2154.5241586857833	1.1019402859859115
2209.8198529740826	1.1001794321539289
2266.5347069383124	1.098427443702218
2324.7051432007515	1.0966842258383724
2384.368519167386	1.0949496837676973
2445.5631510191574	1.0932237226933177
2508.3283383187845	1.0915062478162971
2572.7043892492125	1.089797164335741
2638.7326464996972	1.088096377448896
2706.4555138164433	1.0864037923512484
2775.916483234492	1.0847193142366098
2847.160163008505	1.0830428482972085
2920.2323062605788	1.0813742997237665
2995.1798403630964	1.0797135737055772
3072.050897075808	1.07806057543058
3150.8948434562544	1.0764152100854307
3231.762313563721	1.074777382855563
3314.7052409766447	1.0731469989252556
3399.7768921447255	1.0715239634776885
3487.0319005968618	1.0699081816950025
3576.5263020272755	1.0682995590962279
3668.317570281884	1.066698032804494
3762.464654268397	1.0651035968757785
3859.028015813557	1.0635162513257486
3958.069668492249	1.0619359961692707
4059.653217452888	1.0603628314204538
4163.8439002650875	1.0587967570926862
4270.708628815498	1.0572377731986753
4380.316032279207	1.0556858797504793
4492.736501193695	1.0541410767595416
4608.042232664117	1.0526033642367216
4726.3072767286	1.0510727421923263
4847.607583913814	1.0495492106361353
4972.02105401073	1.0480327695774314
5099.627586102413	1.0465234190250223
5230.509129875542	1.0450211589872684
5364.749738249215	1.0435259894721032
5502.4356213541005	1.0420379104870556
5643.655201897176	1.0405569220392694
5788.499171947172	1.0390830241355276
5937.0605511777985	1.037616216782264
6089.434746605389	1.0361564999855868
6245.71961385994	1.034703873751291
6406.015520028426	1.0332583380848785
6570.4254081113995	1.0318198929915687
6739.0548631334395	1.0303885384763165
6912.012179950584	1.0289642745438228
7089.408432797749	1.0275471011985509
7271.357546621563	1.0261370184447351
7457.976370243516	1.0247340262863947
7649.384751400818	1.023338124727344
7845.705613713657	1.0219493137712035
8047.065035627279	1.0205675934214082
8253.592331380443	1.0191929636812191
8465.420134051568	1.0178254245537313
8682.684480736852	1.0164649760418807
8905.524899913888	1.0151116181484554
9134.084501047804	1.0137653508761004
9368.5100664968	1.0124261742273273
9608.952145777012	1.0110940882045185
9855.5651522461	1.0097690928099352
10108.507462268555	1.008451188045724
10367.941516925684	1.0071403739139222
10634.033926336675	1.0058366504164638
10906.955576656344	1.004540017555183
11186.881739819399	1.0032504753318212
11473.992186100835	1.0019680237480328
11768.47129956595	1.0006926628053854
12070.50819648261	0.9994500105440898
12380.296846772995	0.9982428949778138
12698.03619858195	0.9970396966013266
13023.930306043174	0.9958403947550095
13358.188460323683	0.9946449689299532
13701.025324032058	0.9934533987665544
14052.66106907566	0.9922656640531301
14413.32151805697	0.9910817447245445
14783.238289297815	0.9899016208608548
15162.648945586281	0.9887252726859697
15551.79714674053	0.9875526805663253
15950.932806089257	0.9863838250095731
16360.312250967108	0.9852186866632844
16780.198387329896	0.9840572463136688
17210.860868593874	0.9828994848843079
17652.576268809542	0.9817453834349007
18105.62826027869	0.9805949231600248
18570.3077957307	0.9794480853879114
19046.913295173654	0.9783048515792331
19535.750837542222	0.9771652033259042
20037.134357263047	0.9760291223498965
20551.38584586489	0.9748965905020667
21078.83555876438	0.9737675897609958
21619.822227357472	0.9726421022318432
22174.69327655513	0.9715201101452116
22743.805047901027	0.9704015958560257
23327.523028417214	0.9692865418424214
23926.22208532147	0.9681749307046487
24540.28670676962	0.967066745163985
25170.111248775436	0.9659619680616627
25816.100188469547	0.9648605823578041
26478.668383856355	0.9637625711303719
27158.24134023875	0.9626679175741282
27855.25548347942	0.9615766049996082
28570.158440277304	0.9604886168320992
29303.409325635446	0.9594039366106358
30055.47903770777	0.9583225479870032
30826.85056021194	0.9572444347247528
31618.019272605656	0.9561695806982251
32429.493268221464	0.9550979698915868
33261.793680567906	0.9540295863978753
34115.45501800357	0.9529644144180555
34991.025507003076	0.9519024382600837
35889.06744423044	0.9508436423379847
36810.157557649916	0.9497880111709353
37754.88737690314	0.9487355293823607
38723.86361319462	0.9476861816990375
39717.708548924245	0.9466399529502073
40737.06043732143	0.9455968280666998
41782.573912333995	0.9445567920800655
42854.92040903978	0.9435198301217146
43954.788594845195	0.9424859274220689
45082.88481175215	0.9414550693097188
46239.93352997393	0.9404272412105925
47426.67781319625	0.9394024286471298
48643.87979577593	0.938380617237468
49892.32117218894	0.9373617926946336
51172.80369903786	0.936345940825745
52486.14970994691	0.9353330475312197
53833.20264366861	0.9343230988039926
55214.82758574403	0.9333160807287421
56631.911824068295	0.9323119794811214
58085.36541871063	0.931310781327001
59576.12178636131	0.9303124726217162
61105.13829977586	0.9293170398093253
62673.396902608	0.9283244694218709
64281.90474001827	0.9273347480786526
65931.69480546957	0.926347862485505
67623.82660411995	0.9253637994340849
69359.38683324604	0.9243825458011616
71139.4900801247	0.9234040885479192
72965.27953782874	0.9224284147192626
74837.9277393904	0.9214555114431326
76758.63731081215	0.9204853659298247
78728.64174339837	0.9195179654713185
80749.20618591206	0.9185532974406105
82821.62825705868	0.9175913492910569
84947.23887882818	0.9166321085557185
87127.40313121886	0.9156755628467161
89363.52112890118	0.9147216998545902
91657.02892037744	0.9137705073476674
94009.3994102245	0.9128219731714333
96422.14330499951	0.911876085247911
98896.81008342617	0.9109328315750457
101434.9889914765	0.9099922002260971
104038.31006299838	0.9090541793490342
106708.44516653048	0.9081187571659398
109447.10907898765	0.9071859219724172
112256.06058689805	0.9062556621370069
115137.10361591112	0.9053279661006043
118092.08838928638	0.904402822375886
121122.91261611976	0.9034802195467412
124231.52271006031	0.9025601462677083
127419.91503931393	0.9016425912634166
130690.1372087199	0.9007275433280334
134044.28937473663	0.8998149913247169
137484.52559417125	0.8989049241850748
141013.0552075335	0.8979973309086262
144632.1442578848	0.8970922005622699
148344.1169461017	0.8961895222797592
152151.35712349796	0.8952892852611782
156056.30982274396	0.8943914787724256
160061.4828280839	0.8934960921447034
164169.44828584528	0.8926031147740097
168382.8443562937	0.8917125361206355
172704.37690787078	0.8908243457086684
177136.82125492176	0.8899385331254986
181683.02394001395	0.8890550880213323
186345.90456201113	0.8881740001087056
191128.4576510528	0.8872952591620079
196033.7545916619	0.8864188550170053
201064.94559520122	0.8855447775703722
206225.2617229663	0.8846730167792235
211518.01696118718	0.8838035626606545
216946.61034929327	0.882936405291283
222514.52816279075	0.8820715348067975
228225.34615217923	0.8812089414015059
234082.73183931402	0.8803486153278938
240090.44687271412	0.8794905468961814
246252.349443309	0.8786347264738897
252572.3967622022	0.8777811444854051
259054.64760200938	0.8769297914115529
265703.26490343036	0.8760806577891718
272522.5184487075	0.8752337342106942
279516.7876037162	0.8743890113237283
286690.5641304136	0.8735464798306448
294048.4550714786	0.8727061304881686
301595.1857089746	0.8718679541069736
309335.60259896616	0.8710319415512789
317274.6766839989	0.8701980837384523
325417.5064854729	0.8693663716386145
333769.32137793506	0.8685367962742494
342335.4849474284	0.8677093487198146
351121.4984360107	0.8668840201013589
360133.00427469	0.866060801596141
369375.7897070182	0.8652396844322527
378855.7905057083	0.8644206598882443
388579.09478461696	0.8636037192927549
398551.9469085591	0.8627888540241451
408780.7515034934	0.8619760555101322
419272.0775696009	0.8611653152274308
430032.6626999422	0.8603566247013943
441069.4174073686	0.8595499755056617
452389.4295625134	0.858745359261805
463999.9689456529	0.8579427676389823
475908.4919154102	0.8571421923535922
488122.64619725966	0.8563436251689328
500650.2757949632	0.8555470578948612
513499.42602802324	0.8547524823874586
526678.3486984428	0.8539598905486973
540195.5073900677	0.8531692743261106
554059.5829039734	0.8523806257124648
568279.4788333134	0.8515939367454359
582864.3272812684	0.8508091995072873
597823.4947257215	0.8500264061245519
613166.5880344921	0.8492455487677155
628903.4606349072	0.8484666196509033
645044.2188417419	0.8476896110315701
661599.2283475368	0.8469145152101928
678579.1208795357	0.846141324529964
695994.8010274277	0.8453700313764907
713857.4532463495	0.844600628177493
732178.5490395904	0.8438331074025092
750969.8543256911	0.843067461562598
770243.4369945676	0.8423036832100484
790011.6746575941	0.841541764938089
810287.2625965569	0.8407816993806014
831083.2219166755	0.8400234792118345
852412.9079088117	0.8392670971461227
874290.018626331	0.8385125459376056
896728.6036820504	0.8377598183799513
919743.0732710208	0.8370089073060794
943348.2074248183	0.8362598055878896
967559.165503381	0.8355125061359902
992391.4959304171	0.8347670018994305
1.017861146178734e6	0.8340232858654343
1.0439844730117851e6	0.8332813510591351
1.070778252988058e6	0.832541190543317
1.0982596932351252e6	0.8318027974181526
1.1264464425001391e6	0.8310661648209471
1.155356602483976e6	0.8303312859258829
1.185008739466228e6	0.8295981539437671
1.2154218962286273e6	0.82886676212178
1.2466156042844043e6	0.8281371037432264
1.2786098964215603e6	0.8274091721272889
1.3114253195680093e6	0.8266829606287844
1.3450829479869923e6	0.8259584626379193
1.379604396811062e6	0.8252356715800507
1.41501183592347e6	0.8245145809154469
1.4513280041957614e6	0.8237951841390514
1.4885762240908719e6	0.8230774747802474
1.526780416640919e6	0.8223614464026255
1.565965116809452e6	0.8216470926037525
1.6061554892479093e6	0.8209344070149436
1.647377344456579e6	0.8202233833010334
1.6896571553602107e6	0.8195140151601522
1.7330220743091134e6	0.8188062963235015
1.7774999505165096e6	0.8181002205551343
1.8231193479435418e6	0.8173957816517327
1.8699095636431708e6	0.8166929734423918
1.917900646574949e6	0.8159917897884028
1.967123416902588e6	0.8152922245830395
2.0176094857869348e6	0.8145942717513438
2.0693912756867984e6	0.8138979252499162
2.1225020411808747e6	0.8132031790667059
2.176975890323982e6	0.8125100272208037
2.232847806551545e6	0.8118184637622351
2.290153671146113e6	0.811128482771757
2.3489302862805678e6	0.8104400783606547
2.4092153986526304e6	0.8097532446705408
2.471047723726126e6	0.8090679758731559
2.534466970594216e6	0.8083842661701709
2.5995138674808564e6	0.8077021097929903
2.666230187896635e6	0.8070215010025584
2.7346587774660815e6	0.8063424340891656
2.8048435814433163e6	0.8056649033722565
2.876829672933995e6	0.8049889032002404
2.950663281841448e6	0.8043144279503032
3.0263918245559274e6	0.8036414720282191
3.10406393440564e6	0.8029700298681657
3.183729492889295e6	0.8023000959325404
3.2654396617104383e6	0.8016316647117767
3.3492469156337217e6	0.8009647307241637
3.4352050761845564e6	0.8002992885156659
3.523369346213527e6	0.7996353326597454
3.6137963453481435e6	0.7989728577571843
3.706544146354206e6	0.7983118584359091
3.8016723124305443e6	0.7976523293508168
3.899241935460754e6	0.7969942651836024
3.9993156752469316e6	0.7963376606425862
4.101957799750076e6	0.7956825104625446
4.207234226363415e6	0.7950288094045407
4.3152125642448375e6	0.7943765522557577
4.425962157736079e6	0.7937257338293312
4.539554130895962e6	0.7930763489641852
4.656061433176758e6	0.792428392524868
4.775558886272632e6	0.7917818594013903
4.8981232321707895e6	0.7911367445090637
5.023833182435512e6	0.7904930427883402
5.152769468757267e6	0.7898507492046543
5.285014894798941e6	0.7892098587482654
5.420654389373079e6	0.7885703664341013
5.559775060983528e6	0.7879322673016028
5.702466253767122e6	0.7872955564145706
5.848819604870871e6	0.7866602288610121
5.998929103302129e6	0.7860262797529897
6.152891150288742e6	0.7853937042264706
6.310804621188589e6	0.7847624974411775
6.472770928987751e6	0.7841326545804409
6.63889408942881e6	0.7835041708510513
6.8092807878102185e6	0.7828770414831135
6.984040447500329e6	0.7822512617299023
7.163285300209553e6	0.7816268268677188
7.347130458066528e6	0.7810037321957469
7.53569398754364e6	0.780381973035913
7.729096985280125e6	0.7797615447327438
7.927463655850837e6	0.7791424426532296
8.130921391531518e6	0.7785246621866833
8.339600854110716e6	0.7779081987446035
8.553636058801405e6	0.7772930477605404
8.77316446030671e6	0.7766792046899577
8.998327041093925e6	0.7760666650100995
9.229268401934415e6	0.7754554242198572
9.46613685476686e6	0.7748454778396379
9.709084517944457e6	0.7742368214112308
9.958267413925998e6	0.7736294504976792
1.0213845569474565e7	0.7730233606831498
1.0475983118427401e7	0.7724185475728056
1.0744848407104088e7	0.7718150067926765
1.1020614102419272e7	0.7712127339895342
1.1303457302770566e7	0.7706117248307667
1.159355965177189e7	0.770011975004253
1.1891107454906566e7	0.7694134802182394
1.2196291799173519e7	0.7688162362012172
1.2509308675804669e7	0.7682202387018001
1.2830359106131332e7	0.7676254834886039
1.3159649270681864e7	0.7670319663501255
1.3497390641591685e7	0.7664396830946244
1.384380011841216e7	0.7658486295500038
1.419910016740441e7	0.7652588015636932
1.456351896440906e7	0.7646701950025321
1.493729054138178e7	0.7640828057526534
1.5320654936690213e7	0.7634966297193687
1.5713858349267635e7	0.7629116628270549
1.6117153296724044e7	0.7623279010190397
1.6530798777514067e7	0.7617453402574896
1.6955060437267575e7	0.7611639765232981
1.7390210739388425e7	0.7605838058159756
1.783652914003281e7	0.760004824153538
1.8294302267577227e7	0.7594270275723977
1.8763824106693216e7	0.7588504121272558
1.924539618714555e7	0.7582749738909942
1.9739327777437273e7	0.7577007089545678
2.0245936083423264e7	0.757127613426899
2.0765546452022064e7	0.7565556834347721
2.1298492580155015e7	0.7559849151227288
2.1845116729049332e7	0.7554153046529639
2.2405769944039915e7	0.7548468482052217
2.2980812280012295e7	0.7542795419766954
2.357061303263299e7	0.7537133821819229
2.4175550975512825e7	0.7531483650526869
2.4796014603457917e7	0.752584486837915
2.543240238196274e7	0.75202174380358
2.6085123003108077e7	0.7514601322325999
2.6754595648024894e7	0.750899648424741
2.7441250256095327e7	0.7503402886965196
2.8145527801061608e7	0.7497820493811059
2.88678805742232e7	0.749224926828227
2.960877247490028e7	0.7486689174040718
3.0368679308353018e7	0.7481140174911969
3.1148089091345847e7	0.7475602234884312
3.1947502365555953e7	0.7470075318107833
3.2767432519023374e7	0.7464559388893486
3.360840611585235e7	0.7459054411712166
3.447096323437302e7	0.7453560351193802
3.53556578139844e7	0.7448077172126442
3.6263058010896705e7	0.7442604839455349
3.719374656300517e7	0.743714331828211
3.8148321164126806e7	0.7431692573863745
3.912739484784458e7	0.7426252571611822
4.0131596381200194e7	0.7420823277091574
4.1161570668492705e7	0.7415404656021034
4.221797916543876e7	0.7409996674270172
4.330150030396517e7	0.7404599297860025
4.4412829927900925e7	0.739921249296185
4.555268173985282e7	0.7393836225896272
4.6721787759548396e7	0.7388470463132452
4.792089879394528e7	0.7383115171287234
4.915078491940273e7	0.737777031712433
5.041223597622997e7	0.7372435867553484
5.170606207592504e7	0.736711178962966
5.303309412143535e7	0.7361798050552223
5.439418434076724e7	0.7356494617664133
5.579020683429268e7	0.7351201458451144
5.722205813610022e7	0.7345918540541005
5.869065778975699e7	0.7340645831702666
6.019694893884399e7	0.7335383299845493
6.17418989326473e7	0.7330130913018493
6.3326499947398156e7	0.7324888639409527
6.4951769623452894e7	0.7319656447344548
6.661875171882855e7	0.731443430528683
6.83285167795088e7	0.7309222181836215
7.008216282695776e7	0.7304020045728348
7.188081606327426e7	0.7298827865833937
7.372563159444652e7	0.7293645611157997
7.561779417216624e7	0.7288473250839125
7.755851895468628e7	0.7283310754148749
7.954905228720069e7	0.7278158090490406
8.159067250225616e7	0.7273015229399018
8.368469074070257e7	0.7267882140540168
8.583245179371923e7	0.7262758793709388
8.803533496644528e7	0.7257645158831443
9.029475496377932e7	0.7252541205959624
9.261216279890874e7	0.7247446905275062
9.498904672516297e7	0.724236222708601
9.74269331917763e7	0.7237287141827162
9.99273878241842e7	0.7232221620058964
1.0249201642947441e8	0.7227165632466935
1.0512246602765045e8	0.722211914986098
1.0782042590935479e8	0.7217082143174721
1.1058762872074324e8	0.7212054583464826
1.134258515761974e8	0.720703644191035
1.1633691719960317e8	0.7202027689812063
1.193226950949118e8	0.71970282985918