# Internal run number: twoLoop 1940
# All dimensionful quantities in GeV
# Rescaling factor from internal to physical units: 1.09279
# Quantity: ghost dressing function G
# Syntax: p^2 [GeV^2], G
# Cutoff in GeV^2, renormalization constant Zt3:           6
1.09279 10, 0.801606
# Renormalization point: 0.00000109279
# Renormalization value: 11.3715
# Lowest/highest points (extrapolated beyond that): 0.00000109279/10927.9
# alpha(mu)=0.05
#
1.0927934932009614e-14	15.
1.12557729799699e-14	15.
1.1474331678610093e-14	15.
1.1802169726570383e-14	15.
1.2130007774530671e-14	15.
1.245784582249096e-14	15.
1.2676404521131152e-14	15.
1.300424256909144e-14	15.
1.3332080617051728e-14	15.
1.3769198014332112e-14	15.
1.4097036062292401e-14	15.
1.442487411025269e-14	15.
1.4861991507533073e-14	15.
1.5189829555493363e-14	15.
1.5626946952773746e-14	15.
1.5954785000734033e-14	15.
1.639190239801442e-14	15.
1.6829019795294804e-14	15.
1.7266137192575187e-14	15.
1.7703254589855574e-14	15.
1.8140371987135958e-14	15.
1.8577489384416342e-14	15.
1.9123886131016823e-14	15.
1.9561003528297207e-14	15.
2.010740027489769e-14	15.
2.0544517672178073e-14	15.
2.1090914418778554e-14	15.
2.1637311165379035e-14	15.
2.2183707911979514e-14	15.
2.2839384007900093e-14	15.
2.338578075450057e-14	15.
2.3932177501101052e-14	15.
2.4587853597021628e-14	15.
2.5243529692942207e-14	15.
2.5899205788862783e-14	15.
2.6554881884783362e-14	15.
2.7210557980703937e-14	15.
2.7866234076624513e-14	15.
2.863118952186519e-14	15.
2.939614496710586e-14	15.
3.016110041234653e-14	15.
3.0926055857587203e-14	15.
3.169101130282788e-14	15.
3.2455966748068556e-14	15.
3.3330201542629324e-14	15.
3.420443633719009e-14	15.
3.507867113175085e-14	15.
3.595290592631163e-14	15.
3.6827140720872395e-14	15.
3.781065486475326e-14	15.
3.8794169008634125e-14	15.
3.9777683152514994e-14	15.
4.076119729639586e-14	15.
4.185399078959682e-14	15.
4.294678428279778e-14	15.
4.4039577775998744e-14	15.
4.51323712691997e-14	15.
4.633444411172076e-14	15.
4.7536516954241815e-14	15.
4.873858979676287e-14	15.
4.994066263928393e-14	15.
5.125201483112509e-14	15.
5.256336702296624e-14	15.
5.398399856412749e-14	15.
5.529535075596864e-14	15.
5.671598229712989e-14	15.
5.824589318761124e-14	15.
5.966652472877249e-14	15.
6.119643561925384e-14	15.
6.283562585905527e-14	15.
6.436553674953661e-14	15.
6.600472698933807e-14	15.
6.77531965784596e-14	15.
6.950166616758114e-14	15.
7.125013575670268e-14	15.
7.310788469514431e-14	15.
7.496563363358595e-14	15.
7.693266192134767e-14	15.
7.889969020910941e-14	15.
8.086671849687113e-14	15.
8.294302613395296e-14	15.
8.512861312035488e-14	15.
8.731420010675681e-14	15.
8.949978709315872e-14	15.
9.179465342888075e-14	15.
9.419879911392286e-14	15.
9.660294479896498e-14	15.
9.911636983332718e-14	15.
1.016297948676894e-13	15.
1.0425249925137171e-13	15.
1.0687520363505401e-13	15.
1.0960718736805642e-13	15.
1.1244845045037891e-13	15.
1.1539899288202151e-13	15.
1.183495353136641e-13	15.
1.214093570946268e-13	15.
1.244691788755895e-13	15.
1.2763828000587226e-13	15.
1.3091666048547518e-13	15.
1.3430432031439815e-13	15.
1.378012594926412e-13	15.
1.412981986708843e-13	15.
1.449044171984475e-13	15.
1.4861991507533074e-13	15.
1.524446923015341e-13	15.
1.5637874887705756e-13	15.
1.604220848019011e-13	15.
1.6446542072674466e-13	15.
1.6872731535022843e-13	15.
1.7298920997371216e-13	15.
1.774696632958361e-13	15.
1.8205939596728014e-13	15.
1.867584079880443e-13	15.
1.9145742000880842e-13	15.
1.9637499072821275e-13	15.
2.0140184079693718e-13	15.
2.0664724956430178e-13	15.
2.1189265833166641e-13	15.
2.173566257976712e-13	15.
2.229298726129961e-13	15.
2.286123987776411e-13	15.
2.345134836409263e-13	15.
2.4052384785353156e-13	15.
2.4675277076477707e-13	15.
2.530909730253426e-13	15.
2.595384546352283e-13	15.
2.662044949437542e-13	15.
2.730890939509202e-13	15.
2.8008297230740635e-13	15.
2.8729540936253274e-13	15.
2.9461712576697916e-13	15.
3.021574008700658e-13	15.
3.0991623467179265e-13	15.
3.1789362717215967e-13	15.
3.260895783711669e-13	15.
3.3439480891949415e-13	15.
3.4302787751578177e-13	15.
3.5177022546138947e-13	15.
3.608404114549574e-13	15.
3.701291561471656e-13	15.
3.7963645953801397e-13	15.
3.893623216275025e-13	15.
3.9930674241563123e-13	15.
4.095790012517203e-13	15.
4.2006981878644956e-13	15.
4.3088847436913905e-13	15.
4.419256886504688e-13	15.
4.5329074097975875e-13	15.
4.648743520076889e-13	15.
4.767858010835795e-13	15.
4.890250882074302e-13	15.
5.015922133792412e-13	15.
5.144871765990126e-13	15.
5.277099778667442e-13	15.
5.412606171824362e-13	15.
5.551390945460883e-13	15.
5.693454099577008e-13	15.
5.839888427665938e-13	15.
5.989601136234468e-13	15.
6.143685018775804e-13	15.
6.301047281796743e-13	15.
6.462780718790485e-13	15.
6.628885329757031e-13	15.
6.799361114696381e-13	15.
6.973115280115333e-13	15.
7.152333413000291e-13	15.
7.335922719858053e-13	15.
7.523883200688619e-13	15.
7.717307648985189e-13	15.
7.915103271254562e-13	15.
8.118362860989941e-13	15.
8.327086418191325e-13	15.
8.540181149365512e-13	15.
8.759832641498906e-13	15.
8.984948101098303e-13	15.
9.215527528163707e-13	15.
9.451570922695114e-13	15.
9.694171078185728e-13	15.
9.943327994635547e-13	15.
1.019794887855137e-12	15.
1.0460219316919601e-12	15.
1.0727953722753836e-12	15.
1.100333768304048e-12	15.
1.128637119777953e-12	15.
1.1575961473477783e-12	15.
1.1873201303628445e-12	15.
1.2178090688231513e-12	15.
1.249062962728699e-12	15.
1.281081812079487e-12	15.
1.3139748962248358e-12	15.
1.3476329358154255e-12	15.
1.382274489549896e-12	15.
1.417680998729607e-12	15.
1.454071022053199e-12	15.
1.4914445595206719e-12	15.
1.5296923317827056e-12	15.
1.5689236181886202e-12	15.
1.6092476980877357e-12	15.
1.6505552921307318e-12	15.
1.6929556796669292e-12	15.
1.7363395813470075e-12	15.
1.7809255558696066e-12	15.
1.826604323885407e-12	15.
1.873485164743728e-12	15.
1.9215680784445703e-12	15.
1.9708530649879335e-12	15.
2.0214494037231384e-12	15.
2.073357094650184e-12	15.
2.1265761377690706e-12	15.
2.181215812429119e-12	15.
2.237166839281008e-12	15.
2.2945384976740586e-12	15.
2.3534400669575904e-12	15.
2.4138715471316036e-12	15.
2.475832938196098e-12	15.
2.5393242401510736e-12	15.
2.6045640116951713e-12	15.
2.67133369412975e-12	15.
2.73996112550277e-12	15.
2.8102277471155923e-12	15.
2.8823521176668554e-12	15.
2.9563342371565607e-12	15.
3.032174105584707e-12	15.
3.1099810023006157e-12	15.
3.189864206653606e-12	15.
3.271714439294358e-12	15.
3.3556409795721917e-12	15.
3.4418623861857475e-12	15.
3.5301601004363855e-12	15.
3.620752681022745e-12	15.
3.713640127944827e-12	15.
3.808931720551951e-12	15.
3.906736738193436e-12	15.
4.007055180869285e-12	15.
4.109887048579495e-12	15.
4.2153416206733884e-12	15.
4.323528176500284e-12	15.
4.434446716060181e-12	15.
4.548315798051721e-12	15.
4.665026143125584e-12	15.
4.78479630998041e-12	15.
4.907517019266877e-12	15.
5.033516109032948e-12	15.
5.162684299929301e-12	15.
5.295130871305258e-12	15.
5.431074381859457e-12	15.
5.570514831591901e-12	15.
5.7134522205025864e-12	15.
5.860105107290155e-12	15.
6.010473491954607e-12	15.
6.164775933194583e-12	15.
6.322903151660762e-12	15.
6.4851829854011045e-12	15.
6.6516154344156116e-12	15.
6.822419057402922e-12	15.
6.997484575013716e-12	15.
7.177030545946633e-12	15.
7.361275528900316e-12	15.
7.550219523874762e-12	15.
7.743971810219292e-12	15.
7.942750946632547e-12	15.
8.146556933114525e-12	15.
8.35560832836387e-12	15.
8.570123691079219e-12	15.
8.789993741911252e-12	15.
9.015655598257251e-12	15.
9.246999980767893e-12	15.
9.484354727491143e-12	15.
9.727719838426997e-12	15.
9.977423151623416e-12	15.
1.0233464667080402e-11	15.
1.0496172222845914e-11	15.
1.0765545818919951e-11	15.
1.1041804014001154e-11	15.
1.1325165366788163e-11	15.
1.1615848435979619e-11	15.
1.1913962500924842e-11	15.
1.2219726120322468e-11	15.
1.2533357852871145e-11	15.
1.2855076257269508e-11	15.
1.3184990612866879e-11	15.
1.3523319478361896e-11	15.
1.3870390691802521e-11	15.
1.4226422811887393e-11	15.
1.4591525117965836e-11	15.
1.4966025448085806e-11	15.
1.5350142360945943e-11	15.
1.574409441524489e-11	15.
1.6148100169681287e-11	15.
1.656259674165241e-11	15.
1.6987693410507582e-11	15.
1.742360873494545e-11	15.
1.7870889111712598e-11	15.
1.8329534540809045e-11	15.
1.879987286028274e-11	15.
1.9282450466880282e-11	15.
1.977726736060168e-11	15.
2.0284869938193524e-11	15.
2.080547675835446e-11	15.
2.1339415659132453e-11	15.
2.1887123757924775e-11	15.
2.2448819613430067e-11	15.
2.3025049622394932e-11	15.
2.3615923064168695e-11	15.
2.4222095614847268e-11	15.
2.4843676553779976e-11	15.
2.5481321557062737e-11	15.
2.613524918339419e-11	15.
2.680600582952094e-11	15.
2.7494028612840266e-11	15.
2.819964537140013e-11	15.
2.892340250194712e-11	15.
2.966573712187854e-11	15.
3.0427086348591646e-11	15.
3.120799657883305e-11	15.
3.200890493000004e-11	15.
3.283046707818852e-11	15.
3.367301086144646e-11	15.
3.45373012352191e-11	15.
3.54236660375544e-11	15.
3.6332760944548283e-11	15.
3.7265241632296663e-11	15.
3.822165449754614e-11	15.
3.9202655216392644e-11	15.
4.0208790185582774e-11	15.
4.124071508121244e-11	15.
4.229919485872689e-11	15.
4.3384775914872724e-11	15.
4.4498223205095184e-11	15.
4.5640301684839505e-11	15.
4.6811667030201615e-11	15.
4.801308419662676e-11	15.
4.924531813956016e-11	15.
5.050924309379639e-11	15.
5.1805514735431376e-11	15.
5.313511657860898e-11	15.
5.449881357877446e-11	15.
5.589747997072237e-11	15.
5.7332099268596596e-11	15.
5.880354570719168e-11	15.
6.031269352130222e-11	15.
6.186063550442139e-11	15.
6.344835517069306e-11	15.
6.50767267549118e-11	15.
6.674684305057083e-11	15.
6.845990613051267e-11	15.
7.02170087882305e-11	15.
7.201902525851887e-11	15.
7.38674854522683e-11	15.
7.576326360427333e-11	15.
7.77076710667258e-11	15.
7.970201919181755e-11	15.
8.174761933174043e-11	15.
8.384567355933695e-11	15.
8.59976025061483e-11	15.
8.820471752436626e-11	15.
9.046843924553206e-11	15.
9.279029758053614e-11	15.
9.517171316091968e-11	15.
9.761432517692248e-11	15.
1.0011955426008567e-10	15.
1.0268914887999842e-10	15.
1.0532463894755117e-10	15.
1.0802777293233307e-10	15.
1.1080029930393323e-10	15.
1.1364407581129009e-10	15.
1.1656074164464345e-10	15.
1.195522638322811e-10	15.
1.226205001231414e-10	15.
1.2576752682486156e-10	15.
1.2899542024507856e-10	15.
1.3230603813273088e-10	15.
1.3570167535415422e-10	15.
1.3918440821698567e-10	15.
1.42756531587561e-10	15.
1.4642044961156517e-10	15.
1.5017823859663532e-10	15.
1.540326305265044e-10	15.
1.5798581098815892e-10	15.
1.6204051196533175e-10	15.
1.661992468830573e-10	15.
1.7046474772506864e-10	15.
1.748397464750987e-10	15.
1.7932697511688047e-10	15.
1.8392938419284564e-10	15.
1.8864992424542583e-10	15.
1.93491655096402e-10	15.
1.9845752728820584e-10	15.
2.0355092848066618e-10	15.
2.087751370542627e-10	15.
2.1413332211012566e-10	15.
2.196289805874333e-10	15.
2.2526571870471317e-10	15.
2.3104714268049283e-10	15.
2.3697696801264925e-10	15.
2.430590194784085e-10	15.
2.4929712185499683e-10	15.
2.5569531847833917e-10	15.
2.622576526843603e-10	15.
2.689884956470329e-10	15.
2.758921092609807e-10	15.
2.8297275542082697e-10	15.
2.90235242417942e-10	15.
2.97684159984997e-10	15.
3.0532420713401287e-10	15.
3.13160301435709e-10	15.
3.2119757901950344e-10	15.
3.294410667354649e-10	15.
3.3789611927171004e-10	15.
3.4656820059570494e-10	15.
3.5546288395426484e-10	15.
3.6458574259420505e-10	15.
3.7394289615908764e-10	15.
3.8354002717507706e-10	15.
3.9338358312378344e-10	15.
4.0347979292811776e-10	15.
4.1383499479034076e-10	15.
4.2445607330945954e-10	15.
4.3534969452578267e-10	15.
4.4652296159701587e-10	15.
4.579828684015157e-10	15.
4.697369552143852e-10	15.
4.817927623107275e-10	15.
4.941579392449951e-10	15.
5.068404634096882e-10	15.
5.198484214766565e-10	15.
5.33190337235147e-10	15.
5.468746251950575e-10	15.
5.609101369836827e-10	15.
5.753058335076668e-10	15.
5.900710035117024e-10	15.
6.052151542991798e-10	15.
6.207479024528397e-10	15.
6.366794109521685e-10	15.
6.530197334973038e-10	15.
6.697794701851298e-10	15.
6.869692211125302e-10	15.
7.046002420524852e-10	15.
7.226837887779746e-10	15.
7.412314449000266e-10	15.
7.602550125883676e-10	15.
7.797669496888201e-10	15.
7.997796047678572e-10	15.
8.203058727886989e-10	15.
8.413589765526127e-10	15.
8.62952357419565e-10	15.
8.851000031462689e-10	15.
9.078160107687866e-10	15.
9.31115023719927e-10	15.
9.55012013270547e-10	15.
9.795222785295514e-10	15.
1.0046616650025916e-9	15.
1.0304462367540174e-9	15.
1.056892604244926e-9	15.
1.0840175964951123e-9	15.
1.1118389167591662e-9	15.
1.1403741590123285e-9	15.
1.1696417914646337e-9	15.
1.1996605008848162e-9	15.
1.2304497389970548e-9	15.
1.2620290668048776e-9	15.
1.2944189195466073e-9	15.
1.3276401695779645e-9	15.
1.3617139078133678e-9	15.
1.39666220868138e-9	15.
1.4325073651692618e-9	15.
1.469272653778419e-9	15.
1.5069813510102567e-9	15.
1.5456579354390224e-9	15.
1.5853271041976625e-9	15.
1.626014428653918e-9	15.
1.667745917292927e-9	15.
1.7105485621139716e-9	15.
1.7544495736750324e-9	15.
1.7994774738862823e-9	15.
1.8456608939372425e-9	15.
1.893029667090278e-9	15.
1.94161406372515e-9	15.
1.9914454470151138e-9	15.
2.042555726530171e-9	15.
2.0949777953544663e-9	15.
2.1487452022482415e-9	15.
2.2038925887652308e-9	15.
2.2604553614146136e-9	15.
2.3184696916610157e-9	15.
2.3779730623212535e-9	15.
2.4390036118882392e-9	15.
2.50160046236903e-9	15.
2.5658038285641756e-9	15.
2.6316549087883697e-9	15.
2.6991962127084977e-9	15.
2.7684707963881914e-9	15.
2.839523464360673e-9	15.
2.9123995675559095e-9	15.
2.987146096094108e-9	15.
3.0638109143302724e-9	15.
3.1424434165302942e-9	15.
3.22309398047421e-9	15.
3.305814404573598e-9	15.
3.3906579078715766e-9	15.
3.477678911484108e-9	15.
3.5669332571586936e-9	15.
3.6584783165537273e-9	15.
3.752372881959143e-9	15.
3.848677166296417e-9	15.
3.94745324023596e-9	15.
4.048764267241683e-9	15.
4.152675487085129e-9	15.
4.259253560169381e-9	15.
4.368567004646465e-9	15.
4.4806859778586445e-9	15.
4.59568238561777e-9	15.
4.713630210043333e-9	15.
4.834605181724413e-9	15.
4.958684888999025e-9	15.
5.085949215071525e-9	15.
5.216479682336503e-9	15.
5.350360217334237e-9	15.
5.487676822912644e-9	15.
5.628517578227275e-9	15.
5.772973075858715e-9	15.
5.921135984695189e-9	15.
6.073101487049954e-9	15.
6.2289671693819545e-9	15.
6.388833131575165e-9	15.
6.5528019869385995e-9	15.
6.7209791900443505e-9	15.
6.893472599610198e-9	15.
7.070393024896351e-9	15.
7.251854116426103e-9	15.
7.437972365985831e-9	15.
7.628867325183688e-9	15.
7.824661605449613e-9	15.
8.025480878035326e-9	15.
8.231454311131719e-9	15.
8.442713914192775e-9	15.
8.659395521449695e-9	15.
8.881638245514167e-9	15.
9.109584805216401e-9	15.
9.343381525605137e-9	15.
9.583178665785689e-9	15.
9.829130200361251e-9	15.
1.0081394037991591e-8	15.
1.0340132239951748e-8	15.
1.0605510910852691e-8	15.
1.0877700526479355e-8	15.
1.115687593379066e-8	15.
1.1443216241640136e-8	15.
1.1736905476452037e-8	15.
1.2038132254383293e-8	15.
1.2347089999882198e-8	15.
1.266397705496777e-8	15.
1.2988997116347142e-8	15.
1.3322358689018815e-8	15.
1.3664275960507457e-8	15.
1.40149685823052e-8	15.
1.4374661669871646e-8	15.
1.4743586239751256e-8	15.
1.5121979209573356e-8	15.
1.5510083616610834e-8	15.
1.5908148727059492e-8	15.
1.6316430036038036e-8	15.
1.6735189923264187e-8	15.
1.7164697325216617e-8	15.
1.7605227953693666e-8	15.
1.8057064732930722e-8	15.
1.8520497908879577e-8	15.
1.899582504920843e-8	15.
1.948335137113994e-8	15.
1.9983390069289244e-8	15.
2.0496262206384654e-8	15.
2.1022297150385022e-8	15.
2.156183279303844e-8	15.
2.211521554988225e-8	15.
2.2682800797360458e-8	15.
2.3264953200661723e-8	15.
2.386204638588139e-8	15.
2.4474463923535557e-8	15.
2.5102599110002433e-8	15.
2.574685540463971e-8	15.
2.6407646429784564e-8	15.
2.7085396626429752e-8	15.
2.778054114494427e-8	15.
2.8493526610028786e-8	15.
2.922481068359825e-8	15.
2.997486326685474e-8	15.
3.074416573533202e-8	15.
3.1533212359527055e-8	15.
3.23425097585033e-8	15.
3.3172577774125456e-8	15.
3.4023949361780174e-8	15.
3.489717135533145e-8	15.
3.579280457639998e-8	15.
3.671142416220125e-8	15.
3.765361989338354e-8	15.
3.861999717754207e-8	15.
3.961117639354295e-8	15.
4.0627794093595955e-8	15.
4.167050333109262e-8	15.
4.273997344204754e-8	15.
4.383689157500924e-8	15.
4.496196192610474e-8	15.
4.611590726895043e-8	15.
4.7299468408255364e-8	15.
4.85134054911734e-8	15.
4.9758498335141306e-8	15.
5.103554631859934e-8	15.
5.2345369583064154e-8	15.
5.3688809360966817e-8	15.
5.5066728522049565e-8	15.
5.648001179192448e-8	15.
5.792956684486702e-8	15.
5.9416324740933407e-8	15.
6.094124003523993e-8	15.
6.250529219859457e-8	15.
6.41094856174969e-8	15.
6.575485057765232e-8	15.
6.744244370108942e-8	15.
6.917334871111538e-8	15.
7.094867730655087e-8	15.
7.276956959884731e-8	15.
7.463719487704245e-8	15.
7.655275270055376e-8	15.
7.85174731177372e-8	15.
8.053261797723937e-8	15.
8.259948125583555e-8	15.
8.47193904790613e-8	15.
8.689370704905044e-8	15.
8.912382722804924e-8	15.
9.141118334048924e-8	15.
9.375724421010464e-8	15.
9.616351658056388e-8	15.
9.863154577114567e-8	15.
1.0116291666025323e-7	15.
1.0375925499676637e-7	15.
1.0642222816499703e-7	15.
1.0915354638676209e-7	15.
1.1195496359561811e-7	15.
1.1482827896677227e-7	15.
1.1777533779131724e-7	15.
1.2079803267830388e-7	15.
1.2389830475681415e-7	15.
1.2707814509659266e-7	15.
1.3033959569156084e-7	15.
1.3368475120828643e-7	15.
1.371157599694977e-7	15.
1.4063482526543568e-7	15.
1.4424420699304426e-7	15.
1.4794622340443995e-7	15.
1.5174325165330851e-7	15.
1.5563773030833003e-7	15.
1.5963216055525168e-7	15.
1.637291073989608e-7	15.
1.679312021769096e-7	15.
1.722411434333502e-7	15.
1.766616988863629e-7	15.
1.8119570761344294e-7	15.
1.8584608125357362e-7	15.
1.906158064113719e-7	15.
1.955079461869992e-7	15.
2.0052564236174848e-7	15.
2.0567211736507246e-7	15.
2.1095067624161206e-7	15.
2.1636470883678307e-7	15.
2.2191769220092223e-7	15.
2.276131924470359e-7	15.
2.334548672642252e-7	15.
2.394464682125522e-7	15.
2.455918431271859e-7	15.
2.5189493852254763e-7	15.
2.583598024335742e-7	15.
2.64990586601305e-7	15.
2.71791549314145e-7	15.
2.7876705824912787e-7	15.
2.859215929853409e-7	15.
2.9325974839158487e-7	15.
3.007862369212406e-7	15.
3.085058922184873e-7	15.
3.1642367185028603e-7	15.
3.245446606940401e-7	15.
3.328740739974165e-7	15.
3.4141726120312317e-7	15.
3.501797084623339e-7	15.
3.5916704333370067e-7	15.
3.6838503751533726e-7	15.
3.7783961066959624e-7	15.
3.8753683479424325e-7	15.
3.97482937391558e-7	15.
4.076843059487877e-7	15.
4.181474918722033e-7	15.
4.288792145304358e-7	15.
4.398863661720469e-7	15.
4.51176015422468e-7	15.
4.62755412529409e-7	15.
4.7463199406187066e-7	15.
4.868133871720386e-7	15.
4.993074147314134e-7	15.
5.121221005762188e-7	15.
5.25265674206414e-7	15.
5.387465767960579e-7	15.
5.525734655644831e-7	15.
5.667552204423359e-7	15.
5.81300948879868e-7	15.
5.962199924036973e-7	15.
6.115219319714963e-7	15.
6.272165945287522e-7	15.
6.433140594562501e-7	15.
6.598246645804351e-7	15.
6.767590130580134e-7	15.
6.941279802605499e-7	15.
7.119427206590676e-7	15.
7.302146750364852e-7	15.
7.489555775907737e-7	15.
7.681774640216292e-7	15.
7.878926786336303e-7	15.
8.08113882750748e-7	15.
8.288540624751794e-7	15.
8.501265372111369e-7	15.
8.719449684071963e-7	15.
8.943233679708071e-7	15.
9.172761073384777e-7	15.
9.408179269830789e-7	15.
9.649639457025893e-7	15.
9.897296700181188e-7	15.
1.015131004664726e-6	15.
1.0411842626451189e-6	15.
1.0679061753926337e-6	15.
1.0953139040270082e-6	14.999998186246716
1.1234250498451994e-6	14.999977176124412
1.152257666014274e-6	14.999954224639641
1.181830269045739e-6	14.999929331554314
1.212161850597713e-6	14.999902496624243
1.2432718898234914e-6	14.999873719598959
1.2751803658293936e-6	14.999843000221588
1.3079077703511653e-6	14.999810338228659
1.3414751210860618e-6	14.999775733349942
1.3759039753527648e-6	14.999739185308277
1.411216443423463e-6	14.999700693819401
1.4474352032765658e-6	14.999660258591755
1.4845835146937376e-6	14.999617879326312
1.5226852346682877e-6	14.999573555716354
1.5617648323764394e-6	14.99952728744733
1.601847404804278e-6	14.999479074196593
1.6429586933582123e-6	14.999428915633231
1.685125099929038e-6	14.999376811417859
1.7283737040487956e-6	14.999322761202363
1.7727322801569088e-6	14.999266764629716
1.818229315740555e-6	14.999208821333744
1.8648940291471997e-6	14.999148930938867
1.9127563887084832e-6	14.999087093059874
1.9618471320826648e-6	14.999023307301686
2.0121977855970683e-6	14.998957573259082
2.0638406845740396e-6	14.998889890516454
2.116808994640421e-6	14.998820258647543
2.17113673216279e-6	14.99874867721514
2.226858786868284e-6	14.998675145770839
2.284010943700468e-6	14.99859966385474
2.3426299062051206e-6	14.998522230995132
2.4027533198067284e-6	14.998442846708221
2.4644197961777874e-6	14.998361510497798
2.5276689377173745e-6	14.998278221854935
2.5925413636689104e-6	14.998192980257663
2.659078735363693e-6	14.998105785170605
2.7273237834314503e-6	14.998016636044673
2.797320335338743e-6	14.997925532316694
2.869113343364472e-6	14.99783247340905
2.9427489132310707e-6	14.99773745872932
3.0182743342656052e-6	14.997640487669885
3.0957381093423164e-6	14.997541559607551
3.175189986245791e-6	14.997440673903139
3.256680989252697e-6	14.997337829901074
3.340263452571262e-6	14.997233026928987
3.425991053234357e-6	14.997126264297259
3.5139188460688908e-6	14.997017541298588
3.604103298883757e-6	14.996906857207536
3.6966023285320242e-6	14.996794210964916
3.7914753387215854e-6	14.996679569351697
3.88878325717014e-6	14.996562839695429
3.988588575819992e-6	14.996443922874439
4.09095539017862e-6	14.996322719746489
4.195949440735548e-6	14.996199131148282
4.3036381554720085e-6	14.996073057894909
4.414090692698454e-6	14.995944400779287
4.52737798564053e-6	14.995813060571614
4.643572788117838e-6	14.995678938018772
4.762749721096945e-6	14.995541933843736
4.884985320774291e-6	14.995401948744965
5.010358087533344e-6	14.995258883395772
5.1389485366502155e-6	14.995112638443692
5.270839249545669e-6	14.994963114509789
5.406114927222733e-6	14.99481021218803
5.544862444687809e-6	14.994653832044557
5.687170906355304e-6	14.994493874616987
5.8331317035285685e-6	14.99433024041368
5.982838573301466e-6	14.994162829912994
6.136387658006338e-6	14.993991543562522
6.293877568049629e-6	14.993816281778294
6.455409444419681e-6	14.993636944943992
6.621087023707933e-6	14.993453433410096
6.791016705097177e-6	14.993265647493063
6.965307618551862e-6	14.993073487474435
7.144071694647601e-6	14.992876853599965
7.327423736804823e-6	14.992675646078693
7.515481494833772e-6	14.992469765082015
7.70836574055582e-6	14.992259110742705
7.906200345391802e-6	14.992043583153961
8.109112359808101e-6	14.991823082368361
8.317232095276168e-6	14.991597508396843
8.530693207543381e-6	14.991366761207647
8.749632782526607e-6	14.991130740725209
8.974191424719213e-6	14.990889346829052
9.204513346800112e-6	14.990642479352635
9.440746463067623e-6	14.990390038082195
9.68304248385682e-6	14.990131922755511
9.931557013016713e-6	14.98986803306069
0.000010186449648228694	14.989598268634907
0.000010447884083073444	14.989322529063067
0.000010716028212157674	14.989040713876511
0.000010991054239409949	14.988752722551636
0.000011273138788234288	14.988458454508486
0.000011562463014942112	14.988157809109319
0.000011859212725244046	14.987850685657142
0.00001216357849380151	14.987536983394184
0.000012475755785963932	14.987216599289209
0.000012795945083986383	14.986889363349405
0.00001312435201543282	14.98655502826834
0.000013461187484966976	14.986213342377876
0.000013806667810623713	14.985864053941139
0.00001416101486182884	14.985506911150763
0.000014524456202445776	14.985141662127116
0.000014897225236663486	14.984768054916467
0.00001527956135903703	14.984385837489079
0.0000156717101082436	14.983994757737312
0.000016073923324335514	14.983594563473639
0.00001648645931123859	14.98318500242859
0.00001690958300209183	14.982765822248719
0.000017343566129395336	14.982336770494429
0.000017788687399748013	14.981897594637832
0.000018245232672737857	14.981448042060462
0.00001871349514453125	14.980987860051018
0.0000191937755361613	14.980516795802988
0.000019686382286405867	14.980034596412254
0.00002019163175056673	14.979541008874588
0.00002070984840263636	14.979035780083152
0.00002124136504467716	14.97851865682587
0.000021786523019916193	14.977989385782776
0.000022345672431850284	14.977447713523276
0.00002291917236990788	14.976893386503347
0.000023507391139044944	14.976326151062672
0.000024110706496990445	14.975745753421679
0.00002472950589640938	14.975151939678542
0.000025364186734168973	14.974544455806075
0.00002601515660606885	14.973923047648565
0.000026682833568892896	14.973287460918506
0.000027367646408799365	14.972637441193285
0.000028070034916704816	14.971972733911762
0.000028790450170880523	14.971293084370748
0.000029529354826324187	14.970598237721445
0.000030287223411999766	14.969887938965714
0.00003106454263583615	14.969161932952371
0.0000318618116967197	14.968419964373252
0.00003267954260588477	14.967661777759298
0.0000335182605149704	14.966887117476441
0.00003437850405369343	14.966095727721479
0.0000352608256756084	14.965287352517794
0.00003616579201315614	14.964461735710946
0.00003709398424101761	14.963618620964228
0.00003804599844995857	14.962757751754022
0.000039022446029197985	14.961878871365124
0.000040023954059267325	14.960981722885862
0.00004105116571481422	14.960066049203183
0.000042104740677241323	14.959131576156596
0.000043185355558819394	14.958177798108114
0.0000442937043369635	14.957204041212657
0.00004543049879987419	14.956209627625077
0.0000465964690039808	14.955193879273894
0.000047792363742312826	14.95415611785568
0.00004901895102565682	14.953095664829267
0.00005027701857595272	14.952011841409853
0.000051567374331601506	14.950903968562935
0.00005289084696697926	14.949771366998087
0.00005424828642419046	14.948613357162621
0.000055640564459136925	14.947429259235049
0.00005706857520102802	14.946218393118434
0.000058533235727190104	14.944980078433533
0.00006003548665131721	14.9437136345118
0.00006157629272811372	14.942418380388212
0.00006315664347258043	14.941093634793917
0.00006477755379547394	14.939738716148728
0.00006644006465515803	14.938352942553356
0.00006814524372628393	14.93693563178158
0.00006989418608519047	14.935486101272112
0.00007168801491311662	14.934003668120319
0.00007352788221777308	14.932487649069753
0.00007541496957327274	14.930937360503425
0.00007735048887820156	14.929352118434922
0.00007933568313510809	14.927731238499298
0.00008137182724747785	14.926074035943715
0.00008346022883954695	14.924379825617864
0.00008560222909545826	14.922647921964206
0.00008779920362060118	14.920877639007902
0.0000900525633253538	14.919068290346559
0.00009236375533100869	14.917219189139694
0.00009473426389897516	14.91532964809795
0.00009716561138424164	14.913398979472094
0.00009965935921287944	14.911426495041662
0.0001022171088847901	14.909411506103421
0.00010484050300235177	14.907353323459505
0.00010753122632496511	14.905251257405283
0.0001102910068516837	14.90310461771691
0.00011312161692996228	14.900912713638636
0.0001160248743950034	14.898674853869734
0.00011900264373609573	14.896390346551195
0.000122056837294753	14.894058499252031
0.00012518941649268593	14.891678618955302
0.0001284023930910283	14.88925001204381
0.0001316978304828929	14.88677198428539
0.0001350778450181653	14.884243840817938
0.0001385446073625017	14.881664886134013
0.0001421003438916242	14.879034340782438
0.00014574733812113181	14.876350807538302
0.0001494879321728107	14.873612611285116
0.00015332452827864594	14.870818074888112
0.00015725959032395517	14.867965520498787
0.00016129564542942583	14.865053269538086
0.00016543528557391328	14.862079642679227
0.0001696811692595305	14.859042959830118
0.00017403602321837275	14.855941540115422
0.0001785026441640472	14.852773701858185
0.00018308390058746022	14.849537762561077
0.0001877827345991582	14.846232038887242
0.00019260216381887654	14.84285484664068
0.00019754528331328126	14.83940450074623
0.0002026152675834324	14.835879315229136
0.0002078153726039367	14.832277603194092
0.0002131489379137895	14.828597676803929
0.0002186193887607632	14.824837847257761
0.0002242302383015287	14.820996424768703
0.00022998508985761797	14.817071718541074
0.00023588763922952367	14.813062036747155
0.00024194167707024684	14.808965686503386
0.0002481510913192754	14.804780973846119
0.0002545198697001641	14.800506203706798
0.0002610521022808401	14.796139679886638
0.0002677519841005696	14.791679705030766
0.00027462381786402107	14.787124580601812
0.0002816720167045035	14.782472606852924
0.0002889011070177981	14.777722082800233
0.00029631573136942613	14.772871306194748
0.0003039206514760084	14.767918573493642
0.0003117207512633381	14.762862179830943
0.0003197210400025894	14.757700418987639
0.00032792665552761025	14.752431583361108
0.00033634286753428486	14.74705396393399
0.0003449750809649151	14.741565850242365
0.00035382883947915095	14.735965530343277
0.0003629098290143119	14.730251290781643
0.000372223881436738	14.724421416556432
0.000381776978287339	14.718474191086178
0.00039157525462254583	14.712407896173826
0.00040162500295470437	14.706220811970807
0.00041193267729311715	14.699911216940446
0.0004225048972884626	14.69347738782063
0.00043334845248441713	14.686917599585694
0.00044447030667779224	14.680230125407615
0.0004558776023904639	14.673413236616383
0.0004675776654568101	14.666465202659641
0.0004795780097281874	14.659384023968659
0.0004918863418981601	14.652166551214172
0.0005045105664520901	14.64480932485546
0.0005174587907434902	14.637308883375329
0.0005307393302000928	14.629661763244574
0.0005443607136648777	14.621864498882015
0.0005583316888724971	14.613913622613843
0.0005726612280679839	14.605805664632463
0.000587358533767848	14.597537152954674
0.0006024330446708884	14.589104613379325
0.000617894441719044	14.580504569444322
0.0006337526543150603	14.571733542383098
0.0006500178666990492	14.562788051080467
0.0006667005244886399	14.553664612027937
0.0006838113413877463	14.544359739278411
0.0007013613060664678	14.534869944400358
0.0007193616892181313	14.525191736431374
0.000737824050797736	14.515321621831285
0.0007567602474456281	14.50525610443456
0.0007761824401017574	14.494991685402345
0.000796103101815764	14.484524863173858
0.0008165350257570441	14.473852133417314
0.0008374913334308102	14.462969988980356
0.0008589854831045106	14.451874919839984
0.0008810312784512812	14.440563413052011
0.0009036428774139202	14.429031952700074
0.0009268348012983513	14.417277019844189
0.0009506219440981023	14.405295092468901
0.000975019582060401	14.393082645431042
0.0010000433834958546	14.380636150407074
0.0010257094188410012	14.367952075840133
0.001052034170979089	14.355026886886696
0.0010790345458250924	14.341857045362993
0.0011067278831830526	14.328439009691104
0.0011351319678818614	14.314769234844849
0.0011642650411963751	14.300844172295454
0.0011941458125624867	14.286660269957066
0.0012247934715923922	14.272213972132112
0.0012562277003980214	14.257501719456576
0.0012884686862313813	14.242519948845242
0.001321537134448474	14.227265093436896
0.0013554542818067358	14.21173358253961
0.0013902419101034275	14.195921841576109
0.0014259223601637203	14.179826292029244
0.0014625185461887445	14.163443351387762
0.0015000539704701657	14.146769433092249
0.0015385527384848292	14.129800946481456
0.0015780395743741817	14.112534296378064
0.0016185398368231073	14.094965730658473
0.0016600795353452812	14.077091103795732
0.001702685346986082	14.058906204953752
0.0017463846334557357	14.040406819027769
0.001791205458700124	14.021588726600148
0.0018371766069244459	14.002447703897305
0.001884327601078147	13.982979522747959
0.0019326887218147776	13.963179950542752
0.00198229102693869	13.943044750195442
0.00203316637135016	13.922569680105685
0.0020853474275032433	13.901750494123654
0.002138867706387632	13.880582941516554
0.0021937615790503474	13.8590627669372
0.0022500642986683097	13.837185710394817
0.002307812023188616	13.814947507228224
0.0023670418385493097	13.792343888081547
0.0024277917824960483	13.769370578882649
0.002490100869010301	13.746023300824481
0.0025540091133642627	13.722297770349462
0.0026195575578190924	13.698189699137233
0.002686788297982222	13.673694794095796
0.002755744509841644	13.64880875735647
0.002826470477493687	13.623527286272696
0.0028990116215826442	13.597846073423044
0.0029734145284700487	13.571760806618665
0.0030497269801526314	13.545267168915355
0.0031279979849485042	13.518360838630619
0.0032082778089703836	13.491037489365903
0.0032906180084068142	13.463292790034375
0.0033750714626318476	13.435122404894505
0.0034616924081648007	13.406521993589768
0.003550536473500646	13.377487211194795
0.003641660714835725	13.348013708268368
0.0037351236527087836	13.31809713091353
0.0038309853095838927	13.287733120845223
0.003929307248397099	13.256917315465884
0.004030152612091941	13.225645347949293
0.004133586164171273	13.193912847333237
0.004239674330287668	13.161715438621231
0.0043484852409030215	13.129048742894009
0.0044600887750424695	13.095908377430954
0.004574556605170611	13.062289955842242
0.004691962243220406	13.028189088211953
0.004812381087802616	12.993601381252906
0.0049358904726276	12.958522438473581
0.005062569716169497	12.922947860357821
0.005192500172604607	12.886873244557792
0.005325765284057959	12.850294226679656
0.0054624506341903	12.813208931169646
0.005602644003160138	12.775619373119946
0.005746435423997141	12.737527901327731
0.0058939172404212856	12.698936859373132
0.006045184166147349	12.659848585682793
0.006200333345709895	12.620265413600444
0.0063594644168505346	12.580189671464812
0.006522679574505567	12.53962368269519
0.006690083636436541	12.498569765885025
0.006861784110544581	12.457030234903804
0.007037891263912645	12.415007399007706
0.007218518193619966	12.372503562959297
0.007403780899373251	12.329521027156712
0.007593798358002861	12.286062087772688
0.007788692599869728	12.24212903690392
0.007988588787235143	12.197724162731014
0.008193615294639658	12.152849749689718
0.008403903791346373	12.107508078653629
0.008619589325899886	12.06170142712902
0.008840810412855065	12.015432069462168
0.0090677091217321	11.96870227705975
0.00930043116825414	11.921514318622709
0.009539126007927144	11.873870460394299
0.009783946932021028	11.825772966422591
0.010035051166013961	11.777224098838273
0.01029259997056386	11.728226118148077
0.010556758745070796	11.678781283544604
0.010827697133897618	11.628891853232997
0.011105589135316419	11.578560084775242
0.011390613213251393	11.527788235452562
0.01168295241188925	11.476578562646726
0.011982794473231787	11.424933324240785
0.01229033195766434	11.372854779040111
0.012605762367619674	11.320345187214203
0.01292928827441471	11.267406810760262
0.013261117448344094	11.214041913989
0.013601462992110049	11.160252764033707
0.01395054347767959	11.106041631383096
0.014308583086651974	11.051410790438963
0.014675811754229773	10.996362520099241
0.015052465316884556	10.940899104367519
0.015438785663812281	10.885022832989652
0.015835020892276615	10.828736002118433
0.0162414254669379	10.772040915007263
0.016658260383272228	10.714939882733564
0.017085793335184098	10.657435224953005
0.01752429888692121	10.599529270685332
0.017974058649401253	10.541224551779532
0.018435361461064136	10.482527895771762
0.01890850357336576	10.42345033963409
0.019393788841032433	10.36400309542209
0.019891528917198364	10.304197373343174
0.020402043453551098	10.244044381803022
0.020925660305613897	10.183555327446074
0.02146271574329621	10.122741415189129
0.022013554666848584	10.061613848247633
0.022578530828359547	10.000183828153698
0.023158007058937332	9.938462554765314
0.023752355501722288	9.876461226265718
0.02436195785087918	9.814191039152337
0.024987205596724116	9.751663188214131
0.025628500277141232	9.68888886649668
0.026286253735453444	9.625879265253786
0.026960888384909724	9.562645573884831
0.02765283747996312	9.499198979856484
0.028362545394507315	9.435550668608023
0.029090467907258152	9.371711823438705
0.029837072494455944	9.30769362537629
0.030602838630082847	9.243507253025163
0.03138825809378256	9.179163882392945
0.03219383528668584	9.114674686693968
0.03302008755533821	9.050050836128404
0.03386754552394448	8.985303497635266
0.03473675343513801	8.920443834617972
0.035628269499496885	8.855483006640586
0.03654266625402987	8.790432169093243
0.037480530929863906	8.725302472824813
0.03844246582936635	8.660105063741147
0.03942908871294823	8.59485108236681
0.040441033195792786	8.529551663368581
0.04147894915476807	8.464217935038397
0.04254350314578082	8.398861018733955
0.04363537883184292	8.333492028274577
0.04475527742212457	8.268122069290136
0.04590391812227413	8.202762238520961
0.04708203859629696	8.137423623065986
0.048290395440287494	8.072117299577112
0.04952976466831985	8.006854333396936
0.05080094221080866	7.941645777637581
0.052104744425660744	7.876502672197763
0.053442008622544286	7.811436042715643
0.05481359360061569	7.746456899454492
0.0562203802000435	7.681576236118634
0.05766327186769155	7.616805028596542
0.05914319523731577	7.5521542336285
0.06066110072465594	7.4876346335991135
0.06221796313779707	7.4232553132658605
0.06381478230319802	7.359024312766078
0.06545258370778485	7.294949647339431
0.06713241915752673	7.231039321578678
0.06885536745290939	7.1673013284888185
0.07062253508175032	7.103743648483863
0.07243505692978892	7.040374248319095
0.07429409700952004	6.977201079956037
0.07620084920772675	6.9142320793579035
0.0781565380522046	6.8514751652127766
0.0801624194981582	6.7889382375822285
0.08221978173478546	6.726629176472587
0.08432994601255835	6.664555840326621
0.08649426749174023	6.602726064432837
0.08871413611267555	6.541147659250186
0.09099097748842044	6.479828408645409
0.09332625382027754	6.418776068040933
0.09572146483683294	6.357998362470585
0.09817814875708866	6.2975029845411505
0.10069788327831823	6.237297592297229
0.10328228658927167	6.177389806987461
0.10593301840938799	6.117787210729845
0.10865178105467455	6.058497344074409
0.11144032053094761	5.999527703461137
0.1143004276551254	5.940885738571718
0.1172339392053021	5.882578849573356
0.12024273910034002	5.824614384253332
0.12332875960972985	5.766999635043231
0.12649398259450967	5.709741835931609
0.12974044078002483	5.652848159264615
0.13307021906135935	5.596325712433729
0.13648545584226512	5.540181534450663
0.13998834440846142	5.484422592409127
0.14358113433617203	5.4290557778340265
0.1472661329368209	5.3740879029184665
0.1510457067387975	5.319525696649752
0.15492228300725977	5.265375800825469
0.158898351302934	5.21164476596157
0.1629764650809307	5.1583390470943
0.16715924333058363	5.105464999478717
0.17144937225738616	5.053028874186529
0.17584960700808305	5.001036813606847
0.18036277344004786	4.949494846853526
0.18499176993606034	4.898408885083677
0.18973956926567045	4.847784716732007
0.1946092204943241	4.797628002666614
0.19960385094149627	4.747944271271967
0.2047266681890692	4.6987385211091715
0.20998096214126685	4.6500132324142625
0.21537010713744506	4.6017698867574275
0.2208975641191186	4.554009869566439
0.22656688285259305	4.506734469031553
0.23238170420865237	4.459944873366274
0.2383457625007412	4.4136421680764855
0.24446288788317078	4.367827333244098
0.25073700881086	4.322501240832091
0.25717215456222026	4.277664652017677
0.263772457826775	4.233318214561093
0.2705421573592051	4.189462460217299
0.2774856007014959	4.146097802198567
0.28460724697496204	4.103224532695824
0.29191166974391414	4.060842820467163
0.2994035599528385	4.0189527085018035
0.30708772893894143	3.97755411176835
0.3149691115220236	3.9366468150559553
0.32305276917365333	3.896230470917443
0.33134389326766733	3.85630459772343
0.33984780841411083	3.8168685778364475
0.34856997587872535	3.7779216559143625
0.35751599709021625	3.7394629373520565
0.366691617237514	3.701491386870668
0.3761027289593797	3.6640058272632112
0.3857553761286825	3.6270049383056904
0.3956557577338225	3.590487255842241
0.40581023185974735	3.5544511710530244
0.4162253197711643	3.5188949299129804
0.4269077101005235	3.4838166328495803
0.4378642631435114	3.4492142346070276
0.44910201526476123	3.4150855443243318
0.460628183416661	3.381428225833847
0.4724501697741122	3.3482397981867362
0.4845755664882635	3.3155176364109673
0.497012160562223	3.2832589725071304
0.5097679388519331	3.2514608966864813
0.5228510931953622	3.220120358855195
0.5362700256733685	3.1892341703478233
0.5500333540055516	3.158799005912475
0.5641499170846194	3.1288114059491674
0.5786287806527628	3.0992677790022216
0.5934792431237464	3.0701644045064773
0.6087108415543899	3.041497435786474
0.6243333577693397	3.013262903306549
0.6403568246429993	2.9854567181691727
0.6567915325427192	2.9580746758576364
0.6736480359373149	2.9311124602601337
0.6909371601752302	2.904566470381303
0.7086700084366208	2.8784358806440213
0.7268579688639043	2.8527202749330756
0.7455127218752741	2.827418984199176
0.7646462476659548	2.8025310897548326
0.784270833901935	2.778055426995302
0.8043990836112026	2.7539905895407775
0.8250439232774661	2.730334933794609
0.846218611141629	2.7070865839106055
0.8679367457163213	2.6842434371610606
0.890212274518925	2.661803169695548
0.9130595030287768	2.6397632426789697
0.9364931038742261	2.6181209087959774
0.9605281262554636	2.596873219107387
0.9851800056092476	2.57601703024275
1.010464573521609	2.555549011912136
1.0363980678950049	2.5354656547187004
1.0629971433763694	2.5157632782526105
1.090278882052871	2.4964380394456644
1.1182608044221047	2.47748594116513
1.146960880643876	2.4589028410242384
1.1763975420807145	2.440684460386125
1.2065896931346534	2.4228263935371848
1.2375567233877205	2.4053241170053945
1.269318520054061	2.3881729989985505
1.301895480751591	2.3713683089371234
1.335308526601525	2.3549052270561144
1.3695791156640102	2.3387788540503447
1.4047292567186425	2.322984220737452
1.4407815233985966	2.307516297713156
1.4777590686876108	2.2923700049734608
1.515685639788933	2.2775402214789904
1.5545855933759378	2.2630217946369973
1.5944839112340883	2.2488095496772407
1.6354062163044536	2.234898298898562
1.677378789138873	2.2212828507638576
1.7204285847775092	2.207958018821909
1.764583250059488	2.1949186304355903
1.8098711413779411	2.1821595352968957
1.8563213428906018	2.1696756137104534
1.9039636851978539	2.1574617846282598
1.9528287645000713	2.1455130134196323
2.002947962246761	2.1338243193615916
2.054353465289868	2.1223907828362725
2.1070782865543927	2.111207552223187
2.161156286239435	2.1002698504755872
2.216622193563503	2.0895729813714663
2.2735116290677895	2.0791123270014107
2.331861127491845	2.068881900362554
2.391708161236507	2.05887281455653
2.4530911644288382	2.0490761514812723
2.5160495576047888	2.039483373664896
2.5806237730252324	2.030086321368322
2.646855280641913	2.0208772091159446
2.7147866147296322	2.0118486216792593
2.784461401202051	2.0029935095393205
2.8559243856284384	1.9943051838548425
2.9292214619696653	1.9857773109634307
3.004399702051503	1.9774039064441244
3.081507385794479	1.9691793287697739
3.160594032219444	1.9610982725781716
3.2417104312491176	1.9531557615909727
3.3249086763256	1.9453471412095666
3.4102421978651383	1.9376680708169087
3.497765797571364	1.93011451581421
3.587535683629431	1.9226827394209998
3.679609506803149	1.915369294266781
3.7740463974587053	1.9081710138018952
3.8709070035384388	1.901085003554706
3.9702535295094736	1.8941086322614875
4.072149776311695	1.8872395228947088
4.176661182331163	1.8804755436145624
4.283854865424913	1.87381479866775
4.393799666024629	1.8672556192565668
4.506566191346271	1.8607965544004492
4.622226860734513	1.854436361811071
4.740855952170762	1.8481739988011037
4.862529649975109	1.8420086132456408
4.987326093732241	1.8359395346143135
5.115325428473223	1.8299662650909407
5.246609856144972	1.824088470796556
5.381263688401062	1.8183059731304996
5.519373400747039	1.812618740243261
5.661027688075583	1.807026878653608
5.806317521626749	1.8015306250215612
5.955336207410488	1.7961303380876479
6.108179446128205	1.7908264907879516
6.264945394632215	1.7856196625534104
6.425734728962902	1.7805105318008627
6.590650709003328	1.7754998686224572
6.759799244793436	1.7705885276790676
6.93328896454593	1.7657774413025586
7.111231284408254	1.7610676128108484
7.29374048001453	1.756460110038985
7.480933759874154	1.7519560590886427
7.67293134064361	1.7475565563647033
7.869856524330638	1.7432594628081859
8.071835777479329	1.7390585776036311
8.278998812387806	1.7349478699630443
8.491478670410022	1.7309217613817764
8.709411807396064	1.726975099788263
8.9329381813247	1.7231031344709118
9.162201342185355	1.7193014917877765
9.39734852416653	1.7155661516623806
9.638530740210877	1.7118934248668736
9.88590287899635	1.7082799310917323
10.139623804406812	1.7047225777992796
10.399856457555078	1.7012185398566075
10.666767961425121	1.6977652399418022
10.940529728199168	1.6943603297159429
11.221317569339803	1.6910016717519272
11.509311808496825	1.6876873222099469
11.804697397312667	1.6844155142482837
12.107664034199136	1.6811846421570933
12.41840628616306	1.677993246201899
12.73712371375804	1.67483999816271
13.064020999243954	1.6717236875539536
13.399308078034828	1.6686432085097789
13.743200273520772	1.6655975473187552
14.095918435349612	1.6625857705915184
14.457689081258422	1.6596070140445305
14.82874454254422	1.6566604718828364
15.20932311326872	1.6537453867644363
15.599669203291805	1.6508610403287278
16.000033495233644	1.6480067442713566
16.41067310546429	1.645181831947761
16.831851749225002	1.6423856504876928
17.263839909988466	1.6396175534030155
17.706915013164455	1.6368768936712044
18.161361604264346	1.63416301727707
18.627471531637465	1.6314752571954128
19.10554413389861	1.6288129277974852
19.595886432164637	1.6261753196644084
20.09881332722553	1.623561694790904
20.614647801775014	1.620971282163011
21.14372112783288	1.6184032736937415
21.68637307948928	1.6158568205009638
22.242952151110018	1.613331029512128
22.813815781141106	1.6108249603808067
23.399330581658845	1.6083376227003832
23.99987257380968	1.605867973500601
24.61582742929359	1.6034149150130597
25.247590718044098	1.6009772926921413
25.895568162266702	1.5985540095390482
26.560175896995446	1.5961458523542518
27.24184073733773	1.5937550833574878
27.941000452576755	1.591383824902198
28.658104047310804	1.5890340154040397
29.39361204980588	1.5867074157915604
30.147996807750214	1.5844056158186226
30.92174279159792	1.5821300402377156
31.71534690570012	1.5798819548335925
32.5293188074191	1.5776624723169503
33.36418123443378	1.5754725580781237
34.22047034044409	1.5733130358010123
35.0987360394935	1.5711845929376627
35.99954235912623	1.5690877860441697
36.923467802609636	1.56702304597871
37.87110572045149	1.5649906829627378
38.84306469145478	1.5629908915064905
39.839968913549676	1.5610237552001465
40.86245860465779	1.559089251372069
41.911190413842846	1.5571872556157296
42.98683784301634	1.5553175461869775
44.09009167946379	1.5534798082734618
45.2216604394715	1.551673638138073
46.38227082334187	1.5498985471383526
47.57266818208351	1.5481539656239096
48.79361699608081	1.5464392467139247
50.04590136604648	1.5447536699568805
51.330325516577844	1.5430964448747033
52.647714312633354	1.5414667143935485
53.998913789266595	1.5398635581634756
55.3847916949536	1.5382859957692976
56.80623804886842	1.536732989834903
58.26416571245731	1.535203449023368
59.7595109756847	1.5336962309351747
61.29323415832257	1.5322101449068692
62.86632022667611	1.5307439547124746
64.47977942613342	1.5292963811699876
66.13464792995205	1.5278661046552708
67.83198850469391	1.5264517675256375
69.5728911927431	1.5250519764554127
71.35847401233593	1.5236653046857458
73.18988367555998	1.5222902941909113
75.06829632477742	1.520925457763333
76.99491828795388	1.5195692810195167
78.97098685336755	1.518220224329072
80.99777106420414	1.516876724668969
83.07657253354198	1.5155371974051273
85.20872628025911	1.5142000380034317
87.39560158638824	1.5128637758768266
89.63860287647918	1.5115282569544268
91.93917061952621	1.5101939814191985
94.29878225404978	1.5088614103281448
96.718953136914	1.5075309629468843
99.2012375164992	1.5062030199247416
101.74722953084694	1.504877926323398
104.35856423142926	1.5035559945044938
107.03691863318585	1.5022375068814253
109.78401279151461	1.500922718540414
112.60161090689859	1.4996118597357888
115.49152245789084	1.498305138264248
118.45560336316933	1.4970027417227567
121.49575717342093	1.4957048396545571
124.61393629380959	1.4944115855876494
127.8121432378279	1.4931231189699563
131.09243191332098	1.4918395670052524
134.45690894151565	1.4905610463938028
137.90773500991065	1.489287664981529
141.44712625987987	1.4880195233213993
145.07735570989354	1.4867567161506083
148.80075471526018	1.4854993337870013
152.61971446534358	1.4842474634480662
156.53668751919454	1.483001190495727
160.5541893806017	1.4817605996100376
164.67480011355858	1.4805257758947752
168.9011659992029	1.4792968059178386
173.2360012352701	1.478073778689234
177.68208967916985	1.476856786579351
182.24228663579095	1.47564592618012
186.91952069120308	1.4744412991115636
191.7167955934074	1.4732430127761422
196.63719218136438	1.4720511810632335
201.68387036352166	1.4708659250059783
206.86007114713453	1.4696873733926408
212.16911871965513	1.4685156633345746
217.6144225835485	1.4673509407927843
223.19947974588945	1.4661933610649998
228.92787696417108	1.4650430892351207
234.80329304973574	1.4639003005868074
240.82950123033353	1.4627651809829183
247.01037157330484	1.4616379272124536
253.34987347097123	1.460518747306567
259.85207818979666	1.4594078608251733
266.5211614849828	1.4583054991156008
273.3614062821568	1.4572119055446975
280.37720542790316	1.4561273357057178
287.5730645108693	1.4550520576012935
294.9536047552853	1.4539862571392494
302.523565988734	1.452929657284892
310.2878096861094	1.451881847352184
318.2513220916769	1.450842432989349
326.41921742127386	1.4498110360959857
334.7967411466808	1.4487872946797982
343.389273364309	1.4477708627074073
352.2023322503238	1.4467614099497281
361.2415776044439	1.445758621822346
370.5128144847129	1.4447621992213315
380.02199693553365	1.4437718583549033
389.775231811396	1.4427873305713175
399.7787826987255	1.4418083621833655
410.0390739384122	1.4408347142898212
420.5626947515508	1.4398661625941762
431.356403471084	1.4389024972209798
442.4271318820324	1.4379435225300854
453.781989673147	1.4369890569290849
465.42826900278254	1.4360389326842053
477.3734491819716	1.4350929957299232
489.6252014776705	1.4341511054775422
502.1913940393129	1.4332131346229517
515.08009695177	1.432278968953803
528.2995874180148	1.4313485071562912
541.8583550747768	1.430421660621744
555.7651074446607	1.4294983532531997
570.028775528155	1.4285785212721436
584.6585195391824	1.4276621130255682
599.6637347878285	1.42674908879351
615.0540577140906	1.4258394205971965
630.8393720764424	1.424933092007953
647.0298152992509	1.4240300979569824
663.6357849830746	1.423130444546142
680.6679455820923	1.4222341488598227
698.1372352528614	1.4213412387780404
716.0548728788788	1.4204517527908276
734.4323652753945	1.4195657398140182
753.2815145791891	1.4186832590065055
772.6144258279567	1.4178043795890556
792.4435147342441	1.4169291806647386
812.7815156588746	1.4160577510410488
833.6414897890639	1.4151901890537684
855.0368335263729	1.4143266023926382
876.9812870899676	1.413467107928875
899.4889433406479	1.412611831544586
922.5742568314046	1.4117609079641231
946.252053090202	1.4109144805874119
970.537538141002	1.410072701267331
995.4463082692048	1.4092356543080962
1020.9943600376498	1.408403207207284
1047.1981005597208	1.407575194417455
1074.074358036063	1.4067514587690324
1101.640392561798	1.4059318512840575
1129.913907211036	1.4051162309936873
1158.9130594059077	1.4043044647593754
1188.6564725773412	1.403496427097675
1219.1632481251902	1.4026920000086018
1250.4529776852344	1.401891072807508
1282.545755711067	1.4010935419603996
1315.4621923788338	1.4002993109226451
1349.2234268232717	1.3995082899810165
1383.8511407133494	1.398720396099003
1419.3675721763861	1.3979355527653448
1455.795530079474	1.3971536898457346
1493.158408677526	1.3963747434376168
1531.480202637172	1.395598655728047
1570.7855224462971	1.3948253748545458
1611.0996102190043	1.394054854768898
1652.4483559063165	1.3932870551038419
1694.858313922816	1.392521941042598
1738.3567202000756	1.3917594831911808
1782.9715096776868	1.3909996574534493
1828.7313342433229	1.390242444908838
1875.6655811331018	1.3894878316927222
1923.804391804278	1.3887358088793667
1973.1786812922112	1.3879863723674128
2023.820158064269	1.3872395227678465
2075.7613443831456	1.3864952652944067
2129.0355971928825	1.3857536096563907
2183.67712954084	1.385014569953799
2239.721032549611	1.3842781645747817
2297.203297952697	1.3835444160953416
2356.1608412086453	1.3828133511812455
2416.6315252083114	1.382085000492105
2478.6541845907414	1.381359398587577
2542.26865068296	1.380636583835649
2607.515777079835	1.379916598322964
2674.4374658806105	1.379199487767141
2743.0766945986193	1.3784853014310579
2813.4775437617354	1.37777409203905
2885.685225221079	1.3770659156949885
2959.7461111864604	1.3763608318022005
3035.707764006812	1.3756589029851933
3113.6189667150593	1.3749601950131407
3193.529754356794	1.374264776725104
3275.4914461232092	1.3735727192737537
3359.5566783085137	1.3728840328403553
3445.7794381133194	1.3721986154019463
3534.2150983154515	1.3715163557590686
3624.920452830831	1.3708371455171402
3717.9537531867677	1.3701608790159698
3813.374745931502	1.3694874532610217
3911.2447110036833	1.3688167678564105
4011.6265010868865	1.368148724939556
4114.584581973874	1.3674832291174857
4220.185073966975	1.3668201874047199
4328.495794340826	1.3661595091627174
4439.586300895209	1.3655011060408322
4553.527936625377	1.3648448919187484
4670.393875539019	1.3641907828503588
4790.259169648917	1.3635386970090462
4913.200797171999	1.3628885546343332
5039.297711965087	1.3622402779798732
5168.630894229609	1.3615937912627414
5301.283402517432	1.360949020613997
5437.340427071776	1.3603058940304833
5576.889344536768	1.3596643413278389
5720.019774071319	1.3590242940946855
5866.823634902941	1.3583856856479637
6017.395205359057	1.3577484509893925
6171.831183412965	1.357112526763015
6330.23074878394	1.356477851213818
6492.695626630872	1.3558443641473823
6659.330152881045	1.3552120068905504
6830.241341235174	1.3545807222530786
7005.5389518921	1.3539504544902572
7185.335562037744	1.3533211492664623
7369.746638142659	1.3526927536196292
7558.890610115409	1.3520652159266155
7752.888947358744	1.3514384858694346
7951.866236778317	1.3508125144023375
8155.950262792931	1.3501872537197255
8365.272089398575	1.349562657224862
8579.96614433829	1.34893867949938
8800.170305432814	1.348315276273549
9026.025989126332	1.3476924043972935
9257.678241305095	1.347070021811939
9495.275830446495	1.3464480875226696
9738.971343159481	1.3458265615716787
9988.92128217634	1.3452054050119906
10245.286166859823	1.3445845798819493
10508.230636289394	1.3439640491803455
10777.923554993833	1.343343776842163
11054.538121396808	1.342746903823265
11338.251979046072	1.342178928816068
11629.24733069693	1.3416123656979924
11927.711055324406	1.3410472080588225
12233.834828137748	1.3404834495305615
12547.815243675574	1.339921083787066
12869.853942059708	1.3393601045436871
13200.157738490232	1.3388005055569125
13538.938756063095	1.3382422806240157
13886.414561997035	1.3376854235827054
14242.808307356174	1.337129928310782
14608.34887035957	1.3365757887257945
14983.271003367792	1.3360229987847043
15367.815483642536	1.3354715524835483
15762.229267974773	1.334921443857111
16166.765651282567	1.3343726669785951
16581.684429278164	1.3338252159592983
17007.2520653106	1.3332790849482914
17443.741861489587	1.3327342681321035
17891.43413420251	1.332190759734406
18350.61639413495	1.3316485540157017
18821.583530911408	1.3311076452730193
19304.63800247593	1.3305680278396064
19800.09002933198	1.3300296960846303
20308.25779376814	1.3294926444128792
20829.46764419616	1.3289568672644667
21364.054304734724	1.3284223591145403
21912.361090170736	1.3278891144729925
22474.740126438468	1.3273571278841736
23051.552576756298	1.3268263939266098
23643.168873568902	1.326296907212722
24249.968956440553	1.3257686623885487
24872.342516054938	1.325241654133471
25510.6892444762	1.3247158771599412
26165.419091834614	1.324191326213213
26836.95252959837	1.3236679960710755
27525.720820603223	1.3231458815435888
28232.166296011383	1.3226249774728238
28956.74263938037	1.322105278732603
29699.915178020558	1.3215867802282446
30462.16118183166	1.3210694768963087
31243.970169807417	1.3205533637043476
32045.84422440899	1.320038435650656
32868.29831400447	1.3195246877640263
33711.86062358515	1.3190121151035041
34577.07289396813	1.3185007127581474
35464.49076970704	1.317990475846788
36374.684155929324	1.3174813995177952
37308.237584333285	1.3169734789488412
38265.75058857684	1.3164667093466706
39247.83808930318	1.3159610859468687
40255.13078904556	1.3154566040136362
41288.27557726877	1.3149532588395632
42347.9359458043	1.314451045745407
43434.79241495062	1.3139499600798703
44549.542970506176	1.3134499972193836
45692.90351202078	1.3129511525678879
46865.60831254928	1.312453421556622
48068.41049020815	1.3119567996439074
49302.08249183152	1.311461282314941
50567.41658904013	1.3109668650815847
51865.22538704509	1.31047354348216
53196.34234650641	1.3099813130812432
54561.62231878726	1.3094901694694645
55961.94209494315	1.309000108263306
57398.20096880467	1.3085111251049033
58871.321314508	1.3080232156618499
60382.249178849925	1.3075363756270013
61931.95488884309	1.3070506007182832
63521.433674868465	1.3065658866784997
65151.70630981656	1.3060822292751435
66823.81976463491	1.30559962430021
68538.84788069726	1.3051180675700094
70297.89205943371	1.3046375549249845
72102.08196965564	1.3041580822295273
73952.57627303679	1.3036796453717994
75850.56336821067	1.303202240263552
77797.26215397051	1.3027258628399485
79793.92281205136	1.3022505090593912
81841.82761000544	1.3017761749033436
83942.29172467985	1.3013028563761617
86096.66408683448	1.3008305495049208
88306.32824743129	1.3003592503392472
90572.70326616029	1.2998889549511496
92897.24462276563	1.2994196594348557
95281.44515176743	1.298951359906644
97726.83600116652	1.298484052504683
100234.98761575832	1.2980177333888694
102807.51074567916	1.297552398740667
105446.057480844	1.2970880447629491
108152.32231192567	1.296624667679841
110928.04321856868	1.2961622637365635
113775.00278552697	1.2957008291992798
116695.02934745535	1.295240360354941
119689.99816307404	1.2947808535111365
122761.8326194727	1.294322304995941
125912.50546731784	1.2938647111577688
129144.04008777045	1.2934080683652236
132458.51179191098	1.2929523730069536
135858.04915351397	1.292497621491507
139344.83537603647	1.2920438102471863
142921.10969468078	1.2915909357219086
146589.16881444692	1.2911389943830627
150351.36838508616	1.29068798271737
154210.12451391993	1.2902378972307462
158167.91531747425	1.2897887344481629
162227.28251294355	1.2893404909135122
166390.83305049202	1.288893163189472
170661.24078745962	1.288446747857372
175041.2482055252	1.288001241517061
179533.66817194683	1.2875566407867747
184141.3857459974	1.2871129423030079
188867.3600317744	1.2866701427203826
193714.62607854992	1.2862282387115216
198686.29682989977	1.2857872269669213
203785.5651228494	1.2853471041948257
209015.7057383415	1.284907867121102
214380.07750431434	1.2844695124891177
219882.12545276468	1.2840320370596157
225525.3830321617	1.283595437610596
231313.4743766583	1.283159710937193
237250.11663352587	1.2827248538515574
243339.12235033192	1.2822908631827366
249584.4019233745	1.2818577357765588
255989.9661089723	1.281425468495516
262559.9285991902	1.2809940582186485
269298.5086636804	1.2805635018414303
276210.03385931574	1.2801337962756576
283298.9428093838	1.2797049384493335
290569.7880540904	1.279276925306559
298027.2389742324	1.278849753807421
305676.08478989376	1.2784234209278846
313521.2376361243	1.2779979236596815
321567.7357175342	1.2775732590102054
329820.74654386373	1.2771494240024026
338285.5702485804	1.276726415674669
346967.64299267007	1.2763042310807418
355872.54045576596	1.2758828672895979
365005.98141687625	1.2754623213853498
374373.8314270333	1.2750425904671427
383982.1065761761	1.274623671649054
393836.97735672514	1.2742055620599912
403944.7726262983	1.2737882588435945
414311.98367215873	1.2733717591581342
424945.2683799473	1.2729560601764163
435851.4555094231	1.272541159085682
447037.54907992185	1.2721270530875142
458510.732868398	1.2717137393977378
470278.37502287736	1.2713012152463288
482348.0327943329	1.270889477877317
494727.4573899834	1.270478524548695
507424.5989511859	1.2700683525323233
520447.61165905115	1.26965895911384
533804.8589711151	1.269250341592569
547504.9189923869	1.2688424972814303
561556.5899842825	1.2684354235068487
575968.8960149058	1.2680291176086667
590751.0927543684	1.267623576940055
605912.67341882	1.2672187988674266
621463.374867074	1.266814780770348
637413.1838536606	1.2664115200414543
653772.3434423899	1.2660090140863638
670551.3595844909	1.2656072603235935
687761.0078656245	1.265206256184474
705412.3404260112	1.2648059991130671
723516.6930581926	1.2644064865660831
742085.6924869253	1.264007716012799
761131.2638359641	1.263609684934976
780665.6382864288	1.2632123908267805
800701.3609317528	1.2628158311947022
821251.2988341964	1.2624200035574764
842328.6492881846	1.2620249054460044
863946.948295668	1.2616305344032754
886120.0792590358	1.2612368879842886
908862.2818970974	1.2608439637559772
932188.1613899516	1.2604517592971314
956112.6977585052	1.2600602721983227
980651.2554847108	1.2596695000618299
1.0058195933787707e6	1.2592794405015624
1.0316338746995148e6	1.258890091142988
1.0581106775345546e6	1.2585014496230598
1.085267005446805e6	1.2581135135901418
1.1131202983943159e6	1.2577262807039384
1.1416884439302923e6	1.2573397486354214
1.1709897886906033e6	1.2569539150667595
1.2010431501760706e6	1.2565687776912489
1.231867828837229e6	1.2561843342132404
1.2634836204691613e6	1.2558005823480736
1.2959108289244948e6	1.2554175198220048
1.329170279152621e6	1.2550351443721413
1.3632833305736592e6	1.2546534537463714
1.3982718907955682e6	1.254272445703298
1.4341584296833656e6	1.2538921180121727
1.4709659937893683e6	1.253512468452828
1.5087182211538902e6	1.2531334948156125
1.5474393564856937e6	1.252755194901325
1.5871542667321092e6	1.25237756652115
1.6278884570486948e6	1.2520006074965948
1.6696680871788687e6	1.2516243156594227
1.712519988253809e6	1.2512486888515926
1.7564716800235931e6	1.2508737249251949
1.8015513885304984e6	1.2504994217423895
1.8477880642360093e6	1.2501257771753433
1.8952114006129324e6	1.24975278910617
1.9438518532147475e6	1.2493804554268684
1.9937406592342965e6	1.2490087740392615
2.0449098575645762e6	1.2486377428549382
2.097392309374257e6	1.2482673597951914
2.1512217192113535e6	1.2478976227909615
2.206432656648425e6	1.2475285297827754
2.263060578483459e6	1.2471600787206896
2.321141851510379e6	1.2467922675642327
2.38071377587405e6	1.2464250942823465
2.441814609024593e6	1.2460585568533311
2.5044835902866493e6	1.245692653264787
2.5687609660590454e6	1.2453273815135593
2.6346880156613113e6	1.2449627396056824
2.702307077843431e6	1.2445987255563247
2.7716615779761584e6	1.244235337389734
2.842796055938998e6	1.2438725731391813
2.915756194723922e6	1.2435104308469105
2.990588849773385e6	1.2431489085640808
3.067342079071095e6	1.2427880043507158
3.1460651740051797e6	1.2424277162756503
3.226808691023327e6	1.2420680424164774
3.309624484100575e6	1.241708980859497
3.3945657380401576e6	1.2413505296996636
3.4816870026291576e6	1.2409926870405354
3.571044227670608e6	1.2406354509942235
3.662694798914942e6	1.2402788196813408
3.756697574913372e6	1.2399227912309523
3.8531129248172566e6	1.2395673637805253
3.9520027671474316e6	1.2392125354758798
4.0534306095588137e6	1.2388583044711392
4.157461589625297e6	1.2385046689286823
4.264162516671556e6	1.238151627019094
4.373601914678271e6	1.237799176921118
4.485850066288827e6	1.237447316821609
4.600979057945137e6	1.2370960449154846
4.719062826182047e6	1.2367453594056799
4.840177205109693e6	1.2363952585030993
4.964399975114833e6	1.236045740426571
5.091810912811738e6	1.2356968034028009
5.222491842275294e6	1.2353484456663262
5.356526687588768e6	1.2350006654594716
5.494001526740581e6	1.2346534610323034
5.635004646903969e6	1.2343068306425844
5.779626601135619e6	1.2339607725557302
5.9279602665292155e6	1.233615285044765
6.08010090386193e6	1.233270366390278
6.236146218771296e6	1.2329260148803791
6.396196424502453e6	1.2325822288106578
6.560354306265515e6	1.2322390064841382
6.728725287245121e6	1.2318963462112376
6.901417496303667e6	1.2315542463097238
7.078541837422413e6	1.231212705104674
7.260212060924477e6	1.2308717209284326
7.4465448365263e6	1.23053129212057
7.63765982826348e6	1.230191417027841
7.833679771339586e6	1.2298520940041455
8.034730550947762e6	1.2295133214104865
8.240941283114754e6	1.229175097614931
8.452444397620106e6	1.2288374209925692
8.669375723043138e6	1.2285002899254758
8.891874573993228e6	1.2281637028026704
9.120083840578265e6	1.227827658020078
9.354150080169672e6	1.2274921539804904
9.594223611522153e6	1.2271571890935282
9.840458611309726e6	1.226822761775602
1.009301321313863e7	1.2264888704498742
1.0352049609101843e7	1.2261555135462223
1.0617734153939515e7	1.2258226895012
1.089023747187344e7	1.225490396758002
1.1169734566182662e7	1.225158633766424
1.1456404931591794e7	1.224827398982829
1.1750432669543305e7	1.2244966908701103
1.2052006606429048e7	1.2241665078976531
1.236132041485539e7	1.223836848541301
1.2678572738021119e7	1.2235077112833195
1.300396731728693e7	1.2231790946123604
1.3337713123019898e7	1.2228509970234267
1.3680024488795167e7	1.2225234170178376
1.4031121249042448e7	1.2221963531031934
1.4391228880224628e7	1.221869803793342
1.4760578645640695e7	1.2215437676083436
1.5139407743944056e7	1.2212182430744372
1.5527959461473145e7	1.2208932287240064
1.5926483328490943e7	1.2205687230955469
1.6335235279435473e7	1.2202447247336314
1.675447781728201e7	1.219921232188878
1.718448018212432e7	1.219598244017916
1.7625518524081785e7	1.2192757587833556
1.8077876080645405e7	1.2189537750537522
1.8541843358574133e7	1.218632291403576
1.9017718320460353e7	1.2183113064131805
1.950580657608271e7	1.2179908186687696
2.0006421578671344e7	1.2176708267623657
2.05198848262091e7	1.2173513292917801
2.1046526067899004e7	1.2170323248605794
2.1586683515932053e7	1.216713812078057
2.214070406268858e7	1.2163957895592004
2.2708943503514934e7	1.2160782559246615
2.3291766765216757e7	1.2157612098007262
2.3889548140418142e7	1.2154446498192844
2.4502671527933996e7	1.2151285746177993
2.5131530679312505e7	1.214812982839279
2.577652945170406e7	1.214497873132245
2.6438082067221813e7	1.214183244150705
2.7116613378956933e7	1.213869094554122
2.7812559143822175e7	1.213555423007386
2.852636630239687e7	1.2132422281807858
2.9258493265955992e7	1.2129295087499787
3.0009410210863877e7	1.2126172633959647
3.077959938052478e7	1.2123054908050552
3.1569555395081613e7	1.2119941896688478
3.237978556906526e7	1.211683358684196
3.3210810237194236e7	1.2113729965531836
3.406316308853721e7	1.211063101983096
3.4937391509250365e7	1.2107536736863926
3.583405693411362e7	1.2104447103806812
3.675373520708639e7	1.210136210788689
3.769701695111863e7	1.2098281736382377
3.866450794745138e7	1.2095205976622156
3.965682952465473e7	1.2092134815985518
4.067461895764773e7	1.2089068241901892
4.1718529876960754e7	1.2086006241850598
4.278923268849981e7	1.208294880336057
4.3887415004087046e7	1.207989591401011
4.5013782083048e7	1.2076847561426631
4.616905728513407e7	1.2073803733286397
4.7353982535067216e7	1.207076441731428
4.856931879901042e7	1.206772960128349
4.9815846573263474e7	1.2064699273015351
5.109436638550314e7	1.206167342037903
5.24056993088854e7	1.2058652031291313
5.375068748934576e7	1.2055635093716333
5.5130194686429396e7	1.2052622595665348
5.654510682800164e7	1.2049614525196495
5.799633257919843e7	1.2046610870414547
5.948480392597509e7	1.2043611619470669
6.101147677363415e7	1.204061676056219
6.2577331560711786e7	1.203762628193237
6.418337388862392e7	1.203464017187015
6.5830635167467885e7	1.2031658418709936
6.752017327840108e7	1.2028681010831357
6.925307325301675e7	1.202570793665904
7.103044797016072e7	1.2022739184662385
7.285343887062702e7	1.2019774743355325
7.472321669019899e7	1.2016814601296117
7.664098221150087e7	1.2013858747087107
7.860796703515086e7	1.2010907169374512
8.062543437070015e7	1.2007959856848198
8.269467984787515e7	1.2005016798241455
8.481703234863621e7	1.2002077982330788
8.699385486059718e7	1.1999143397935694
8.922654535234198e7	1.1996213033918444
9.151653767120981e7	1.1993286879183873
9.386530246411778e7	1.1990364922679166
9.627434812202333e7	1.1987447153393644
9.874522174861935e7	1.198453356035856
1.0127951015389496e8	1.1981624132646873
1.0387884087319149e8	1.1978718859373065
1.0654488321241996e8	1.1975817729692912
1.0927934932009646e8	1.1972920732803294