# Internal run number: twoLoop 1940
# All dimensionful quantities in GeV
# Rescaling factor from internal to physical units: 1.09279
# Quantity: interpolated gluon dressing function Z
# Syntax: p^2 [GeV^2], Z
# Cutoff in GeV^2, renormalization constant Z3: 1092793., 1.2321
# Renormalization point 1: 10927.9
# Renormalization value Z at point 1: 1.
# Renormalization point 2: 0.00000109279
# Renormalization value D at point 2: 10.981
# Lowest/highest calculated points (extrapolated beyond that): 0.00000109279/10927.9
# alpha(mu)=0.05
#
1.0927934932009614e-14	1.2e-13
1.12557729799699e-14	1.231e-13
1.1474331678610093e-14	1.262e-13
1.1802169726570383e-14	1.295e-13
1.2130007774530671e-14	1.328e-13
1.245784582249096e-14	1.362e-13
1.2676404521131152e-14	1.397e-13
1.300424256909144e-14	1.433e-13
1.3332080617051728e-14	1.47e-13
1.3769198014332112e-14	1.507e-13
1.4097036062292401e-14	1.546e-13
1.442487411025269e-14	1.586e-13
1.4861991507533073e-14	1.626e-13
1.5189829555493363e-14	1.668e-13
1.5626946952773746e-14	1.711e-13
1.5954785000734033e-14	1.755e-13
1.639190239801442e-14	1.8e-13
1.6829019795294804e-14	1.846e-13
1.7266137192575187e-14	1.894e-13
1.7703254589855574e-14	1.942e-13
1.8140371987135958e-14	1.992e-13
1.8577489384416342e-14	2.043e-13
1.9123886131016823e-14	2.096e-13
1.9561003528297207e-14	2.149e-13
2.010740027489769e-14	2.205e-13
2.0544517672178073e-14	2.261e-13
2.1090914418778554e-14	2.319e-13
2.1637311165379035e-14	2.379e-13
2.2183707911979514e-14	2.44e-13
2.2839384007900093e-14	2.502e-13
2.338578075450057e-14	2.567e-13
2.3932177501101052e-14	2.632e-13
2.4587853597021628e-14	2.7e-13
2.5243529692942207e-14	2.769e-13
2.5899205788862783e-14	2.84e-13
2.6554881884783362e-14	2.913e-13
2.7210557980703937e-14	2.988e-13
2.7866234076624513e-14	3.065e-13
2.863118952186519e-14	3.143e-13
2.939614496710586e-14	3.224e-13
3.016110041234653e-14	3.307e-13
3.0926055857587203e-14	3.392e-13
3.169101130282788e-14	3.479e-13
3.2455966748068556e-14	3.568e-13
3.3330201542629324e-14	3.66e-13
3.420443633719009e-14	3.753e-13
3.507867113175085e-14	3.85e-13
3.595290592631163e-14	3.949e-13
3.6827140720872395e-14	4.05e-13
3.781065486475326e-14	4.154e-13
3.8794169008634125e-14	4.26e-13
3.9777683152514994e-14	4.37e-13
4.076119729639586e-14	4.482e-13
4.185399078959682e-14	4.597e-13
4.294678428279778e-14	4.715e-13
4.4039577775998744e-14	4.836e-13
4.51323712691997e-14	4.96e-13
4.633444411172076e-14	5.087e-13
4.7536516954241815e-14	5.218e-13
4.873858979676287e-14	5.352e-13
4.994066263928393e-14	5.489e-13
5.125201483112509e-14	5.63e-13
5.256336702296624e-14	5.775e-13
5.398399856412749e-14	5.923e-13
5.529535075596864e-14	6.075e-13
5.671598229712989e-14	6.231e-13
5.824589318761124e-14	6.391e-13
5.966652472877249e-14	6.555e-13
6.119643561925384e-14	6.723e-13
6.283562585905527e-14	6.895e-13
6.436553674953661e-14	7.072e-13
6.600472698933807e-14	7.254e-13
6.77531965784596e-14	7.44e-13
6.950166616758114e-14	7.631e-13
7.125013575670268e-14	7.827e-13
7.310788469514431e-14	8.028e-13
7.496563363358595e-14	8.234e-13
7.693266192134767e-14	8.445e-13
7.889969020910941e-14	8.662e-13
8.086671849687113e-14	8.884e-13
8.294302613395296e-14	9.112e-13
8.512861312035488e-14	9.346e-13
8.731420010675681e-14	9.586e-13
8.949978709315872e-14	9.832e-13
9.179465342888075e-14	1.0084e-12
9.419879911392286e-14	1.0343e-12
9.660294479896498e-14	1.0609e-12
9.911636983332718e-14	1.0881e-12
1.016297948676894e-13	1.116e-12
1.0425249925137171e-13	1.1446e-12
1.0687520363505401e-13	1.174e-12
1.0960718736805642e-13	1.2042e-12
1.1244845045037891e-13	1.2351e-12
1.1539899288202151e-13	1.2668e-12
1.183495353136641e-13	1.2993e-12
1.214093570946268e-13	1.3326e-12
1.244691788755895e-13	1.3668e-12
1.2763828000587226e-13	1.4019e-12
1.3091666048547518e-13	1.4379e-12
1.3430432031439815e-13	1.4748e-12
1.378012594926412e-13	1.5126e-12
1.412981986708843e-13	1.5514e-12
1.449044171984475e-13	1.5913e-12
1.4861991507533074e-13	1.6321e-12
1.524446923015341e-13	1.674e-12
1.5637874887705756e-13	1.717e-12
1.604220848019011e-13	1.761e-12
1.6446542072674466e-13	1.8062e-12
1.6872731535022843e-13	1.8526e-12
1.7298920997371216e-13	1.9001e-12
1.774696632958361e-13	1.9489e-12
1.8205939596728014e-13	1.9989e-12
1.867584079880443e-13	2.0502e-12
1.9145742000880842e-13	2.1028e-12
1.9637499072821275e-13	2.1568e-12
2.0140184079693718e-13	2.2121e-12
2.0664724956430178e-13	2.2689e-12
2.1189265833166641e-13	2.3272e-12
2.173566257976712e-13	2.3869e-12
2.229298726129961e-13	2.4481e-12
2.286123987776411e-13	2.511e-12
2.345134836409263e-13	2.5754e-12
2.4052384785353156e-13	2.6415e-12
2.4675277076477707e-13	2.7093e-12
2.530909730253426e-13	2.7788e-12
2.595384546352283e-13	2.8502e-12
2.662044949437542e-13	2.9233e-12
2.730890939509202e-13	2.9983e-12
2.8008297230740635e-13	3.0753e-12
2.8729540936253274e-13	3.1542e-12
2.9461712576697916e-13	3.2352e-12
3.021574008700658e-13	3.3182e-12
3.0991623467179265e-13	3.4034e-12
3.1789362717215967e-13	3.4907e-12
3.260895783711669e-13	3.5803e-12
3.3439480891949415e-13	3.6722e-12
3.4302787751578177e-13	3.7664e-12
3.5177022546138947e-13	3.8631e-12
3.608404114549574e-13	3.9622e-12
3.701291561471656e-13	4.0639e-12
3.7963645953801397e-13	4.1682e-12
3.893623216275025e-13	4.2752e-12
3.9930674241563123e-13	4.3849e-12
4.095790012517203e-13	4.4975e-12
4.2006981878644956e-13	4.6129e-12
4.3088847436913905e-13	4.7313e-12
4.419256886504688e-13	4.8527e-12
4.5329074097975875e-13	4.9773e-12
4.648743520076889e-13	5.105e-12
4.767858010835795e-13	5.236e-12
4.890250882074302e-13	5.3704e-12
5.015922133792412e-13	5.5082e-12
5.144871765990126e-13	5.6496e-12
5.277099778667442e-13	5.7946e-12
5.412606171824362e-13	5.9433e-12
5.551390945460883e-13	6.0958e-12
5.693454099577008e-13	6.2523e-12
5.839888427665938e-13	6.4128e-12
5.989601136234468e-13	6.5773e-12
6.143685018775804e-13	6.7462e-12
6.301047281796743e-13	6.9193e-12
6.462780718790485e-13	7.0969e-12
6.628885329757031e-13	7.279e-12
6.799361114696381e-13	7.4658e-12
6.973115280115333e-13	7.6574e-12
7.152333413000291e-13	7.854e-12
7.335922719858053e-13	8.0555e-12
7.523883200688619e-13	8.2623e-12
7.717307648985189e-13	8.4743e-12
7.915103271254562e-13	8.6918e-12
8.118362860989941e-13	8.9149e-12
8.327086418191325e-13	9.1437e-12
8.540181149365512e-13	9.3784e-12
8.759832641498906e-13	9.6191e-12
8.984948101098303e-13	9.8659e-12
9.215527528163707e-13	1.01192e-11
9.451570922695114e-13	1.03789e-11
9.694171078185728e-13	1.06452e-11
9.943327994635547e-13	1.09184e-11
1.019794887855137e-12	1.11987e-11
1.0460219316919601e-12	1.14861e-11
1.0727953722753836e-12	1.17809e-11
1.100333768304048e-12	1.20832e-11
1.128637119777953e-12	1.23933e-11
1.1575961473477783e-12	1.27114e-11
1.1873201303628445e-12	1.30376e-11
1.2178090688231513e-12	1.33723e-11
1.249062962728699e-12	1.37155e-11
1.281081812079487e-12	1.40675e-11
1.3139748962248358e-12	1.44285e-11
1.3476329358154255e-12	1.47988e-11
1.382274489549896e-12	1.51786e-11
1.417680998729607e-12	1.55682e-11
1.454071022053199e-12	1.59677e-11
1.4914445595206719e-12	1.63775e-11
1.5296923317827056e-12	1.67979e-11
1.5689236181886202e-12	1.7229e-11
1.6092476980877357e-12	1.76712e-11
1.6505552921307318e-12	1.81247e-11
1.6929556796669292e-12	1.85899e-11
1.7363395813470075e-12	1.9067e-11
1.7809255558696066e-12	1.95563e-11
1.826604323885407e-12	2.00582e-11
1.873485164743728e-12	2.0573e-11
1.9215680784445703e-12	2.1101e-11
1.9708530649879335e-12	2.16426e-11
2.0214494037231384e-12	2.2198e-11
2.073357094650184e-12	2.27678e-11
2.1265761377690706e-12	2.33521e-11
2.181215812429119e-12	2.39514e-11
2.237166839281008e-12	2.45661e-11
2.2945384976740586e-12	2.51966e-11
2.3534400669575904e-12	2.58433e-11
2.4138715471316036e-12	2.65066e-11
2.475832938196098e-12	2.71868e-11
2.5393242401510736e-12	2.78846e-11
2.6045640116951713e-12	2.86003e-11
2.67133369412975e-12	2.93343e-11
2.73996112550277e-12	3.00871e-11
2.8102277471155923e-12	3.08593e-11
2.8823521176668554e-12	3.16513e-11
2.9563342371565607e-12	3.24637e-11
3.032174105584707e-12	3.32968e-11
3.1099810023006157e-12	3.41514e-11
3.189864206653606e-12	3.50279e-11
3.271714439294358e-12	3.59269e-11
3.3556409795721917e-12	3.68489e-11
3.4418623861857475e-12	3.77947e-11
3.5301601004363855e-12	3.87647e-11
3.620752681022745e-12	3.97595e-11
3.713640127944827e-12	4.078e-11
3.808931720551951e-12	4.18266e-11
3.906736738193436e-12	4.29001e-11
4.007055180869285e-12	4.40011e-11
4.109887048579495e-12	4.51304e-11
4.2153416206733884e-12	4.62886e-11
4.323528176500284e-12	4.74766e-11
4.434446716060181e-12	4.86951e-11
4.548315798051721e-12	4.99449e-11
4.665026143125584e-12	5.12267e-11
4.78479630998041e-12	5.25414e-11
4.907517019266877e-12	5.38899e-11
5.033516109032948e-12	5.5273e-11
5.162684299929301e-12	5.66916e-11
5.295130871305258e-12	5.81465e-11
5.431074381859457e-12	5.96389e-11
5.570514831591901e-12	6.11695e-11
5.7134522205025864e-12	6.27394e-11
5.860105107290155e-12	6.43496e-11
6.010473491954607e-12	6.60011e-11
6.164775933194583e-12	6.76951e-11
6.322903151660762e-12	6.94324e-11
6.4851829854011045e-12	7.12144e-11
6.6516154344156116e-12	7.30421e-11
6.822419057402922e-12	7.49168e-11
6.997484575013716e-12	7.68395e-11
7.177030545946633e-12	7.88116e-11
7.361275528900316e-12	8.08343e-11
7.550219523874762e-12	8.29089e-11
7.743971810219292e-12	8.50367e-11
7.942750946632547e-12	8.72192e-11
8.146556933114525e-12	8.94576e-11
8.35560832836387e-12	9.17536e-11
8.570123691079219e-12	9.41084e-11
8.789993741911252e-12	9.65237e-11
9.015655598257251e-12	9.9001e-11
9.246999980767893e-12	1.015418e-10
9.484354727491143e-12	1.041479e-10
9.727719838426997e-12	1.068208e-10
9.977423151623416e-12	1.095624e-10
1.0233464667080402e-11	1.123743e-10
1.0496172222845914e-11	1.152584e-10
1.0765545818919951e-11	1.182165e-10
1.1041804014001154e-11	1.212505e-10
1.1325165366788163e-11	1.243624e-10
1.1615848435979619e-11	1.275541e-10
1.1913962500924842e-11	1.308278e-10
1.2219726120322468e-11	1.341855e-10
1.2533357852871145e-11	1.376293e-10
1.2855076257269508e-11	1.411616e-10
1.3184990612866879e-11	1.447845e-10
1.3523319478361896e-11	1.485004e-10
1.3870390691802521e-11	1.523116e-10
1.4226422811887393e-11	1.562207e-10
1.4591525117965836e-11	1.602301e-10
1.4966025448085806e-11	1.643424e-10
1.5350142360945943e-11	1.685602e-10
1.574409441524489e-11	1.728863e-10
1.6148100169681287e-11	1.773234e-10
1.656259674165241e-11	1.818744e-10
1.6987693410507582e-11	1.865422e-10
1.742360873494545e-11	1.913298e-10
1.7870889111712598e-11	1.962402e-10
1.8329534540809045e-11	2.012767e-10
1.879987286028274e-11	2.064425e-10
1.9282450466880282e-11	2.117408e-10
1.977726736060168e-11	2.171751e-10
2.0284869938193524e-11	2.227489e-10
2.080547675835446e-11	2.284657e-10
2.1339415659132453e-11	2.343293e-10
2.1887123757924775e-11	2.403433e-10
2.2448819613430067e-11	2.465117e-10
2.3025049622394932e-11	2.528384e-10
2.3615923064168695e-11	2.593275e-10
2.4222095614847268e-11	2.659831e-10
2.4843676553779976e-11	2.728096e-10
2.5481321557062737e-11	2.798112e-10
2.613524918339419e-11	2.869925e-10
2.680600582952094e-11	2.943582e-10
2.7494028612840266e-11	3.019128e-10
2.819964537140013e-11	3.096614e-10
2.892340250194712e-11	3.176089e-10
2.966573712187854e-11	3.257603e-10
3.0427086348591646e-11	3.341209e-10
3.120799657883305e-11	3.426961e-10
3.200890493000004e-11	3.514913e-10
3.283046707818852e-11	3.605123e-10
3.367301086144646e-11	3.697648e-10
3.45373012352191e-11	3.792548e-10
3.54236660375544e-11	3.889884e-10
3.6332760944548283e-11	3.989717e-10
3.7265241632296663e-11	4.092113e-10
3.822165449754614e-11	4.197137e-10
3.9202655216392644e-11	4.304856e-10
4.0208790185582774e-11	4.41534e-10
4.124071508121244e-11	4.528659e-10
4.229919485872689e-11	4.644887e-10
4.3384775914872724e-11	4.764098e-10
4.4498223205095184e-11	4.886368e-10
4.5640301684839505e-11	5.011776e-10
4.6811667030201615e-11	5.140403e-10
4.801308419662676e-11	5.272331e-10
4.924531813956016e-11	5.407645e-10
5.050924309379639e-11	5.546432e-10
5.1805514735431376e-11	5.68878e-10
5.313511657860898e-11	5.834782e-10
5.449881357877446e-11	5.984532e-10
5.589747997072237e-11	6.138124e-10
5.7332099268596596e-11	6.295659e-10
5.880354570719168e-11	6.457236e-10
6.031269352130222e-11	6.622961e-10
6.186063550442139e-11	6.792939e-10
6.344835517069306e-11	6.967279e-10
6.50767267549118e-11	7.146093e-10
6.674684305057083e-11	7.329497e-10
6.845990613051267e-11	7.517608e-10
7.02170087882305e-11	7.710547e-10
7.201902525851887e-11	7.908438e-10
7.38674854522683e-11	8.111407e-10
7.576326360427333e-11	8.319586e-10
7.77076710667258e-11	8.533107e-10
7.970201919181755e-11	8.752109e-10
8.174761933174043e-11	8.976731e-10
8.384567355933695e-11	9.207118e-10
8.59976025061483e-11	9.443418e-10
8.820471752436626e-11	9.685783e-10
9.046843924553206e-11	9.934368e-10
9.279029758053614e-11	1.0189332e-9
9.517171316091968e-11	1.0450841e-9
9.761432517692248e-11	1.0719061e-9
1.0011955426008567e-10	1.0994165e-9
1.0268914887999842e-10	1.1276329e-9
1.0532463894755117e-10	1.1565735e-9
1.0802777293233307e-10	1.1862569e-9
1.1080029930393323e-10	1.2167021e-9
1.1364407581129009e-10	1.2479286e-9
1.1656074164464345e-10	1.2799566e-9
1.195522638322811e-10	1.3128066e-9
1.226205001231414e-10	1.3464997e-9
1.2576752682486156e-10	1.3810575e-9
1.2899542024507856e-10	1.4165022e-9
1.3230603813273088e-10	1.4528567e-9
1.3570167535415422e-10	1.4901441e-9
1.3918440821698567e-10	1.5283885e-9
1.42756531587561e-10	1.5676145e-9
1.4642044961156517e-10	1.6078472e-9
1.5017823859663532e-10	1.6491125e-9
1.540326305265044e-10	1.6914368e-9
1.5798581098815892e-10	1.7348474e-9
1.6204051196533175e-10	1.7793721e-9
1.661992468830573e-10	1.8250396e-9
1.7046474772506864e-10	1.8718791e-9
1.748397464750987e-10	1.9199207e-9
1.7932697511688047e-10	1.9691953e-9
1.8392938419284564e-10	2.0197346e-9
1.8864992424542583e-10	2.0715709e-9
1.93491655096402e-10	2.1247376e-9
1.9845752728820584e-10	2.1792688e-9
2.0355092848066618e-10	2.2351996e-9
2.087751370542627e-10	2.2925658e-9
2.1413332211012566e-10	2.3514044e-9
2.196289805874333e-10	2.411753e-9
2.2526571870471317e-10	2.4736504e-9
2.3104714268049283e-10	2.5371365e-9
2.3697696801264925e-10	2.6022519e-9
2.430590194784085e-10	2.6690385e-9
2.4929712185499683e-10	2.7375391e-9
2.5569531847833917e-10	2.8077979e-9
2.622576526843603e-10	2.8798598e-9
2.689884956470329e-10	2.9537711e-9
2.758921092609807e-10	3.0295795e-9
2.8297275542082697e-10	3.1073334e-9
2.90235242417942e-10	3.1870828e-9
2.97684159984997e-10	3.2688791e-9
3.0532420713401287e-10	3.3527746e-9
3.13160301435709e-10	3.4388233e-9
3.2119757901950344e-10	3.5270804e-9
3.294410667354649e-10	3.6176027e-9
3.3789611927171004e-10	3.7104482e-9
3.4656820059570494e-10	3.8056765e-9
3.5546288395426484e-10	3.9033489e-9
3.6458574259420505e-10	4.0035281e-9
3.7394289615908764e-10	4.1062783e-9
3.8354002717507706e-10	4.2116656e-9
3.9338358312378344e-10	4.3197577e-9
4.0347979292811776e-10	4.4306239e-9
4.1383499479034076e-10	4.5443355e-9
4.2445607330945954e-10	4.6609656e-9
4.3534969452578267e-10	4.7805889e-9
4.4652296159701587e-10	4.9032823e-9
4.579828684015157e-10	5.0291247e-9
4.697369552143852e-10	5.1581968e-9
4.817927623107275e-10	5.2905815e-9
4.941579392449951e-10	5.4263638e-9
5.068404634096882e-10	5.565631e-9
5.198484214766565e-10	5.7084725e-9
5.33190337235147e-10	5.85498e-9
5.468746251950575e-10	6.0052476e-9
5.609101369836827e-10	6.1593718e-9
5.753058335076668e-10	6.3174516e-9
5.900710035117024e-10	6.4795885e-9
6.052151542991798e-10	6.6458867e-9
6.207479024528397e-10	6.8164528e-9
6.366794109521685e-10	6.9913966e-9
6.530197334973038e-10	7.1708302e-9
6.697794701851298e-10	7.354869e-9
6.869692211125302e-10	7.5436312e-9
7.046002420524852e-10	7.7372379e-9
7.226837887779746e-10	7.9358135e-9
7.412314449000266e-10	8.1394855e-9
7.602550125883676e-10	8.3483848e-9
7.797669496888201e-10	8.5626454e-9
7.997796047678572e-10	8.782405e-9
8.203058727886989e-10	9.0078048e-9
8.413589765526127e-10	9.2389894e-9
8.62952357419565e-10	9.4761073e-9
8.851000031462689e-10	9.7193109e-9
9.078160107687866e-10	9.9687562e-9
9.31115023719927e-10	1.02246036e-8
9.55012013270547e-10	1.04870172e-8
9.795222785295514e-10	1.07561657e-8
1.0046616650025916e-9	1.10322219e-8
1.0304462367540174e-9	1.1315363e-8
1.056892604244926e-9	1.16057709e-8
1.0840175964951123e-9	1.19036321e-8
1.1118389167591662e-9	1.22091379e-8
1.1403741590123285e-9	1.25224844e-8
1.1696417914646337e-9	1.2843873e-8
1.1996605008848162e-9	1.317351e-8
1.2304497389970548e-9	1.35116071e-8
1.2620290668048776e-9	1.38583815e-8
1.2944189195466073e-9	1.42140557e-8
1.3276401695779645e-9	1.45788584e-8
1.3617139078133678e-9	1.49530236e-8
1.39666220868138e-9	1.53367918e-8
1.4325073651692618e-9	1.57304094e-8
1.469272653778419e-9	1.61341291e-8
1.5069813510102567e-9	1.65482103e-8
1.5456579354390224e-9	1.69729188e-8
1.5853271041976625e-9	1.74085274e-8
1.626014428653918e-9	1.78553159e-8
1.667745917292927e-9	1.83135712e-8
1.7105485621139716e-9	1.87835876e-8
1.7544495736750324e-9	1.92656669e-8
1.7994774738862823e-9	1.97601188e-8
1.8456608939372425e-9	2.02672607e-8
1.893029667090278e-9	2.07874183e-8
1.94161406372515e-9	2.13209258e-8
1.9914454470151138e-9	2.18681257e-8
2.042555726530171e-9	2.24293694e-8
2.0949777953544663e-9	2.30050174e-8
2.1487452022482415e-9	2.35954394e-8
2.2038925887652308e-9	2.42010145e-8
2.2604553614146136e-9	2.48221317e-8
2.3184696916610157e-9	2.54591897e-8
2.3779730623212535e-9	2.61125979e-8
2.4390036118882392e-9	2.67827756e-8
2.50160046236903e-9	2.74701535e-8
2.5658038285641756e-9	2.81751728e-8
2.6316549087883697e-9	2.88982864e-8
2.6991962127084977e-9	2.96399587e-8
2.7684707963881914e-9	3.04006659e-8
2.839523464360673e-9	3.11808966e-8
2.9123995675559095e-9	3.19811519e-8
2.987146096094108e-9	3.28019457e-8
3.0638109143302724e-9	3.36438051e-8
3.1424434165302942e-9	3.45072707e-8
3.22309398047421e-9	3.53928971e-8
3.305814404573598e-9	3.6301253e-8
3.3906579078715766e-9	3.72329219e-8
3.477678911484108e-9	3.81885019e-8
3.5669332571586936e-9	3.91686068e-8
3.6584783165537273e-9	4.01738661e-8
3.752372881959143e-9	4.12049252e-8
3.848677166296417e-9	4.22624464e-8
3.94745324023596e-9	4.33471088e-8
4.048764267241683e-9	4.44596089e-8
4.152675487085129e-9	4.56006613e-8
4.259253560169381e-9	4.67709987e-8
4.368567004646465e-9	4.79713728e-8
4.4806859778586445e-9	4.92025543e-8
4.59568238561777e-9	5.0465334e-8
4.713630210043333e-9	5.17605229e-8
4.834605181724413e-9	5.30889526e-8
4.958684888999025e-9	5.44514765e-8
5.085949215071525e-9	5.58489694e-8
5.216479682336503e-9	5.72823288e-8
5.350360217334237e-9	5.87524753e-8
5.487676822912644e-9	6.0260353e-8
5.628517578227275e-9	6.18069302e-8
5.772973075858715e-9	6.33932003e-8
5.921135984695189e-9	6.50201818e-8
6.073101487049954e-9	6.66889197e-8
6.2289671693819545e-9	6.84004856e-8
6.388833131575165e-9	7.01559787e-8
6.5528019869385995e-9	7.19565264e-8
6.7209791900443505e-9	7.38032851e-8
6.893472599610198e-9	7.56974406e-8
7.070393024896351e-9	7.76402095e-8
7.251854116426103e-9	7.96328394e-8
7.437972365985831e-9	8.16766101e-8
7.628867325183688e-9	8.37728339e-8
7.824661605449613e-9	8.59228571e-8
8.025480878035326e-9	8.81280605e-8
8.231454311131719e-9	9.03898603e-8
8.442713914192775e-9	9.2709709e-8
8.659395521449695e-9	9.50890965e-8
8.881638245514167e-9	9.75295507e-8
9.109584805216401e-9	1.00032639e-7
9.343381525605137e-9	1.025999689e-7
9.583178665785689e-9	1.052331891e-7
9.829130200361251e-9	1.079339906e-7
1.0081394037991591e-8	1.107041081e-7
1.0340132239951748e-8	1.135453204e-7
1.0605510910852691e-8	1.164594522e-7
1.0877700526479355e-8	1.194483749e-7
1.115687593379066e-8	1.225140081e-7
1.1443216241640136e-8	1.256583206e-7
1.1736905476452037e-8	1.288833316e-7
1.2038132254383293e-8	1.321911122e-7
1.2347089999882198e-8	1.355837868e-7
1.266397705496777e-8	1.390635341e-7
1.2988997116347142e-8	1.426325888e-7
1.3322358689018815e-8	1.462932431e-7
1.3664275960507457e-8	1.500478477e-7
1.40149685823052e-8	1.53898814e-7
1.4374661669871646e-8	1.578486151e-7
1.4743586239751256e-8	1.618997874e-7
1.5121979209573356e-8	1.660549328e-7
1.5510083616610834e-8	1.703167197e-7
1.5908148727059492e-8	1.74687885e-7
1.6316430036038036e-8	1.79171236e-7
1.6735189923264187e-8	1.837696517e-7
1.7164697325216617e-8	1.884860855e-7
1.7605227953693666e-8	1.933235662e-7
1.8057064732930722e-8	1.982852004e-7
1.8520497908879577e-8	2.033741746e-7
1.899582504920843e-8	2.085937569e-7
1.948335137113994e-8	2.139472994e-7
1.9983390069289244e-8	2.194382401e-7
2.0496262206384654e-8	2.250701054e-7
2.1022297150385022e-8	2.308465121e-7
2.156183279303844e-8	2.367711698e-7
2.211521554988225e-8	2.428478834e-7
2.2682800797360458e-8	2.490805553e-7
2.3264953200661723e-8	2.554731883e-7
2.386204638588139e-8	2.620298878e-7
2.4474463923535557e-8	2.687548644e-7
2.5102599110002433e-8	2.75652437e-7
2.574685540463971e-8	2.827270353e-7
2.6407646429784564e-8	2.899832025e-7
2.7085396626429752e-8	2.974255988e-7
2.778054114494427e-8	3.050590036e-7
2.8493526610028786e-8	3.128883191e-7
2.922481068359825e-8	3.209185733e-7
2.997486326685474e-8	3.291549235e-7
3.074416573533202e-8	3.376026589e-7
3.1533212359527055e-8	3.462672047e-7
3.23425097585033e-8	3.551541255e-7
3.3172577774125456e-8	3.642691284e-7
3.4023949361780174e-8	3.736180672e-7
3.489717135533145e-8	3.832069457e-7
3.579280457639998e-8	3.93041922e-7
3.671142416220125e-8	4.031293122e-7
3.765361989338354e-8	4.134755946e-7
3.861999717754207e-8	4.240874134e-7
3.961117639354295e-8	4.349715838e-7
4.0627794093595955e-8	4.461350955e-7
4.167050333109262e-8	4.575851179e-7
4.273997344204754e-8	4.693290042e-7
4.383689157500924e-8	4.813742964e-7
4.496196192610474e-8	4.937287302e-7
4.611590726895043e-8	5.064002395e-7
4.7299468408255364e-8	5.193969621e-7
4.85134054911734e-8	5.327272445e-7
4.9758498335141306e-8	5.463996477e-7
5.103554631859934e-8	5.60422952e-7
5.2345369583064154e-8	5.748061633e-7
5.3688809360966817e-8	5.895585186e-7
5.5066728522049565e-8	6.046894919e-7
5.648001179192448e-8	6.202088005e-7
5.792956684486702e-8	6.361264109e-7
5.9416324740933407e-8	6.524525456e-7
6.094124003523993e-8	6.691976892e-7
6.250529219859457e-8	6.863725957e-7
6.41094856174969e-8	7.039882947e-7
6.575485057765232e-8	7.220560993e-7
6.744244370108942e-8	7.405876127e-7
6.917334871111538e-8	7.59594736e-7
7.094867730655087e-8	7.790896756e-7
7.276956959884731e-8	7.990849513e-7
7.463719487704245e-8	8.195934041e-7
7.655275270055376e-8	8.406282048e-7
7.85174731177372e-8	8.622028621e-7
8.053261797723937e-8	8.843312312e-7
8.259948125583555e-8	9.070275232e-7
8.47193904790613e-8	9.303063138e-7
8.689370704905044e-8	9.541825527e-7
8.912382722804924e-8	9.786715734e-7
9.141118334048924e-8	1.0037891029e-6
9.375724421010464e-8	1.0295512718e-6
9.616351658056388e-8	1.0559746248e-6
9.863154577114567e-8	1.0830761311e-6
1.0116291666025323e-7	1.1108731954e-6
1.0375925499676637e-7	1.1393836692e-6
1.0642222816499703e-7	1.1686258621e-6
1.0915354638676209e-7	1.1986185536e-6
1.1195496359561811e-7	1.2293810052e-6
1.1482827896677227e-7	1.2609329727e-6
1.1777533779131724e-7	1.293294719e-6
1.2079803267830388e-7	1.3264870269e-6
1.2389830475681415e-7	1.3605312129e-6
1.2707814509659266e-7	1.3954491402e-6
1.3033959569156084e-7	1.4312632335e-6
1.3368475120828643e-7	1.4679964926e-6
1.371157599694977e-7	1.5056725079e-6
1.4063482526543568e-7	1.5443154753e-6
1.4424420699304426e-7	1.5839502113e-6
1.4794622340443995e-7	1.6246021698e-6
1.5174325165330851e-7	1.6662974577e-6
1.5563773030833003e-7	1.7090628518e-6
1.5963216055525168e-7	1.7529258164e-6
1.637291073989608e-7	1.7979145206e-6
1.679312021769096e-7	1.8440578564e-6
1.722411434333502e-7	1.8913854573e-6
1.766616988863629e-7	1.9399277173e-6
1.8119570761344294e-7	1.9897158107e-6
1.8584608125357362e-7	2.0407817116e-6
1.906158064113719e-7	2.0931582149e-6
1.955079461869992e-7	2.146878957e-6
2.0052564236174848e-7	2.2019784378e-6
2.0567211736507246e-7	2.2584920425e-6
2.1095067624161206e-7	2.3164560644e-6
2.1636470883678307e-7	2.3759077284e-6
2.2191769220092223e-7	2.4368852147e-6
2.276131924470359e-7	2.4994276834e-6
2.334548672642252e-7	2.5635752997e-6
2.394464682125522e-7	2.6293692596e-6
2.455918431271859e-7	2.6968518164e-6
2.5189493852254763e-7	2.7660663076e-6
2.583598024335742e-7	2.8370571834e-6
2.64990586601305e-7	2.9098700345e-6
2.71791549314145e-7	2.9845516217e-6
2.7876705824912787e-7	3.061149906e-6
2.859215929853409e-7	3.1397140793e-6
2.9325974839158487e-7	3.220294596e-6
3.007862369212406e-7	3.3029432053e-6
3.085058922184873e-7	3.3877129847e-6
3.1642367185028603e-7	3.474658374e-6
3.245446606940401e-7	3.5638352098e-6
3.328740739974165e-7	3.6553007622e-6
3.4141726120312317e-7	3.7491137708e-6
3.501797084623339e-7	3.8453344829e-6
3.5916704333370067e-7	3.9440246922e-6
3.6838503751533726e-7	4.0452477779e-6
3.7783961066959624e-7	4.1490687462e-6
3.8753683479424325e-7	4.2555542716e-6
3.97482937391558e-7	4.3647727397e-6
4.076843059487877e-7	4.4767942912e-6
4.181474918722033e-7	4.5916908671e-6
4.288792145304358e-7	4.7095362546e-6
4.398863661720469e-7	4.8304061349e-6
4.51176015422468e-7	4.9543781311e-6
4.62755412529409e-7	5.081531859e-6
4.7463199406187066e-7	5.2119489773e-6
4.868133871720386e-7	5.3457132408e-6
4.993074147314134e-7	5.4829105537e-6
5.121221005762188e-7	5.6236290249e-6
5.25265674206414e-7	5.7679590247e-6
5.387465767960579e-7	5.9159932426e-6
5.525734655644831e-7	6.0678267472e-6
5.667552204423359e-7	6.2235570469e-6
5.81300948879868e-7	6.3832841525e-6
5.962199924036973e-7	6.5471106418e-6
6.115219319714963e-7	6.7151417252e-6
6.272165945287522e-7	6.8874853132e-6
6.433140594562501e-7	7.0642520859e-6
6.598246645804351e-7	7.245555564e-6
6.767590130580134e-7	7.4315121818e-6
6.941279802605499e-7	7.6222413616e-6
7.119427206590676e-7	7.817865591e-6
7.302146750364852e-7	8.0185105009e-6
7.489555775907737e-7	8.2243049467e-6
7.681774640216292e-7	8.4353810909e-6
7.878926786336303e-7	8.6518744879e-6
8.08113882750748e-7	8.873924171e-6
8.288540624751794e-7	9.1016727419e-6
8.501265372111369e-7	9.3352664621e-6
8.719449684071963e-7	9.5748553469e-6
8.943233679708071e-7	9.8205932617e-6
9.172761073384777e-7	0.0000100726380209
9.408179269830789e-7	0.0000103311514891
9.649639457025893e-7	0.0000105962996853
9.897296700181188e-7	0.0000108682528893
1.015131004664726e-6	0.000011147185751
1.0411842626451189e-6	0.0000114332774028
1.0679061753926337e-6	0.0000117267115746
1.0953139040270082e-6	0.0000120276775178
1.1234250498451994e-6	0.0000123363763654
1.152257666014274e-6	0.0000126529988354
1.181830269045739e-6	0.0000129777483262
1.212161850597713e-6	0.0000133108334576
1.2432718898234914e-6	0.0000136524682054
1.2751803658293936e-6	0.0000140028720381
1.3079077703511653e-6	0.0000143622700589
1.3414751210860618e-6	0.0000147308931494
1.3759039753527648e-6	0.0000151089781187
1.411216443423463e-6	0.0000154967678553
1.4474352032765658e-6	0.0000158945114828
1.4845835146937376e-6	0.0000163024645209
1.5226852346682877e-6	0.0000167208890486
1.5617648323764394e-6	0.0000171500538733
1.601847404804278e-6	0.0000175902347033
1.6429586933582123e-6	0.0000180417143248
1.685125099929038e-6	0.000018504782784
1.7283737040487956e-6	0.0000189797375733
1.7727322801569088e-6	0.0000194668838223
1.818229315740555e-6	0.0000199665344942
1.8648940291471997e-6	0.0000204790105868
1.9127563887084832e-6	0.0000210046413385
1.9618471320826648e-6	0.0000215437644404
2.0121977855970683e-6	0.0000220967262529
2.0638406845740396e-6	0.0000226638820285
2.116808994640421e-6	0.0000232455961398
2.17113673216279e-6	0.0000238422423143
2.226858786868284e-6	0.0000244542038736
2.284010943700468e-6	0.0000250818739808
2.3426299062051206e-6	0.0000257256558922
2.4027533198067284e-6	0.0000263859632172
2.4644197961777874e-6	0.0000270632201836
2.5276689377173745e-6	0.0000277578619105
2.5925413636689104e-6	0.0000284703346878
2.659078735363693e-6	0.0000292010962631
2.7273237834314503e-6	0.0000299506161358
2.797320335338743e-6	0.0000307193758589
2.869113343364472e-6	0.0000315078693482
2.9427489132310707e-6	0.0000323166032001
3.0182743342656052e-6	0.0000331460970169
3.0957381093423164e-6	0.000033996883741
3.175189986245791e-6	0.0000348695099969
3.256680989252697e-6	0.000035764536443
3.340263452571262e-6	0.0000366825381318
3.425991053234357e-6	0.000037624104879
3.5139188460688908e-6	0.0000385898416432
3.604103298883757e-6	0.0000395803689144
3.6966023285320242e-6	0.000040596323113
3.7914753387215854e-6	0.0000416383570288
3.88878325717014e-6	0.0000427071402709
3.988588575819992e-6	0.000043803359653
4.09095539017862e-6	0.0000449277196294
4.195949440735548e-6	0.0000460809427485
4.3036381554720085e-6	0.0000472637701179
4.414090692698454e-6	0.0000484769618809
4.52737798564053e-6	0.000049721297706
4.643572788117838e-6	0.0000509975772886
4.762749721096945e-6	0.0000523066208656
4.884985320774291e-6	0.0000536492697435
5.010358087533344e-6	0.0000550263868395
5.1389485366502155e-6	0.0000564388572374
5.270839249545669e-6	0.0000578875887568
5.406114927222733e-6	0.0000593735125376
5.544862444687809e-6	0.0000608975836396
5.687170906355304e-6	0.0000624607816568
5.8331317035285685e-6	0.0000640641113485
5.982838573301466e-6	0.0000657086032855
6.136387658006338e-6	0.000067395314514
6.293877568049629e-6	0.0000691253292361
6.455409444419681e-6	0.0000708997595074
6.621087023707933e-6	0.0000727197459531
6.791016705097177e-6	0.0000745864585027
6.965307618551862e-6	0.0000765010971427
7.144071694647601e-6	0.0000784648926895
7.327423736804823e-6	0.000080479107582
7.515481494833772e-6	0.000082545036694
7.70836574055582e-6	0.0000846640081685
7.906200345391802e-6	0.0000868373842726
8.109112359808101e-6	0.0000890665622748
8.317232095276168e-6	0.0000913529753449
8.530693207543381e-6	0.0000936980934767
8.749632782526607e-6	0.0000961034244345
8.974191424719213e-6	0.0000985705147248
9.204513346800112e-6	0.0001011009505915
9.440746463067623e-6	0.0001036963590379
9.68304248385682e-6	0.0001063584088747
9.931557013016713e-6	0.0001090888117945
0.000010186449648228694	0.0001118893234745
0.000010447884083073444	0.0001147617447071
0.000010716028212157674	0.0001177079225603
0.000010991054239409949	0.0001207297515672
0.000011273138788234288	0.000123829174946
0.000011562463014942112	0.0001270081858527
0.000011859212725244046	0.000130268828664
0.00001216357849380151	0.0001336132002953
0.000012475755785963932	0.0001370434515573
0.000012795945083986383	0.0001405617887325
0.00001312435201543282	0.0001441704750534
0.000013461187484966976	0.0001478718319657
0.000013806667810623713	0.0001516682406148
0.00001416101486182884	0.0001555621433829
0.000014524456202445776	0.0001595560454656
0.000014897225236663486	0.0001636525164888
0.00001527956135903703	0.0001678541921685
0.0000156717101082436	0.0001721637760118
0.000016073923324335514	0.0001765840410627
0.00001648645931123859	0.0001811178316932
0.00001690958300209183	0.0001857680654393
0.000017343566129395336	0.0001905377348859
0.000017788687399748013	0.0001954299095992
0.000018245232672737857	0.0002004477381093
0.00001871349514453125	0.000205594449944
0.0000191937755361613	0.0002108733577151
0.000019686382286405867	0.000216287859258
0.00002019163175056673	0.0002218414398271
0.00002070984840263636	0.0002275376743476
0.00002124136504467716	0.0002333802297254
0.000021786523019916193	0.0002393728672163
0.000022345672431850284	0.0002455194448566
0.00002291917236990788	0.0002518239199565
0.000023507391139044944	0.0002582903516576
0.000024110706496990445	0.0002649229035563
0.00002472950589640938	0.0002717258463951
0.000025364186734168973	0.0002787035608231
0.00002601515660606885	0.000285860540228
0.000026682833568892896	0.0002932013936409
0.000027367646408799365	0.0003007308487161
0.000028070034916704816	0.0003084537547879
0.000028790450170880523	0.0003163750860062
0.000029529354826324187	0.0003244999445529
0.000030287223411999766	0.0003328335639413
0.00003106454263583615	0.0003413813124007
0.0000318618116967197	0.0003501486963486
0.00003267954260588477	0.0003591413639519
0.0000335182605149704	0.0003683651087804
0.00003437850405369343	0.0003778258735546
0.0000352608256756084	0.0003875297539898
0.00003616579201315614	0.0003974830027402
0.00003709398424101761	0.0004076920334435
0.00003804599844995857	0.0004181634248715
0.000039022446029197985	0.0004289039251863
0.000040023954059267325	0.0004399204563073
0.00004105116571481422	0.0004512201183905
0.000042104740677241323	0.000462810194584
0.000043185355558819394	0.0004746981578598
0.0000442937043369635	0.000486891675505
0.00004543049879987419	0.0004993986126252
0.0000465964690039808	0.0005122270372247
0.000047792363742312826	0.0005253852254559
0.00004901895102565682	0.0005388816670044
0.00005027701857595272	0.000552725070614
0.000051567374331601506	0.0005669243697548
0.00005289084696697926	0.0005814887284384
0.00005424828642419046	0.000596427547185
0.000055640564459136925	0.000611750469144
0.00005706857520102802	0.0006274673863743
0.000058533235727190104	0.0006435884462877
0.00006003548665131721	0.0006601240582592
0.00006157629272811372	0.0006770849004093
0.00006315664347258043	0.0006944819265619
0.00006477755379547394	0.0007123263733839
0.00006644006465515803	0.000730629767709
0.00006814524372628393	0.0007494039340525
0.00006989418608519047	0.000768661002321
0.00007168801491311662	0.0007884134157225
0.00007352788221777308	0.0008086739388819
0.00007541496957327274	0.0008294556661672
0.00007735048887820156	0.0008507720302323
0.00007933568313510809	0.0008726368107814
0.00008137182724747785	0.0008950641435615
0.00008346022883954695	0.0009180685295882
0.00008560222909545826	0.0009416648446111
0.00008779920362060118	0.0009658683488262
0.0000900525633253538	0.000990694696839
0.00009236375533100869	0.001016159947888
0.00009473426389897516	0.001042280576333
0.00009716561138424164	0.0010690734824168
0.00009965935921287944	0.0010965560033053
0.0001022171088847901	0.0011247459244161
0.00010484050300235177	0.0011536614910403
0.00010753122632496511	0.0011833214202671
0.0001102910068516837	0.0012137449132181
0.00011312161692996228	0.0012449516675994
0.0001160248743950034	0.0012769618905805
0.00011900264373609573	0.0013097963120078
0.000122056837294753	0.0013434761979609
0.00012518941649268593	0.0013780233646626
0.0001284023930910283	0.0014134601927491
0.0001316978304828929	0.0014498096419126
0.0001350778450181653	0.0014870952659231
0.0001385446073625017	0.0015253412280417
0.0001421003438916242	0.0015645723197399
0.00014574733812113181	0.0016048139964002
0.0001494879321728107	0.0016460923843395
0.00015332452827864594	0.0016884342889733
0.00015725959032395517	0.0017318672125354
0.00016129564542942583	0.0017764193723104
0.00016543528557391328	0.0018221197193456
0.0001696811692595305	0.0018689979576569
0.00017403602321837275	0.0019170845639397
0.0001785026441640472	0.0019664108078
0.00018308390058746022	0.0020170087725178
0.0001877827345991582	0.0020689113763581
0.00019260216381887654	0.0021221523944434
0.00019754528331328126	0.0021767664812029
0.0002026152675834324	0.0022327891934134
0.0002078153726039367	0.0022902570138473
0.0002131489379137895	0.0023492073755447
0.0002186193887607632	0.0024096786867249
0.0002242302383015287	0.0024717103563555
0.00022998508985761797	0.0025353428203947
0.00023588763922952367	0.0026006175687271
0.00024194167707024684	0.0026675771728087
0.0002481510913192754	0.002736265314042
0.0002545198697001641	0.0028067268128987
0.0002610521022808401	0.0028790076588117
0.0002677519841005696	0.0029531550408544
0.00027462381786402107	0.0030292173792309
0.0002816720167045035	0.0031072443575953
0.0002889011070177981	0.0031872869562251
0.00029631573136942613	0.0032693974860687
0.0003039206514760084	0.0033536296236926
0.0003117207512633381	0.0034400384471488
0.0003197210400025894	0.0035286804727901
0.00032792665552761025	0.0036196136930559
0.00033634286753428486	0.0037128976152555
0.0003449750809649151	0.0038085933013735
0.00035382883947915095	0.0039067634089269
0.0003629098290143119	0.0040074722328985
0.000372223881436738	0.0041107857487777
0.000381776978287339	0.0042167716567358
0.00039157525462254583	0.0043254994269669
0.00040162500295470437	0.0044370403462245
0.00041193267729311715	0.0045514675655855
0.0004225048972884626	0.0046688561494734
0.00043334845248441713	0.0047892831259744
0.00044447030667779224	0.0049128275384802
0.0004558776023904639	0.0050395704986915
0.0004675776654568101	0.0051695952410191
0.0004795780097281874	0.0053029872113853
0.0004918863418981601	0.0054398342402506
0.0005045105664520901	0.0055802265112727
0.0005174587907434902	0.0057242565869357
0.0005307393302000928	0.00587201947201
0.0005443607136648777	0.0060236126787215
0.0005583316888724971	0.0061791362936745
0.0005726612280679839	0.0063386930465756
0.000587358533767848	0.0065023883808076
0.0006024330446708884	0.0066703305259022
0.000617894441719044	0.006842630571964
0.0006337526543150603	0.007019402546096
0.0006500178666990492	0.0072007634908835
0.0006667005244886399	0.0073868335449882
0.0006838113413877463	0.007577736025912
0.0007013613060664678	0.0077735975149862
0.0007193616892181313	0.0079745479446485
0.000737824050797736	0.0081807206880656
0.0007567602474456281	0.0083922526511679
0.0007761824401017574	0.0086092843671573
0.000796103101815764	0.0088319600935564
0.0008165350257570441	0.0090604279118665
0.0008374913334308102	0.0092948398299029
0.0008589854831045106	0.0095353518868799
0.0008810312784512812	0.0097821242613189
0.0009036428774139202	0.0100353213818526
0.0009268348012983513	0.0102951120410055
0.0009506219440981023	0.0105616695120259
0.000975019582060401	0.0108351716688535
0.0010000433834958546	0.0111158011093037
0.0010257094188410012	0.0114037452815537
0.001052034170979089	0.0116991966140187
0.0010790345458250924	0.012002352648706
0.0011067278831830526	0.0123134161781403
0.0011351319678818614	0.0126325953859518
0.0011642650411963751	0.0129601039912258
0.0011941458125624867	0.0132961613967106
0.0012247934715923922	0.0136409928409846
0.0012562277003980214	0.0139948295546876
0.0012884686862313813	0.0143579089209205
0.001321537134448474	0.0147304746399228
0.0013554542818067358	0.0151127768981389
0.0013902419101034275	0.015505072541787
0.0014259223601637203	0.0159076252550466
0.0014625185461887445	0.0163207057429854
0.0015000539704701657	0.0167445919193452
0.0015385527384848292	0.0171795690993143
0.0015780395743741817	0.0176259301982805
0.0016185398368231073	0.0180839763106155
0.0016600795353452812	0.0185540175640299
0.001702685346986082	0.0190363726114457
0.0017463846334557357	0.0195313687175707
0.001791205458700124	0.0200393419948956
0.0018371766069244459	0.0205606376461669
0.001884327601078147	0.0210956102135073
0.0019326887218147776	0.021644623834363
0.00198229102693869	0.0222080525044564
0.00203316637135016	0.0227862803479335
0.0020853474275032433	0.0233797018948921
0.002138867706387632	0.0239887223664893
0.0021937615790503474	0.0246137579678255
0.0022500642986683097	0.0252552361888088
0.002307812023188616	0.0259135961132099
0.0023670418385493097	0.0265892887361188
0.0024277917824960483	0.0272827772900243
0.002490100869010301	0.0279945375797365
0.0025540091133642627	0.0287250583263834
0.0026195575578190924	0.0294748415207122
0.002686788297982222	0.030244402785936
0.002755744509841644	0.0310342717503668
0.002826470477493687	0.031844992430087
0.0028990116215826442	0.0326771236219082
0.0029734145284700487	0.0335312393068825
0.0030497269801526314	0.0344079290646251
0.0031279979849485042	0.0353077984987224
0.0032082778089703836	0.0362314696734972
0.0032906180084068142	0.0371795815624153
0.0033750714626318476	0.038152790508415
0.0034616924081648007	0.0391517706964556
0.003550536473500646	0.0401772146385767
0.003641660714835725	0.0412298336717751
0.0037351236527087836	0.0423103584690025
0.0038309853095838927	0.0434195395635999
0.003929307248397099	0.0445581478874844
0.004030152612091941	0.0457269753234135
0.004133586164171273	0.0469268352716524
0.004239674330287668	0.0481585632313819
0.0043484852409030215	0.0494230173971798
0.0044600887750424695	0.0507210792709241
0.004574556605170611	0.052053654289461
0.004691962243220406	0.0534216724683952
0.004812381087802616	0.0548260890623531
0.0049358904726276	0.0562678852420858
0.005062569716169497	0.0577480687887715
0.005192500172604607	0.0592676748058902
0.005325765284057959	0.0608277664403104
0.0054624506341903	0.0624294350886574
0.005602644003160138	0.064073800776642
0.005746435423997141	0.0657620136540653
0.0058939172404212856	0.0674952548613597
0.006045184166147349	0.0692747373443803
0.006200333345709895	0.0711017066889176
0.0063594644168505346	0.0729774419752883
0.006522679574505567	0.0749032566533764
0.006690083636436541	0.076880499438482
0.006861784110544581	0.0789105552283463
0.007037891263912645	0.0809948460417055
0.007218518193619966	0.0831348319787388
0.007403780899373251	0.0853320122037533
0.007593798358002861	0.0875879259504661
0.007788692599869728	0.0899041535502139
0.007988588787235143	0.0922823174834381
0.008193615294639658	0.0947240834547635
0.008403903791346373	0.0972311614920023
0.008619589325899886	0.0998053070693814
0.008840810412855065	0.1024483222553067
0.0090677091217321	0.1051620568849375
0.00930043116825414	0.1079484097578599
0.009539126007927144	0.1108093298611045
0.009783946932021028	0.113746817617763
0.010035051166013961	0.116762926161418
0.01029259997056386	0.1198597626366002
0.010556758745070796	0.1230394895254463
0.010827697133897618	0.126304326000727
0.011105589135316419	0.1296565493053688
0.011390613213251393	0.1330984961585858
0.01168295241188925	0.1366325641886862
0.011982794473231787	0.1402612133926106
0.01229033195766434	0.1439869676221951
0.012605762367619674	0.1478124160971469
0.01292928827441471	0.1517402149446472
0.013261117448344094	0.1557730887654841
0.013601462992110049	0.1599138322265428
0.01395054347767959	0.1641653116794592
0.014308583086651974	0.1685304668051608
0.014675811754229773	0.1730123122839944
0.015052465316884556	0.1776139394910467
0.015438785663812281	0.1823385182162304
0.015835020892276615	0.1871892984086229
0.0162414254669379	0.192169611944468
0.016658260383272228	0.1972828744182023
0.017085793335184098	0.2025325869557451
0.01752429888692121	0.2079223380492534
0.017974058649401253	0.2134558043478488
0.018435361461064136	0.2191367292100056
0.01890850357336576	0.2249689220103538
0.019393788841032433	0.230956280831111
0.019891528917198364	0.2371027950258927
0.020402043453551098	0.2434125468298088
0.020925660305613897	0.2498897129675011
0.02146271574329621	0.2565385662569435
0.022013554666848584	0.2633634772066261
0.022578530828359547	0.2703689156036514
0.023158007058937332	0.2775594520900543
0.023752355501722288	0.284939759724552
0.02436195785087918	0.2925146155266989
0.024987205596724116	0.3002889020003068
0.025628500277141232	0.3082676086327417
0.026286253735453444	0.3164558333665842
0.026960888384909724	0.324858784039876
0.02765283747996312	0.3334817797910341
0.028362545394507315	0.342330252424242
0.029090467907258152	0.3514097477309718
0.029837072494455944	0.3607259267629939
0.030602838630082847	0.3702845670520806
0.03138825809378256	0.3800915637712849
0.03219383528668584	0.3901529308325164
0.03302008755533821	0.4004748019147984
0.03386754552394448	0.4110634314174222
0.03473675343513801	0.4219251953318565
0.035628269499496885	0.4330665920260959
0.03654266625402987	0.4444942429347638
0.037480530929863906	0.4562148931480975
0.03844246582936635	0.4682354118925676
0.03942908871294823	0.4805627928956863
0.040441033195792786	0.4932041546271793
0.04147894915476807	0.5061667404084893
0.04254350314578082	0.5194579183821941
0.04363537883184292	0.5330851813327098
0.04475527742212457	0.5470561463492939
0.04590391812227413	0.5613785543220706
0.04708203859629696	0.5760602692615608
0.048290395440287494	0.5911092774318122
0.04952976466831985	0.6065336862870463
0.05080094221080866	0.6223417232013473
0.052104744425660744	0.6385417339807504
0.053442008622544286	0.655142181146707
0.05481359360061569	0.6721516419797748
0.0562203802000435	0.6895788063119965
0.05766327186769155	0.7074324740563473
0.05914319523731577	0.7257215524612715
0.06066110072465594	0.744454943876709
0.06221796313779707	0.7636404213961151
0.06381478230319802	0.783284961056876
0.06545258370778485	0.8033954159186746
0.06713241915752673	0.8239785114089176
0.06885536745290939	0.8450408294885929
0.07062253508175032	0.8665887921087829
0.07243505692978892	0.8886286439457093
0.07429409700952004	0.9111664344033678
0.07620084920772675	0.934207998873757
0.0781565380522046	0.9577589392461501
0.0801624194981582	0.9818246036580229
0.08221978173478546	1.0064100654819728
0.08432994601255835	1.0315201015443933
0.08649426749174023	1.0571591695736693
0.08871413611267555	1.0833313848773676
0.09099097748842044	1.1100404962502115
0.09332625382027754	1.137289861116642
0.09572146483683294	1.1650824199143772
0.09817814875708866	1.1934206697277454
0.10069788327831823	1.222306637182494
0.10328228658927167	1.2517418506164464
0.10593301840938799	1.281727311543689
0.10865178105467455	1.3122634654329373
0.11144032053094761	1.3433501718243948
0.1143004276551254	1.374986673812723
0.1172339392053021	1.407171566927699
0.12024273910034002	1.4399027674478941
0.12332875960972985	1.473177480186732
0.12649398259450967	1.5069921657946614
0.12974044078002483	1.5413425076252425
0.13307021906135935	1.5762233782177257
0.13648545584226512	1.6116288054529913
0.13998834440846142	1.6475519384447255
0.14358113433617203	1.683985013232207
0.1472661329368209	1.7209193183462697
0.1510457067387975	1.758345160324635
0.15492228300725977	1.7962518292581178
0.158898351302934	1.8346275644538834
0.1629764650809307	1.8734595203072697
0.16715924333058363	1.9127337324783422
0.17144937225738616	1.9524350844745553
0.17584960700808305	1.9925472747454565
0.18036277344004786	2.0330527844003297
0.18499176993606034	2.073932845663964
0.18973956926567045	2.11516741119038
0.1946092204943241	2.1567351243581605
0.19960385094149627	2.198613290675248
0.2047266681890692	2.240778501232629
0.20998096214126685	2.283210050308244
0.21537010713744506	2.325887737477557
0.2208975641191186	2.3687904275079634
0.22656688285259305	2.411896042126526
0.23238170420865237	2.4551815560784
0.2383457625007412	2.498622994894705
0.24446288788317078	2.5421954344553237
0.25073700881086	2.5858730024297563
0.25717215456222026	2.62962888167704
0.263772457826775	2.6734353156823665
0.2705421573592051	2.7172636161048542
0.2774856007014959	2.761084172506417
0.28460724697496204	2.8048664643274166
0.29191166974391414	2.848579075169087
0.2994035599528385	2.892189709437299
0.30708772893894143	2.9356652113954156
0.3149691115220236	2.9789715866672966
0.32305276917365333	3.022074026223729
0.33134389326766733	3.0649369328773974
0.33984780841411083	3.1075239503030336
0.34856997587872535	3.149797994589794
0.35751599709021625	3.1917212883236004
0.366691617237514	3.2332553971865883
0.3761027289593797	3.274361269050583
0.3857553761286825	3.314999275530131
0.3956557577338225	3.3551292559496746
0.40581023185974735	3.394710563667466
0.4162253197711643	3.4337021146873474
0.4269077101005235	3.4720624384771717
0.4378642631435114	3.509749730900942
0.44910201526476123	3.5467219091592943
0.460628183416661	3.5829366686212945
0.4724501697741122	3.618351541418286
0.4845755664882635	3.652923956659288
0.497012160562223	3.6866113021157148
0.5097679388519331	3.7193709872126974
0.5228510931953622	3.751160507153507
0.5362700256733685	3.781937507994078
0.5500333540055516	3.8116598524752074
0.5641499170846194	3.8402856864119093
0.5786287806527628	3.867773505431532
0.5934792431237464	3.894082221845997
0.6087108415543899	3.9191712314375624
0.6243333577693397	3.94300047993323
0.6403568246429993	3.9655305289393303
0.6567915325427192	3.986722621105735
0.6736480359373149	4.006538744489431
0.6909371601752302	4.024945758049246
0.7086700084366208	4.041926242354766
0.7268579688639043	4.057467880561147
0.7455127218752741	4.07156035080391
0.7646462476659548	4.084195366883538
0.784270833901935	4.095366714446131
0.8043990836112026	4.10507028251576
0.8250439232774661	4.113304090253739
0.846218611141629	4.120068308840789
0.8679367457163213	4.125365278399479
0.890212274518925	4.129199519896384
0.9130595030287768	4.131577741985949
0.9364931038742261	4.132508842780897
0.9605281262554636	4.132003906557027
0.9851800056092476	4.1300761954232845
1.010464573521609	4.126741136010821
1.0363980678950049	4.122016301257257
1.0629971433763694	4.1159213873844385
1.090278882052871	4.108478186189316
1.1182608044221047	4.099710552788173
1.146960880643876	4.089644368974087
1.1763975420807145	4.078307502366061
1.2065896931346534	4.065729761545621
1.2375567233877205	4.051942847392755
1.269318520054061	4.036980300847672
1.301895480751591	4.020877447338042
1.335308526601525	4.003671338122803
1.3695791156640102	3.9854006888137152
1.4047292567186425	3.966105815343907
1.4407815233985966	3.945828567659263
1.4777590686876108	3.924612261413176
1.515685639788933	3.9025016079484227
1.5545855933759378	3.879542642851025
1.5944839112340883	3.8557826533608557
1.6354062163044536	3.831270104921455
1.677378789138873	3.806054567148341
1.7204285847775092	3.7801866394896226
1.764583250059488	3.753717876846491
1.8098711413779411	3.7267007154130267
1.8563213428906018	3.699188398985937
1.9039636851978539	3.6712349059842633
1.9528287645000713	3.642894877408029
2.002947962246761	3.61422354595233
2.054353465289868	3.5852766664806586
2.1070782865543927	3.5561104480472165
2.161156286239435	3.526781487643959
2.216622193563503	3.4973467058332077
2.2735116290677895	3.467863219987492
2.331861127491845	3.438376969768138
2.391708161236507	3.4089094428067432
2.4530911644288382	3.3794785269167247
2.5160495576047888	3.3501016040132967
2.5806237730252324	3.320795537805429
2.646855280641913	3.2915766630054746
2.7147866147296322	3.262460776026056
2.784461401202051	3.2334631271289016
2.8559243856284384	3.2045984139862305
2.9292214619696653	3.1758807766113475
3.004399702051503	3.1473237936119083
3.081507385794479	3.118940479716097
3.160594032219444	3.090743284519593
3.2417104312491176	3.062744092398843
3.3249086763256	3.0349542235346245
3.4102421978651383	3.0073844359882704
3.497765797571364	2.9800449287720903
3.587535683629431	2.952945345854646
3.679609506803149	2.9260947810415017
3.7740463974587053	2.8995017836717496
3.8709070035384388	2.8731743650711095
3.9702535295094736	2.847120005702745
4.072149776311695	2.8213456629579947
4.176661182331163	2.795857779529985
4.283854865424913	2.770662292314533
4.393799666024629	2.745764641783976
4.506566191346271	2.7211697817813802
4.622226860734513	2.6968821896841138
4.740855952170762	2.6729058768877523
4.862529649975109	2.6492443995630977
4.987326093732241	2.6259008696413804
5.115325428473223	2.602877965984533
5.246609856144972	2.580177945699849
5.381263688401062	2.5578026555602555
5.519373400747039	2.5357535434939678
5.661027688075583	2.5140316701092007
5.806317521626749	2.4926377202220507
5.955336207410488	2.471572014357653
6.108179446128205	2.4508345201970876
6.264945394632215	2.4304248639444785
6.425734728962902	2.410342341590789
6.590650709003328	2.3905859300529806
6.759799244793436	2.3711542981689986
6.93328896454593	2.352045817531048
7.111231284408254	2.333258573141306
7.29374048001453	2.314790373876164
7.480933759874154	2.296638762746542
7.67293134064361	2.278801040146663
7.869856524330638	2.261274798186135
8.071835777479329	2.2440581071878563
8.278998812387806	2.227148862671581
8.491478670410022	2.2105447451048454
8.709411807396064	2.1942432284535487
8.9329381813247	2.178241588505241
9.162201342185355	2.162536910961839
9.39734852416653	2.1471260992995904
9.638530740210877	2.1320058823948584
9.88590287899635	2.1171728219153296
10.139623804406812	2.1026233194767863
10.399856457555078	2.088353623566454
10.666767961425121	2.0743598362344073
10.940529728199168	2.060637919555271
11.221317569339803	2.0471837018627923
11.509311808496825	2.0339928837604564
11.804697397312667	2.0210610439115935
12.107664034199136	2.0083836446129593
12.41840628616306	1.9959560371559102
12.73712371375804	1.983773466979698
13.064020999243954	1.9718310786215334
13.399308078034828	1.9601239204683851
13.743200273520772	1.9486469493155256
14.095918435349612	1.9373950347370428
14.457689081258422	1.9263629632735584
14.82874454254422	1.915545442442578
15.20932311326872	1.9049371045768115
15.599669203291805	1.8945325104959443
16.000033495233644	1.8843261530172202
16.41067310546429	1.8743124603103174
16.831851749225002	1.8644857991018584
17.263839909988466	1.8548404777348586
17.706915013164455	1.845370749088427
18.161361604264346	1.8360708133628663
18.627471531637465	1.8269348207353109
19.10554413389861	1.8179568738908605
19.595886432164637	1.8091310304341777
20.09881332722553	1.800451305186295
20.614647801775014	1.7919116723713497
21.14372112783288	1.7835060676977663
21.68637307948928	1.775228390338377
22.242952151110018	1.7670725048137474
22.813815781141106	1.7590322427829241
23.399330581658845	1.7511014047456241
23.99987257380968	1.7432737616598304
24.61582742929359	1.7355430564785501
25.247590718044098	1.7279030056094296
25.895568162266702	1.7203474804409644
26.560175896995446	1.7128733801080749
27.24184073733773	1.7054801278348748
27.941000452576755	1.6981672049253604
28.658104047310804	1.6909340738004146
29.39361204980588	1.6837801788928863
30.147996807750214	1.6767049475035176
30.92174279159792	1.6697077906192077
31.71534690570012	1.6627881036949852
32.5293188074191	1.6559452674011195
33.36418123443378	1.6491786483366804
34.22047034044409	1.642487599710887
35.0987360394935	1.6358714619934898
35.99954235912623	1.629329563535462
36.923467802609636	1.6228612211611804
37.87110572045149	1.61646574073328
38.84306469145478	1.610142417691285
39.839968913549676	1.6038905375651522
40.86245860465779	1.5977093764647503
41.911190413842846	1.5915982015463248
42.98683784301634	1.5855562714569076
44.09009167946379	1.5795828367576534
45.2216604394715	1.5736771403270169
46.38227082334187	1.5678384177446274
47.57266818208351	1.5620658976567612
48.79361699608081	1.5563588021241936
50.04590136604648	1.5507163469532443
51.330325516577844	1.5451377420107524
52.647714312633354	1.5396221915237378
53.998913789266595	1.5341688943644267
55.3847916949536	1.5287770443213282
56.80623804886842	1.523445830356986
58.26416571245731	1.518174436853052
59.7595109756847	1.5129620438432498
61.29323415832257	1.507807827234813
62.86632022667611	1.502710959018918
64.47977942613342	1.4976706074706638
66.13464792995205	1.4926859373390666
67.83198850469391	1.4877561100275702
69.5728911927431	1.4828802837654944
71.35847401233593	1.4780576137709005
73.18988367555998	1.4732872524052452
75.06829632477742	1.468568349320257
76.99491828795388	1.463900051597379
78.97098685336755	1.459281503880173
80.99777106420414	1.4547118485000068
83.07657253354198	1.4501902255953685
85.20872628025911	1.445715773225103
87.39560158638824	1.4412876507716181
89.63860287647918	1.4369052209552489
91.93917061952621	1.4325679514363425
94.29878225404978	1.4282753091158185
96.718953136914	1.4240267593076932
99.2012375164992	1.4198217658207928
101.74722953084694	1.4156597910363213
104.35856423142926	1.4115402959814765
107.03691863318585	1.4074627403993292
109.78401279151461	1.4034265828151327
112.60161090689859	1.3994312805992544
115.49152245789084	1.3954762900268811
118.45560336316933	1.3915610663346818
121.49575717342093	1.3876850637745577
124.61393629380959	1.3838477356646508
127.8121432378279	1.380048534437714
131.09243191332098	1.3762869116870153
134.45690894151565	1.3725623182098752
137.90773500991065	1.3688742040489545
141.44712625987987	1.3652220185314323
145.07735570989354	1.3616052103061465
148.80075471526018	1.358023227378834
152.61971446534358	1.3544755171455383
156.53668751919454	1.3509615264243
160.5541893806017	1.3474807014852002
164.67480011355858	1.344032488078862
168.9011659992029	1.3406163314634614
173.2360012352701	1.3372316764303482
177.68208967916985	1.3338779673283374
182.24228663579095	1.330554648086744
186.91952069120308	1.3272611622372101
191.7167955934074	1.3239969529344136
196.63719218136438	1.3207614629756954
201.68387036352166	1.3175541348196649
206.86007114713453	1.3143744106038402
212.16911871965513	1.3112217321613708
217.6144225835485	1.3080955410368904
223.19947974588945	1.3049952785015482
228.92787696417108	1.301920385567249
234.80329304973574	1.2988703030001618
240.82950123033353	1.295844471333515
247.01037157330484	1.2928423308797405
253.34987347097123	1.2898633217419633
259.85207818979666	1.28690688382491
266.5211614849828	1.2839724568452415
273.3614062821568	1.281059480341351
280.37720542790316	1.2781673936826414
287.5730645108693	1.2752956360783325
294.9536047552853	1.2724436996819328
302.523565988734	1.269611343917736
310.2878096861094	1.2667984120743465
318.2513220916769	1.2640047473421734
326.41921742127386	1.2612301927898122
334.7967411466808	1.2584745913703224
343.389273364309	1.2557377859271805
352.2023322503238	1.2530196191999308
361.2415776044439	1.2503199338295437
370.5128144847129	1.2476385723634962
380.02199693553365	1.2449753772605956
389.775231811396	1.2423301908955526
399.7787826987255	1.2397028555633198
410.0390739384122	1.237093213483202
420.5626947515508	1.234501106802765
431.356403471084	1.2319263776015312
442.4271318820324	1.2293688678944978
453.781989673147	1.226828419635458
465.42826900278254	1.2243048747201664
477.3734491819716	1.2217980749893311
489.6252014776705	1.2193078622314562
502.1913940393129	1.216834078185535
515.08009695177	1.2143765645436058
528.2995874180148	1.2119351629531765
541.8583550747768	1.2095097150195246
555.7651074446607	1.207100062307873
570.028775528155	1.2047060463454597
584.6585195391824	1.2023275086235006
599.6637347878285	1.1999642905990466
615.0540577140906	1.1976162336967473
630.8393720764424	1.1952831793105245
647.0298152992509	1.1929649688051576
663.6357849830746	1.1906614435177891
680.6679455820923	1.188372444759349
698.1372352528614	1.1860978138159093
716.0548728788788	1.183837391949967
734.4323652753945	1.1815910204016609
753.2815145791891	1.1793585403899227
772.6144258279567	1.177139793113576
792.4435147342441	1.1749346197523707
812.7815156588746	1.1727428614679682
833.6414897890639	1.170564359404875
855.0368335263729	1.1683989546913263
876.9812870899676	1.1662464884401265
899.4889433406479	1.164106801749447
922.5742568314046	1.1619797357035782
946.252053090202	1.159865131373644
970.537538141002	1.1577628298279772
995.4463082692048	1.1556726848170786
1020.9943600376498	1.153594587747013
1047.1981005597208	1.1515284369672492
1074.074358036063	1.1494741308171668
1101.640392561798	1.1474315676265718
1129.913907211036	1.1454006457161918
1158.9130594059077	1.1433812633981408
1188.6564725773412	1.1413733189763662
1219.1632481251902	1.1393767107470647
1250.4529776852344	1.137391336999084
1282.545755711067	1.1354170960142984
1315.4621923788338	1.1334538860679724
1349.2234268232717	1.1315016054290938
1383.8511407133494	1.1295601523607017
1419.3675721763861	1.1276294251201908
1455.795530079474	1.1257093219596017
1493.158408677526	1.1237997411258969
1531.480202637172	1.12190058086122
1570.7855224462971	1.1200117394031452
1611.0996102190043	1.1181331149849136
1652.4483559063165	1.1162646058356516
1694.858313922816	1.1144061101805864
1738.3567202000756	1.1125575262412437
1782.9715096776868	1.1107187522356416
1828.7313342433229	1.1088896863784672
1875.6655811331018	1.1070702268812473
1923.804391804278	1.1052602719525153
1973.1786812922112	1.1034597197979612
2023.820158064269	1.1016684686205782
2075.7613443831456	1.0998864166208018
2129.0355971928825	1.0981134619966406
2183.67712954084	1.0963495029438035
2239.721032549611	1.0945944376558134
2297.203297952697	1.0928481643241228
2356.1608412086453	1.0911105811382176
2416.6315252083114	1.0893815862857217
2478.6541845907414	1.0876610779524885
2542.26865068296	1.0859489543226934
2607.515777079835	1.0842451135789224
2674.4374658806105	1.082549453902249
2743.0766945986193	1.0808618734723145
2813.4775437617354	1.0791822704674014
2885.685225221079	1.0775105430645038
2959.7461111864604	1.0758465894393903
3035.707764006812	1.074190307766671
3113.6189667150593	1.0725415962198528
3193.529754356794	1.0709003529714005
3275.4914461232092	1.0692664765556403
3359.5566783085137	1.0676398994470235
3445.7794381133194	1.0660206152610034
3534.2150983154515	1.0644086240132828
3624.920452830831	1.062803925718761
3717.9537531867677	1.0612065203915777
3813.374745931502	1.059616408045151
3911.2447110036833	1.0580335886922159
4011.6265010868865	1.056458062344855
4114.584581973874	1.0548898290145365
4220.185073966975	1.0533288887121417
4328.495794340826	1.051775241447999
4439.586300895209	1.0502288872319079
4553.527936625377	1.048689826073169
4670.393875539019	1.0471580579806077
4790.259169648917	1.0456335829626007
4913.200797171999	1.0441164010270958
5039.297711965087	1.0426065121816364
5168.630894229609	1.0411039164333802
5301.283402517432	1.0396086137891214
5437.340427071776	1.0381206042553066
5576.889344536768	1.0366398878380538
5720.019774071319	1.0351664645431689
5866.823634902941	1.0337003343761624
6017.395205359057	1.0322414973422636
6171.831183412965	1.0307899534464346
6330.23074878394	1.0293457026933845
6492.695626630872	1.027908745087584
6659.330152881045	1.026479080633274
6830.241341235174	1.0250567093344793
7005.5389518921	1.0236416311950216
7185.335562037744	1.0222338462185256
7369.746638142659	1.0208333544084323
7558.890610115409	1.0194401557680066
7752.888947358744	1.0180542503003482
7951.866236778317	1.016675638008398
8155.950262792931	1.0153043188949469
8365.272089398575	1.0139402929626447
8579.96614433829	1.0125835602140048
8800.170305432814	1.0112341206514135
9026.025989126332	1.0098919742771353
9257.678241305095	1.008557121093319
9495.275830446495	1.0072295611020046
9738.971343159481	1.0059092943051284
9988.92128217634	1.0045963207045268
10245.286166859823	1.003290640301943
10508.230636289394	1.001992253099034
10777.923554993833	1.0007011590973685
11054.538121396808	0.9994437526505207
11338.251979046072	0.9982229351373164
11629.24733069693	0.9970061241787941
11927.711055324406	0.9957932984050136
12233.834828137748	0.9945844366036858
12547.815243675574	0.9933795177186872
12869.853942059708	0.9921785208485951
13200.157738490232	0.9909814252452351
13538.938756063095	0.9897882103122491
13886.414561997035	0.9885988556036768
14242.808307356174	0.9874133408225566
14608.34887035957	0.9862316458195375
14983.271003367792	0.9850537505915112
15367.815483642536	0.9838796352802567
15762.229267974773	0.9827092801711036
16166.765651282567	0.9815426656916045
16581.684429278164	0.9803797724102291
17007.2520653106	0.9792205810350672
17443.741861489587	0.9780650724125516
17891.43413420251	0.976913227526189
18350.61639413495	0.9757650274953107
18821.583530911408	0.974620453573834
19304.63800247593	0.973479487149038
19800.09002933198	0.9723421097403528
20308.25779376814	0.9712083029981629
20829.46764419616	0.9700780487026232
21364.054304734724	0.9689513287624875
21912.361090170736	0.9678281252139501
22474.740126438468	0.9667084202195011
23051.552576756298	0.9655921960667935
23643.168873568902	0.9644794351675211
24249.968956440553	0.9633701200563118
24872.342516054938	0.9622642333896302
25510.6892444762	0.961161757944694
26165.419091834614	0.9600626766183998
26836.95252959837	0.9589669724262632
27525.720820603223	0.9578746285013682
28232.166296011383	0.9567856280933299
28956.74263938037	0.9556999545672655
29699.915178020558	0.9546175914027797
30462.16118183166	0.9535385221929573
31243.970169807417	0.9524627306433716
32045.84422440899	0.9513902005710965
32868.29831400447	0.9503209159037357
33711.86062358515	0.9492548606784579
34577.07289396813	0.9481920190410452
35464.49076970704	0.9471323752449481
36374.684155929324	0.9460759136503538
37308.237584333285	0.9450226187232623
38265.75058857684	0.9439724750345742
39247.83808930318	0.9429254672591845
40255.13078904556	0.94188158017509
41288.27557726877	0.9408407986625031
42347.9359458043	0.9398031077029773
43434.79241495062	0.938768492378538
44549.542970506176	0.9377369378708276
45692.90351202078	0.9367084294602539
46865.60831254928	0.9356829525251531
48068.41049020815	0.9346604925409551
49302.08249183152	0.933641035079363
50567.41658904013	0.9326245658075386
51865.22538704509	0.9316110704872952
53196.34234650641	0.930600534974301
54561.62231878726	0.9295929452172887
55961.94209494315	0.928588287257276
57398.20096880467	0.9275865472267899
58871.321314508	0.9265877113491017
60382.249178849925	0.92559176593747
61931.95488884309	0.9245986973943905
63521.433674868465	0.9236084922108524
65151.70630981656	0.9226211369656045
66823.81976463491	0.9216366183244273
68538.84788069726	0.9206549230394131
70297.89205943371	0.9196760379482519
72102.08196965564	0.9186999499735271
73952.57627303679	0.9177266461220149
75850.56336821067	0.9167561134839955
77797.26215397051	0.9157883392325648
79793.92281205136	0.9148233106229582
81841.82761000544	0.9138610149918793
83942.29172467985	0.9129014397568358
86096.66408683448	0.9119445724154795
88306.32824743129	0.910990400544957
90572.70326616029	0.9100389118012625
92897.24462276563	0.9090900939186023
95281.44515176743	0.9081439347087586
97726.83600116652	0.9072004220604659
100234.98761575832	0.9062595439387898
102807.51074567916	0.905321288384514
105446.057480844	0.9043856435135309
108152.32231192567	0.9034525975162411
110928.04321856868	0.9025221386569555
113775.00278552697	0.9015942552733075
116695.02934745535	0.9006689357756654
119689.99816307404	0.8997461686465554
122761.8326194727	0.8988259424400872
125912.50546731784	0.8979082457813877
129144.04008777045	0.8969930673660365
132458.51179191098	0.8960803959595102
135858.04915351397	0.8951702203966312
139344.83537603647	0.8942625295810206
142921.10969468078	0.893357312484557
146589.16881444692	0.8924545581468412
150351.36838508616	0.8915542556746658
154210.12451391993	0.8906563942414881
158167.91531747425	0.8897609630869107
162227.28251294355	0.8888679515161647
166390.83305049202	0.8879773488996002
170661.24078745962	0.8870891446721788
175041.2482055252	0.8862033283329728
179533.66817194683	0.8853198894446688
184141.3857459974	0.8844388176330765
188867.3600317744	0.8835601025866401
193714.62607854992	0.8826837340559563
198686.29682989977	0.8818097018532967
203785.5651228494	0.8809379958521333
209015.7057383415	0.8800686059866694
214380.07750431434	0.879201522251375
219882.12545276468	0.8783367347005261
225525.3830321617	0.8774742334477489
231313.4743766583	0.8766140086655666
237250.11663352587	0.8757560505849525
243339.12235033192	0.8749003494948864
249584.4019233745	0.8740468957419144
255989.9661089723	0.8731956797297135
262559.9285991902	0.8723466919186602
269298.5086636804	0.8714999228254025
276210.03385931574	0.8706553630224374
283298.9428093838	0.8698130031376894
290569.7880540904	0.8689728338540957
298027.2389742324	0.8681348459091937
305676.08478989376	0.867299030094713
313521.2376361243	0.8664653772561695
321567.7357175342	0.865633878292466
329820.74654386373	0.8648045241554931
338285.5702485804	0.8639773058497379
346967.64299267007	0.8631522144318904
355872.54045576596	0.8623292410104596
365005.98141687625	0.8615083767453893
374373.8314270333	0.8606896128476778
383982.1065761761	0.8598729405790021
393836.97735672514	0.8590583512513451
403944.7726262983	0.8582458362266255
414311.98367215873	0.8574353869163317
424945.2683799473	0.8566269947811582
435851.4555094231	0.8558206513306463
447037.54907992185	0.8550163481228279
458510.732868398	0.8542140767638704
470278.37502287736	0.853413828907728
482348.0327943329	0.8526155962557934
494727.4573899834	0.8518193705565545
507424.5989511859	0.8510251436052524
520447.61165905115	0.8502329072435435
533804.8589711151	0.8494426533591642
547504.9189923869	0.8486543738856
561556.5899842825	0.8478680608017538
575968.8960149058	0.8470837061316213
590751.0927543684	0.8463013019439668
605912.67341882	0.8455208403520028
621463.374867074	0.8447423135130712
637413.1838536606	0.843965713628329
653772.3434423899	0.8431910329424349
670551.3595844909	0.8424182637432412
687761.0078656245	0.8416473983614848
705412.3404260112	0.8408784291704838
723516.6930581926	0.8401113485858355
742085.6924869253	0.8393461490651176
761131.2638359641	0.838582823107591
780665.6382864288	0.837821363253906
800701.3609317528	0.8370617620858103
821251.2988341964	0.8363040122258615
842328.6492881846	0.8355481063371384
863946.948295668	0.8347940371229583
886120.0792590358	0.8340417973265949
908862.2818970974	0.8332913797309989
932188.1613899516	0.8325427771585212
956112.6977585052	0.8317959824706381
980651.2554847108	0.8310509885676798
1.0058195933787707e6	0.8303077883885591
1.0316338746995148e6	0.8295663749105051
1.0581106775345546e6	0.8288267411487965
1.085267005446805e6	0.8280888801565001
1.1131202983943159e6	0.8273527850242081
1.1416884439302923e6	0.8266184488797802
1.1709897886906033e6	0.8258858648880868
1.2010431501760706e6	0.8251550262507552
1.231867828837229e6	0.824425926205916
1.2634836204691613e6	0.823698558027954
1.2959108289244948e6	0.8229729150272591
1.329170279152621e6	0.8222489905499817
1.3632833305736592e6	0.821526777977787
1.3982718907955682e6	0.8208062707276138
1.4341584296833656e6	0.8200874622514347
1.4709659937893683e6	0.819370346036018
1.5087182211538902e6	0.8186549156026911
1.5474393564856937e6	0.8179411645071071
1.5871542667321092e6	0.8172290863390119
1.6278884570486948e6	0.8165186747220152
1.6696680871788687e6	0.8158099233133607
1.712519988253809e6	0.8151028258037003
1.7564716800235931e6	0.8143973759168694
1.8015513885304984e6	0.8136935674096644
1.8477880642360093e6	0.812991394071621
1.8952114006129324e6	0.8122908497247958
1.9438518532147475e6	0.811591928223548
1.9937406592342965e6	0.8108946234543251
2.0449098575645762e6	0.8101989293354472
2.097392309374257e6	0.809504839816897
2.1512217192113535e6	0.8088123488801072
2.206432656648425e6	0.8081214505377536
2.263060578483459e6	0.807432138833547
2.321141851510379e6	0.806744407842028
2.38071377587405e6	0.8060582516683632
2.441814609024593e6	0.8053736644481441
2.5044835902866493e6	0.8046906403471851
2.5687609660590454e6	0.8040091735613254
2.6346880156613113e6	0.8033292583162318
2.702307077843431e6	0.8026508888672034
2.7716615779761584e6	0.8019740594989764
2.842796055938998e6	0.8012987645255323
2.915756194723922e6	0.8006249982899067
2.990588849773385e6	0.799952755164
3.067342079071095e6	0.7992820295483886
3.1460651740051797e6	0.7986128158721386
3.226808691023327e6	0.7979451085926222
3.309624484100575e6	0.7972789021953319
3.3945657380401576e6	0.7966141911936996
3.4816870026291576e6	0.7959509701289156
3.571044227670608e6	0.7952892335697496
3.662694798914942e6	0.794628976112372
3.756697574913372e6	0.7939701923801787
3.8531129248172566e6	0.7933128770236143
3.9520027671474316e6	0.7926570247200004
4.0534306095588137e6	0.7920026301733611
4.157461589625297e6	0.7913496881142537
4.264162516671556e6	0.7906981932995977
4.373601914678271e6	0.7900481405125075
4.485850066288827e6	0.7893995245621245
4.600979057945137e6	0.7887523402834518
4.719062826182047e6	0.788106582537189
4.840177205109693e6	0.7874622462095706
4.964399975114833e6	0.7868193262122019
5.091810912811738e6	0.7861778174818995
5.222491842275294e6	0.7855377149805322
5.356526687588768e6	0.7848990136948615
5.494001526740581e6	0.7842617086363859
5.635004646903969e6	0.7836257948411839
5.779626601135619e6	0.7829912673697599
5.9279602665292155e6	0.7823581213068914
6.08010090386193e6	0.7817263517614753
6.236146218771296e6	0.7810959538663779
6.396196424502453e6	0.7804669227782842
6.560354306265515e6	0.7798392536775502
6.728725287245121e6	0.7792129417680539
6.901417496303667e6	0.7785879822770492
7.078541837422413e6	0.7779643704550205
7.260212060924477e6	0.7773421015755392
7.4465448365263e6	0.7767211709351184
7.63765982826348e6	0.7761015738530721
7.833679771339586e6	0.775483305671375
8.034730550947762e6	0.7748663617545198
8.240941283114754e6	0.7742507374893808
8.452444397620106e6	0.7736364282850741
8.669375723043138e6	0.7730234295728218
8.891874573993228e6	0.772411736805816
9.120083840578265e6	0.7718013454590831
9.354150080169672e6	0.7711922510293503
9.594223611522153e6	0.770584449034914
9.840458611309726e6	0.7699779350155055
1.009301321313863e7	0.7693727045321622
1.0352049609101843e7	0.7687687531670963
1.0617734153939515e7	0.7681660765235669
1.089023747187344e7	0.7675646702257511
1.1169734566182662e7	0.7669645299186175
1.1456404931591794e7	0.7663656512677994
1.1750432669543305e7	0.7657680299594709
1.2052006606429048e7	0.7651716617002211
1.236132041485539e7	0.7645765422169314
1.2678572738021119e7	0.7639826672566532
1.300396731728693e7	0.7633900325864866
1.3337713123019898e7	0.7627986339934588
1.3680024488795167e7	0.7622084672844051
1.4031121249042448e7	0.7616195282858492
1.4391228880224628e7	0.7610318128438869
1.4760578645640695e7	0.7604453168240665
1.5139407743944056e7	0.7598600361112742
1.5527959461473145e7	0.759275966609618
1.5926483328490943e7	0.7586931042423135
1.6335235279435473e7	0.7581114449515695
1.675447781728201e7	0.7575309846984751
1.718448018212432e7	0.7569517194628879
1.7625518524081785e7	0.7563736452433226
1.8077876080645405e7	0.7557967580568401
1.8541843358574133e7	0.755221053938938
1.9017718320460353e7	0.7546465289434413
1.950580657608271e7	0.754073179142395
2.0006421578671344e7	0.753501000625956
2.05198848262091e7	0.7529299895022864
2.1046526067899004e7	0.7523601418974482
2.1586683515932053e7	0.7517914539552976
2.214070406268858e7	0.751223921837381
2.2708943503514934e7	0.7506575417228311
2.3291766765216757e7	0.7500923098082647
2.3889548140418142e7	0.7495282223076796
2.4502671527933996e7	0.7489652754523535
2.5131530679312505e7	0.7484034654907438
2.577652945170406e7	0.747842788688387
2.6438082067221813e7	0.7472832413277997
2.7116613378956933e7	0.7467248197083799
2.7812559143822175e7	0.7461675201463089
2.852636630239687e7	0.7456113389744552
2.9258493265955992e7	0.7450562725422764
3.0009410210863877e7	0.7445023172157241
3.077959938052478e7	0.7439494693771493
3.1569555395081613e7	0.7433977254252072
3.237978556906526e7	0.7428470817747633
3.3210810237194236e7	0.7422975348568008
3.406316308853721e7	0.7417490811183273
3.4937391509250365e7	0.7412017170222841
3.583405693411362e7	0.7406554390474538
3.675373520708639e7	0.74011024368837
3.769701695111863e7	0.739566127455228
3.866450794745138e7	0.7390230868737945
3.965682952465473e7	0.7384811184853197
4.067461895764773e7	0.7379402188464486
4.1718529876960754e7	0.7374003845291334
4.278923268849981e7	0.7368616121205477
4.3887415004087046e7	0.736323898222999
4.5013782083048e7	0.7357872394538433
4.616905728513407e7	0.7352516324454001
4.7353982535067216e7	0.7347170738448686
4.856931879901042e7	0.7341835603142423
4.9815846573263474e7	0.7336510885302266
5.109436638550314e7	0.7331196551841558
5.24056993088854e7	0.7325892569819114
5.375068748934576e7	0.732059890643839
5.5130194686429396e7	0.7315315529046685
5.654510682800164e7	0.7310042405134338
5.799633257919843e7	0.7304779502333911
5.948480392597509e7	0.729952678841941
6.101147677363415e7	0.7294284231305492
6.2577331560711786e7	0.7289051799046676
6.418337388862392e7	0.7283829459836573
6.5830635167467885e7	0.7278617182007102
6.752017327840108e7	0.7273414934027732
6.925307325301675e7	0.7268222684504715
7.103044797016072e7	0.7263040402180326
7.285343887062702e7	0.7257868055932116
7.472321669019899e7	0.7252705614772158
7.664098221150087e7	0.724755304784631
7.860796703515086e7	0.7242410324433474
8.062543437070015e7	0.7237277413944864
8.269467984787515e7	0.7232154285923278
8.481703234863621e7	0.7227040910042383
8.699385486059718e7	0.722193725610598
8.922654535234198e7	0.7216843294047308
9.151653767120981e7	0.7211758993928326
9.386530246411778e7	0.7206684325939011
9.627434812202333e7	0.7201619260396661
9.874522174861935e7	0.7196563767745201
1.0127951015389496e8	0.7191517818554486
1.0387884087319149e8	0.718648138351963
1.0654488321241996e8	0.7181454433460306
1.0927934932009646e8	0.7176436939320089